date,failure,Smart 194: Temperature_Celsius (Raw Value),Smart 8: Seek_Time_Performance (Raw Value),Smart 1: Raw_Read_Error_Rate (Raw Value),Smart 12: Power_Cycle_Count (Raw Value),Smart 4: Start_Stop_Count (Raw Value),Smart 10: Spin_Retry_Count (Raw Value),Smart 192: Power-Off_Retract_Count (Raw Value),Smart 9: Power_On_Hours (Raw Value),Smart 2: Throughput_Performance (Raw Value),Smart 7: Seek_Error_Rate (Raw Value),Smart 193: Load_Cycle_Count (Raw Value),Smart 3: Spin_Up_Time (Raw Value),Smart 5: Reallocated_Sector_Ct (Raw Value),Smart 197: Current_Pending_Sector (Raw Value),Smart 198: Offline_Uncorrectable (Raw Value),Smart 199: UDMA_CRC_Error_Count (Raw Value),Smart 196: Reallocated_Event_Count (Raw Value),op_fail_30,op_fail_15,op_fail_1
2013-04-10,0,24,,1,,,,,11491,,,,,0,0,,,,False,False,False
2013-04-11,0,24,,0,,,,,11514,,,,,0,0,,,,False,False,False
2013-04-12,0,24,,0,,,,,11539,,,,,0,0,,,,False,False,False
2013-04-13,0,24,,0,,,,,11563,,,,,0,0,,,,False,False,False
2013-04-14,0,24,,0,,,,,11587,,,,,0,0,,,,False,False,False
2013-04-15,0,24,,0,,,,,11611,,,,,0,0,,,,False,False,False
2013-04-16,0,24,,0,,,,,11635,,,,,0,0,,,,False,False,False
2013-04-17,0,24,,0,,,,,11659,,,,,0,0,,,,False,False,False
2013-04-18,0,24,,0,,,,,11683,,,,,0,0,,,,False,False,False
2013-04-19,0,24,,65536,,,,,11707,,,,,0,0,,,,False,False,False
2013-04-20,0,24,,0,,,,,11731,,,,,0,0,,,,False,False,False
2013-04-21,0,23,,0,,,,,11755,,,,,0,0,,,,False,False,False
2013-04-22,0,23,,0,,,,,11779,,,,,0,0,,,,False,False,False
2013-04-23,0,24,,0,,,,,11802,,,,,0,0,,,,False,False,False
2013-04-24,0,26,,0,,,,,11821,,,,,0,0,,,,False,False,False
2013-04-25,0,26,,0,,,,,11845,,,,,0,0,,,,False,False,False
2013-04-26,0,26,,0,,,,,11869,,,,,0,0,,,,False,False,False
2013-04-27,0,26,,0,,,,,11893,,,,,0,0,,,,False,False,False
2013-04-28,0,26,,1,,,,,11917,,,,,0,0,,,,False,False,False
2013-04-29,0,26,,0,,,,,11941,,,,,0,0,,,,False,False,False
2013-04-30,0,22,,0,,,,,11965,,,,,0,0,,,,False,False,False
2013-05-01,0,22,,0,,,,,11989,,,,,0,0,,,,False,False,False
2013-05-02,0,26,,0,,,,,12013,,,,,0,0,,,,False,False,False
2013-05-03,0,26,,0,,,,,12037,,,,,0,0,,,,False,False,False
2013-05-04,0,26,,0,,,,,12061,,,,,0,0,,,,False,False,False
2013-05-05,0,26,,0,,,,,12085,,,,,0,0,,,,False,False,False
2013-05-06,0,26,,0,,,,,12109,,,,,0,0,,,,False,False,False
2013-05-07,0,26,,65537,,,,,12133,,,,,0,0,,,,False,False,False
2013-05-08,0,24,,0,,,,,12157,,,,,0,0,,,,False,False,False
2013-05-09,0,24,,0,,,,,12181,,,,,0,0,,,,False,False,False
2013-05-10,0,24,,0,,,,,12205,,,,,0,0,,,,False,False,False
2013-05-11,0,24,,0,,,,,12229,,,,,0,0,,,,False,False,False
2013-05-12,0,24,,0,,,,,12254,,,,,0,0,,,,False,False,False
2013-05-13,0,24,,0,,,,,12277,,,,,0,0,,,,False,False,False
2013-05-14,0,24,,65536,,,,,12301,,,,,0,0,,,,False,False,False
2013-05-15,0,24,,0,,,,,12325,,,,,0,0,,,,False,False,False
2013-05-16,0,24,,65536,,,,,12349,,,,,0,0,,,,False,False,False
2013-05-17,0,22,,65536,,,,,12373,,,,,0,0,,,,False,False,False
2013-05-18,0,23,,0,,,,,12397,,,,,0,0,,,,False,False,False
2013-05-19,0,23,,0,,,,,12421,,,,,0,0,,,,False,False,False
2013-05-20,0,22,,0,,,,,12445,,,,,0,0,,,,False,False,False
2013-05-21,0,22,,65536,,,,,12469,,,,,0,0,,,,False,False,False
2013-05-22,0,22,,0,,,,,12493,,,,,0,0,,,,False,False,False
2013-05-23,0,20,,0,,,,,12517,,,,,0,0,,,,False,False,False
2013-05-24,0,22,,0,,,,,12541,,,,,0,0,,,,False,False,False
2013-05-25,0,23,,0,,,,,12565,,,,,0,0,,,,False,False,False
2013-05-26,0,22,,0,,,,,12589,,,,,0,0,,,,False,False,False
2013-05-27,0,22,,0,,,,,12613,,,,,0,0,,,,False,False,False
2013-05-28,0,22,,0,,,,,12637,,,,,0,0,,,,False,False,False
2013-05-29,0,22,,0,,,,,12662,,,,,0,0,,,,False,False,False
2013-05-30,0,22,,0,,,,,12685,,,,,0,0,,,,False,False,False
2013-05-31,0,22,,65536,,,,,12709,,,,,0,0,,,,False,False,False
2013-06-01,0,22,,0,,,,,12733,,,,,0,0,,,,False,False,False
2013-06-02,0,22,,65536,,,,,12757,,,,,0,0,,,,False,False,False
2013-06-03,0,21,,0,,,,,12782,,,,,0,0,,,,False,False,False
2013-06-04,0,21,,0,,,,,12805,,,,,0,0,,,,False,False,False
2013-06-05,0,21,,0,,,,,12829,,,,,0,0,,,,False,False,False
2013-06-06,0,28,,65536,,,,,12853,,,,,0,0,,,,False,False,False
2013-06-07,0,25,,0,,,,,12877,,,,,0,0,,,,False,False,False
2013-06-08,0,25,,0,,,,,12901,,,,,0,0,,,,False,False,False
2013-06-09,0,25,,0,,,,,12925,,,,,0,0,,,,False,False,False
2013-06-10,0,25,,0,,,,,12949,,,,,0,0,,,,False,False,False
2013-06-11,0,25,,0,,,,,12973,,,,,0,0,,,,False,False,False
2013-06-12,0,22,,0,,,,,12997,,,,,0,0,,,,False,False,False
2013-06-13,0,22,,1,,,,,13021,,,,,0,0,,,,False,False,False
2013-06-14,0,22,,0,,,,,13045,,,,,0,0,,,,False,False,False
2013-06-15,0,22,,0,,,,,13069,,,,,0,0,,,,False,False,False
2013-06-16,0,22,,0,,,,,13093,,,,,0,0,,,,False,False,False
2013-06-17,0,25,,0,,,,,13117,,,,,0,0,,,,False,False,False
2013-06-18,0,25,,0,,,,,13141,,,,,0,0,,,,False,False,False
2013-06-19,0,26,,65537,,,,,13165,,,,,0,0,,,,False,False,False
2013-06-20,0,26,,0,,,,,13189,,,,,0,0,,,,False,False,False
2013-06-21,0,25,,0,,,,,13213,,,,,0,0,,,,False,False,False
2013-06-22,0,25,,65536,,,,,13237,,,,,0,0,,,,False,False,False
2013-06-23,0,22,,0,,,,,13261,,,,,0,0,,,,False,False,False
2013-06-24,0,22,,65536,,,,,13285,,,,,0,0,,,,False,False,False
2013-06-25,0,22,,0,,,,,13309,,,,,0,0,,,,False,False,False
2013-06-26,0,22,,0,,,,,13333,,,,,0,0,,,,False,False,False
2013-06-27,0,22,,0,,,,,13358,,,,,0,0,,,,False,False,False
2013-06-28,0,22,,1,,,,,13381,,,,,0,0,,,,False,False,False
2013-06-29,0,22,,0,,,,,13405,,,,,0,0,,,,False,False,False
2013-06-30,0,22,,1,,,,,13429,,,,,0,0,,,,False,False,False
2013-07-01,0,22,,65536,,,,,13453,,,,,0,0,,,,False,False,False
2013-07-02,0,22,,0,,,,,13477,,,,,0,0,,,,False,False,False
2013-07-03,0,22,,0,,,,,13502,,,,,0,0,,,,False,False,False
2013-07-04,0,22,,0,,,,,13525,,,,,0,0,,,,False,False,False
2013-07-05,0,22,,0,,,,,13549,,,,,0,0,,,,False,False,False
2013-07-06,0,22,,0,,,,,13573,,,,,0,0,,,,False,False,False
2013-07-07,0,22,,0,,,,,13597,,,,,0,0,,,,False,False,False
2013-07-08,0,22,,65536,,,,,13622,,,,,0,0,,,,False,False,False
2013-07-09,0,22,,131072,,,,,13645,,,,,0,0,,,,False,False,False
2013-07-10,0,22,,0,,,,,13669,,,,,0,0,,,,False,False,False
2013-07-11,0,22,,65537,,,,,13693,,,,,0,0,,,,False,False,False
2013-07-12,0,22,,0,,,,,13717,,,,,0,0,,,,False,False,False
2013-07-13,0,22,,0,,,,,13741,,,,,0,0,,,,False,False,False
2013-07-14,0,22,,0,,,,,13765,,,,,0,0,,,,False,False,False
2013-07-15,0,22,,65536,,,,,13789,,,,,0,0,,,,False,False,False
2013-07-16,0,22,,0,,,,,13813,,,,,0,0,,,,False,False,False
2013-07-17,0,22,,0,,,,,13837,,,,,0,0,,,,False,False,False
2013-07-18,0,27,,0,,,,,13861,,,,,0,0,,,,False,False,False
2013-07-19,0,22,,65536,,,,,13885,,,,,0,0,,,,False,False,False
2013-07-20,0,22,,0,,,,,13909,,,,,0,0,,,,False,False,False
2013-07-21,0,22,,1,,,,,13934,,,,,0,0,,,,False,False,False
2013-07-22,0,22,,0,,,,,13957,,,,,0,0,,,,False,False,False
2013-07-23,0,22,,1,,,,,13982,,,,,0,0,,,,False,False,False
2013-07-24,0,21,,131072,,,,,14006,,,,,0,0,,,,False,False,False
2013-07-25,0,22,,0,,,,,14030,,,,,0,0,,,,False,False,False
2013-07-26,0,21,,1,,,,,14053,,,,,0,0,,,,False,False,False
2013-07-27,0,21,,0,,,,,14077,,,,,0,0,,,,False,False,False
2013-07-28,0,21,,65537,,,,,14101,,,,,0,0,,,,False,False,False
2013-07-29,0,21,,0,,,,,14125,,,,,0,0,,,,False,False,False
2013-07-30,0,22,,1,,,,,14149,,,,,0,0,,,,False,False,False
2013-07-31,0,22,,0,,,,,14173,,,,,0,0,,,,False,False,False
2013-08-01,0,21,,0,,,,,14197,,,,,0,0,,,,False,False,False
2013-08-02,0,22,,1,,,,,14221,,,,,0,0,,,,False,False,False
2013-08-03,0,21,,0,,,,,14245,,,,,0,0,,,,False,False,False
2013-08-04,0,21,,0,,,,,14269,,,,,0,0,,,,False,False,False
2013-08-05,0,21,,0,,,,,14294,,,,,0,0,,,,False,False,False
2013-08-06,0,21,,0,,,,,14317,,,,,0,0,,,,False,False,False
2013-08-07,0,22,,0,,,,,14341,,,,,0,0,,,,False,False,False
2013-08-08,0,22,,1,,,,,14366,,,,,0,0,,,,False,False,False
2013-08-09,0,22,,1,,,,,14390,,,,,0,0,,,,False,False,False
2013-08-10,0,22,,0,,,,,14413,,,,,0,0,,,,False,False,False
2013-08-11,0,22,,0,,,,,14437,,,,,0,0,,,,False,False,False
2013-08-12,0,22,,0,,,,,14461,,,,,0,0,,,,False,False,False
2013-08-13,0,21,,0,,,,,14485,,,,,0,0,,,,False,False,False
2013-08-14,0,21,,0,,,,,14510,,,,,0,0,,,,False,False,False
2013-08-15,0,22,,1,,,,,14533,,,,,0,0,,,,False,False,False
2013-08-16,0,22,,1,,,,,14558,,,,,0,0,,,,False,False,False
2013-08-17,0,22,,0,,,,,14582,,,,,0,0,,,,False,False,False
2013-08-18,0,22,,0,,,,,14606,,,,,0,0,,,,False,False,False
2013-08-19,0,21,,0,,,,,14630,,,,,0,0,,,,False,False,False
2013-10-15,0,23,,0,,,,,15998,,,,,0,0,,,,False,False,False
2013-10-16,0,23,,65536,,,,,16021,,,,,0,0,,,,False,False,False
2013-10-17,0,23,,0,,,,,16045,,,,,0,0,,,,False,False,False
2013-10-18,0,23,,0,,,,,16070,,,,,0,0,,,,False,False,False
2013-10-19,0,23,,1,,,,,16094,,,,,0,0,,,,False,False,False
2013-10-20,0,23,,0,,,,,16118,,,,,0,0,,,,False,False,False
2013-10-21,0,23,,0,,,,,16141,,,,,0,0,,,,False,False,False
2013-10-22,0,23,,0,,,,,16166,,,,,0,0,,,,False,False,False
2013-10-23,0,23,,0,,,,,16190,,,,,0,0,,,,False,False,False
2013-10-24,0,23,,0,,,,,16214,,,,,0,0,,,,False,False,False
2013-10-25,0,23,,0,,,,,16231,,,,,0,0,,,,False,False,False
2013-10-26,0,23,,65536,,,,,16255,,,,,0,0,,,,False,False,False
2013-10-27,0,23,,0,,,,,16279,,,,,0,0,,,,False,False,False
2013-10-28,0,23,,1,,,,,16303,,,,,0,0,,,,False,False,False
2013-10-29,0,23,,0,,,,,16327,,,,,0,0,,,,False,False,False
2013-10-30,0,23,,0,,,,,16351,,,,,0,0,,,,False,False,False
2013-10-31,0,23,,0,,,,,16375,,,,,0,0,,,,False,False,False
2013-11-01,0,23,,1,,,,,16399,,,,,0,0,,,,False,False,False
2013-11-02,0,23,,0,,,,,16423,,,,,0,0,,,,False,False,False
2013-11-03,0,23,,0,,,,,16447,,,,,0,0,,,,False,False,False
2013-11-04,0,21,,1,,,,,16472,,,,,0,0,,,,False,False,False
2013-11-05,0,23,,131072,,,,,16496,,,,,0,0,,,,False,False,False
2013-11-06,0,23,,0,,,,,16520,,,,,0,0,,,,False,False,False
2013-11-07,0,23,,0,,,,,16544,,,,,0,0,,,,False,False,False
2013-11-08,0,22,,2,,,,,16568,,,,,0,0,,,,False,False,False
2013-11-09,0,22,,65536,,,,,16591,,,,,0,0,,,,False,False,False
2013-11-10,0,22,,0,,,,,16615,,,,,0,0,,,,False,False,False
2013-11-11,0,22,,0,,,,,16639,,,,,0,0,,,,False,False,False
2013-11-12,0,21,,196608,,,,,16663,,,,,0,0,,,,False,False,False
2013-11-13,0,23,,65536,,,,,16687,,,,,0,0,,,,False,False,False
2013-11-14,0,23,,0,,,,,16712,,,,,0,0,,,,False,False,False
2013-11-15,0,23,,1,,,,,16735,,,,,0,0,,,,False,False,False
2013-11-16,0,21,,65536,,,,,16760,,,,,0,0,,,,False,False,False
2013-11-17,0,23,,1,,,,,16783,,,,,0,0,,,,False,False,False
2013-11-18,0,26,,0,,,,,16808,,,,,0,0,,,,False,False,False
2013-11-19,0,23,,0,,,,,16831,,,,,0,0,,,,False,False,False
2013-11-20,0,23,,0,,,,,16856,,,,,0,0,,,,False,False,False
2013-11-21,0,23,,1,,,,,16876,,,,,0,0,,,,False,False,False
2013-11-22,0,23,,0,,,,,16900,,,,,0,0,,,,False,False,False
2013-11-23,0,22,,0,,,,,16924,,,,,0,0,,,,False,False,False
2013-11-24,0,21,,0,,,,,16948,,,,,0,0,,,,False,False,False
2013-11-25,0,22,,0,,,,,16972,,,,,0,0,,,,False,False,False
2013-11-26,0,24,,0,,,,,16996,,,,,0,0,,,,False,False,False
2013-11-27,0,23,,65536,,,,,17020,,,,,0,0,,,,False,False,False
2013-11-28,0,23,,0,,,,,17044,,,,,0,0,,,,False,False,False
2013-11-29,0,23,,0,,,,,17068,,,,,0,0,,,,False,False,False
2013-11-30,0,23,,1,,,,,17092,,,,,0,0,,,,False,False,False
2013-12-01,0,22,,0,,,,,17116,,,,,0,0,,,,False,False,False
2013-12-02,0,22,,2,,,,,17140,,,,,0,0,,,,False,False,False
2013-12-03,0,24,,0,,,,,17164,,,,,0,0,,,,False,False,False
2013-12-04,0,22,,0,,,,,17188,,,,,0,0,,,,False,False,False
2013-12-05,0,21,,65536,,,,,17212,,,,,0,0,,,,False,False,False
2013-12-06,0,21,,0,,,,,17236,,,,,0,0,,,,False,False,False
2013-12-07,0,21,,196608,,,,,17260,,,,,0,0,,,,False,False,False
2013-12-08,0,20,,0,,,,,17284,,,,,0,0,,,,False,False,False
2013-12-09,0,20,,0,,,,,17308,,,,,0,0,,,,False,False,False
2013-12-10,0,21,,0,,,,,17332,,,,,0,0,,,,False,False,False
2013-12-11,0,20,,131072,,,,,17356,,,,,0,0,,,,False,False,False
2013-12-12,0,20,,0,,,,,17380,,,,,0,0,,,,False,False,False
2013-12-13,0,19,,0,,,,,17404,,,,,0,0,,,,False,False,False
2013-12-14,0,20,,0,,,,,17428,,,,,0,0,,,,False,False,False
2013-12-15,0,20,,0,,,,,17452,,,,,0,0,,,,False,False,False
2013-12-16,0,19,,0,,,,,17476,,,,,0,0,,,,False,False,False
2013-12-17,0,20,,0,,,,,17500,,,,,0,0,,,,False,False,False
2013-12-18,0,20,,0,,,,,17522,,,,,0,0,,,,False,False,False
2013-12-19,0,21,,131072,,,,,17546,,,,,0,0,,,,False,False,False
2013-12-20,0,20,,3,,,,,17570,,,,,0,0,,,,False,False,False
2013-12-21,0,19,,65536,,,,,17594,,,,,0,0,,,,False,False,False
2013-12-22,0,20,,196609,,,,,17618,,,,,0,0,,,,False,False,False
2013-12-23,0,20,,131073,,,,,17642,,,,,0,0,,,,False,False,False
2013-12-24,0,20,,65536,,,,,17666,,,,,0,0,,,,False,False,False
2013-12-25,0,21,,0,,,,,17690,,,,,0,0,,,,False,False,False
2013-12-26,0,22,,0,,,,,17714,,,,,0,0,,,,False,False,False
2013-12-27,0,21,,0,,,,,17738,,,,,0,0,,,,False,False,False
2013-12-28,0,20,,0,,,,,17762,,,,,0,0,,,,False,False,False
2013-12-29,0,20,,0,,,,,17786,,,,,0,0,,,,False,False,False
2013-12-30,0,20,,0,,,,,17810,,,,,0,0,,,,False,False,False
2013-12-31,0,20,,65536,,,,,17834,,,,,0,0,,,,False,False,False
2014-01-01,0,19,,0,,,,,17858,,,,,0,0,,,,False,False,False
2014-01-02,0,20,,0,,,,,17882,,,,,0,0,,,,False,False,False
2014-01-03,0,20,,0,,,,,17906,,,,,0,0,,,,False,False,False
2014-01-04,0,20,,65537,,,,,17930,,,,,0,0,,,,False,False,False
2014-01-05,0,20,,0,,,,,17954,,,,,0,0,,,,False,False,False
2014-01-06,0,20,,65536,,,,,17978,,,,,0,0,,,,False,False,False
2014-01-07,0,20,,0,,,,,18002,,,,,0,0,,,,False,False,False
2014-01-08,0,20,,2,,,,,18026,,,,,0,0,,,,False,False,False
2014-01-09,0,20,,131072,,,,,18050,,,,,0,0,,,,False,False,False
2014-01-10,0,21,,65536,,,,,18074,,,,,0,0,,,,False,False,False
2014-01-11,0,20,,0,,,,,18098,,,,,0,0,,,,False,False,False
2014-01-12,0,25,,131073,,,,,18122,,,,,0,0,,,,False,False,False
2014-01-13,0,20,,0,,,,,18146,,,,,0,0,,,,False,False,False
2014-01-14,0,20,,0,,,,,18170,,,,,0,0,,,,False,False,False
2014-01-15,0,20,,0,,,,,18194,,,,,0,0,,,,False,False,False
2014-01-16,0,20,,0,,,,,18218,,,,,0,0,,,,False,False,False
2014-01-17,0,20,,0,,,,,18242,,,,,0,0,,,,False,False,False
2014-01-18,0,20,,0,,,,,18266,,,,,0,0,,,,False,False,False
2014-01-19,0,20,,0,,,,,18290,,,,,0,0,,,,False,False,False
2014-01-20,0,20,,0,,,,,18314,,,,,0,0,,,,False,False,False
2014-01-21,0,20,,65536,,,,,18338,,,,,0,0,,,,False,False,False
2014-01-22,0,20,,0,,,,,18362,,,,,0,0,,,,False,False,False
2014-01-23,0,20,,131072,,,,,18386,,,,,0,0,,,,False,False,False
2014-01-24,0,20,,0,,,,,18410,,,,,0,0,,,,False,False,False
2014-01-25,0,20,,0,,,,,18434,,,,,0,0,,,,False,False,False
2014-01-26,0,20,,0,,,,,18458,,,,,0,0,,,,False,False,False
2014-01-27,0,20,,0,,,,,18482,,,,,0,0,,,,False,False,False
2014-01-28,0,20,,0,,,,,18506,,,,,0,0,,,,False,False,False
2014-01-29,0,21,,0,,,,,18530,,,,,0,0,,,,False,False,False
2014-01-30,0,22,,0,,,,,18554,,,,,0,0,,,,False,False,False
2014-01-31,0,21,,131072,,,,,18578,,,,,0,0,,,,False,False,False
2014-02-01,0,20,,0,,,,,18602,,,,,0,0,,,,False,False,False
2014-02-02,0,20,,0,,,,,18626,,,,,0,0,,,,False,False,False
2014-02-03,0,21,,0,,,,,18650,,,,,0,0,,,,False,False,False
2014-02-04,0,20,,0,,,,,18674,,,,,0,0,,,,False,False,False
2014-02-05,0,20,,1,,,,,18698,,,,,0,0,,,,False,False,False
2014-02-06,0,21,,2,,,,,18722,,,,,0,0,,,,False,False,False
2014-02-07,0,21,,0,,,,,18746,,,,,0,0,,,,False,False,False
2014-02-08,0,21,,65536,,,,,18770,,,,,0,0,,,,False,False,False
2014-02-09,0,22,,0,,,,,18794,,,,,0,0,,,,False,False,False
2014-02-10,0,22,,0,,,,,18818,,,,,0,0,,,,False,False,False
2014-02-11,0,21,,0,,,,,18842,,,,,0,0,,,,False,False,False
2014-02-12,0,21,,65536,,,,,18866,,,,,0,0,,,,False,False,False
2014-02-13,0,22,,0,,,,,18890,,,,,0,0,,,,False,False,False
2014-02-14,0,22,25,0,18,19,0,20,18914,95,0,20,618,0,0,0,0,0,False,False,False
2014-02-15,0,22,25,0,18,19,0,20,18937,95,0,20,618,0,0,0,0,0,False,False,False
2014-02-16,0,22,25,0,18,19,0,20,18962,95,0,20,618,0,0,0,0,0,False,False,False
2014-02-17,0,21,25,0,18,19,0,20,18986,95,0,20,618,0,0,0,0,0,False,False,False
2014-02-18,0,21,25,196608,18,19,0,20,19009,95,0,20,618,0,0,0,0,0,False,False,False
2014-02-19,0,21,25,1,18,19,0,20,19034,95,0,20,618,0,0,0,0,0,False,False,False
2014-02-20,0,22,25,0,18,19,0,20,19058,95,0,20,618,0,0,0,0,0,False,False,False
2014-02-21,0,21,25,0,18,19,0,20,19081,95,0,20,618,0,0,0,0,0,False,False,False
2014-02-22,0,24,25,0,18,19,0,20,19105,95,0,20,618,0,0,0,0,0,False,False,False
2014-02-23,0,25,25,0,18,19,0,20,19130,95,0,20,618,0,0,0,0,0,False,False,False
2014-02-24,0,21,25,0,18,19,0,20,19153,95,0,20,618,0,0,0,0,0,False,False,False
2014-02-25,0,20,25,0,18,19,0,20,19178,95,0,20,618,0,0,0,0,0,False,False,False
2014-02-26,0,21,25,0,18,19,0,20,19202,95,0,20,618,0,0,0,0,0,False,False,False
2014-02-27,0,23,25,0,18,19,0,20,19226,95,0,20,618,0,0,0,0,0,False,False,False
2014-02-28,0,22,26,1,19,20,0,21,19249,95,0,21,620,0,0,0,0,0,False,False,False
2014-03-01,0,21,26,0,19,20,0,21,19273,95,0,21,620,0,0,0,0,0,False,False,False
2014-03-02,0,21,26,0,19,20,0,21,19297,95,0,21,620,0,0,0,0,0,False,False,False
2014-03-03,0,22,26,65536,19,20,0,21,19321,95,0,21,620,0,0,0,0,0,False,False,False
2014-03-04,0,22,26,0,19,20,0,21,19345,95,0,21,620,0,0,0,0,0,False,False,False
2014-03-05,0,22,26,0,19,20,0,21,19369,95,0,21,620,0,0,0,0,0,False,False,False
2014-03-06,0,23,26,1,19,20,0,21,19393,95,0,21,620,0,0,0,0,0,False,False,False
2014-03-07,0,22,26,2,19,20,0,21,19417,95,0,21,620,0,0,0,0,0,False,False,False
2014-03-08,0,22,26,65536,19,20,0,21,19441,95,0,21,620,0,0,0,0,0,False,False,False
2014-03-09,0,22,26,0,19,20,0,21,19465,95,0,21,620,0,0,0,0,0,False,False,False
2014-03-10,0,22,26,0,19,20,0,21,19489,95,0,21,620,0,0,0,0,0,False,False,False
2014-03-11,0,23,26,65537,19,20,0,21,19512,95,0,21,620,0,0,0,0,0,False,False,False
2014-03-12,0,21,26,1,19,20,0,21,19536,95,0,21,620,0,0,0,0,0,False,False,False
2014-03-13,0,22,26,0,19,20,0,21,19560,95,0,21,620,0,0,0,0,0,False,False,False
2014-03-14,0,22,26,0,19,20,0,21,19584,95,0,21,620,0,0,0,0,0,False,False,False
2014-03-15,0,22,26,0,19,20,0,21,19608,95,0,21,620,0,0,0,0,0,False,False,False
2014-03-16,0,22,26,1,19,20,0,21,19632,95,0,21,620,0,0,0,0,0,False,False,False
2014-03-17,0,22,26,0,19,20,0,21,19656,95,0,21,620,0,0,0,0,0,False,False,False
2014-03-18,0,22,26,0,19,20,0,21,19680,95,0,21,620,0,0,0,0,0,False,False,False
2014-03-19,0,22,26,0,19,20,0,21,19704,95,0,21,620,0,0,0,0,0,False,False,False
2014-03-20,0,22,26,1,19,20,0,21,19728,95,0,21,620,0,0,0,0,0,False,False,False
2014-03-21,0,22,26,1,19,20,0,21,19752,95,0,21,620,0,0,0,0,0,False,False,False
2014-03-22,0,23,26,65536,19,20,0,21,19776,95,0,21,620,0,0,0,0,0,False,False,False
2014-03-23,0,22,26,65536,19,20,0,21,19800,95,0,21,620,0,0,0,0,0,False,False,False
2014-03-24,0,22,26,0,19,20,0,21,19824,95,0,21,620,0,0,0,0,0,False,False,False
2014-03-25,0,23,26,2,19,20,0,21,19848,95,0,21,620,0,0,0,0,0,False,False,False
2014-03-26,0,22,26,0,19,20,0,21,19872,95,0,21,620,0,0,0,0,0,False,False,False
2014-03-27,0,22,26,0,19,20,0,21,19897,95,0,21,620,0,0,0,0,0,False,False,False
2014-03-28,0,22,26,0,19,20,0,21,19920,95,0,21,620,0,0,0,0,0,False,False,False
2014-03-29,0,22,26,0,19,20,0,21,19944,95,0,21,620,0,0,0,0,0,False,False,False
2014-03-30,0,22,26,0,19,20,0,21,19968,95,0,21,620,0,0,0,0,0,False,False,False
2014-03-31,0,22,26,0,19,20,0,21,19992,95,0,21,620,0,0,0,0,0,False,False,False
2014-04-01,0,22,26,0,19,20,0,21,20016,95,0,21,620,0,0,0,0,0,False,False,False
2014-04-02,0,21,26,0,19,20,0,21,20040,95,0,21,620,0,0,0,0,0,False,False,False
2014-04-03,0,21,26,0,19,20,0,21,20064,95,0,21,620,0,0,0,0,0,False,False,False
2014-04-04,0,22,26,0,19,20,0,21,20088,95,0,21,620,0,0,0,0,0,False,False,False
2014-04-05,0,22,26,0,19,20,0,21,20112,95,0,21,620,0,0,0,0,0,False,False,False
2014-04-06,0,22,26,0,19,20,0,21,20136,95,0,21,620,0,0,0,0,0,False,False,False
2014-04-07,0,23,26,1,19,20,0,21,20160,95,0,21,620,0,0,0,0,0,False,False,False
2014-04-08,0,23,26,2,19,20,0,21,20184,95,0,21,620,0,0,0,0,0,False,False,False
2014-04-09,0,23,26,0,19,20,0,21,20208,95,0,21,620,0,0,0,0,0,False,False,False
2014-04-10,0,23,26,0,19,20,0,21,20232,95,0,21,620,0,0,0,0,0,False,False,False
2014-04-11,0,23,26,2,19,20,0,21,20256,95,0,21,620,0,0,0,0,0,False,False,False
2014-04-12,0,23,26,1,19,20,0,21,20280,95,0,21,620,0,0,0,0,0,False,False,False
2014-04-13,0,23,26,1,19,20,0,21,20304,95,0,21,620,0,0,0,0,0,False,False,False
2014-04-14,0,22,26,0,19,20,0,21,20328,95,0,21,620,0,0,0,0,0,False,False,False
2014-04-15,0,23,26,0,19,20,0,21,20352,95,0,21,620,0,0,0,0,0,False,False,False
2014-04-16,0,23,26,0,19,20,0,21,20376,95,0,21,620,0,0,0,0,0,False,False,False
2014-04-17,0,23,26,0,19,20,0,21,20400,95,0,21,620,0,0,0,0,0,False,False,False
2014-04-18,0,23,26,0,19,20,0,21,20424,95,0,21,620,0,0,0,0,0,False,False,False
2014-04-19,0,23,26,1,19,20,0,21,20448,95,0,21,620,0,0,0,0,0,False,False,False
2014-04-20,0,23,26,65536,19,20,0,21,20472,95,0,21,620,0,0,0,0,0,False,False,False
2014-04-21,0,23,26,0,19,20,0,21,20496,95,0,21,620,0,0,0,0,0,False,False,False
2014-04-22,0,23,26,0,19,20,0,21,20520,95,0,21,620,0,0,0,0,0,False,False,False
2014-04-23,0,22,26,0,19,20,0,21,20544,95,0,21,620,0,0,0,0,0,False,False,False
2014-04-24,0,23,26,131072,19,20,0,21,20568,95,0,21,620,0,0,0,0,0,False,False,False
2014-04-25,0,23,26,65536,19,20,0,21,20592,95,0,21,620,0,0,0,0,0,False,False,False
2014-04-26,0,22,26,0,19,20,0,21,20616,95,0,21,620,0,0,0,0,0,False,False,False
2014-04-27,0,23,26,196608,19,20,0,21,20640,95,0,21,620,0,0,0,0,0,False,False,False
2014-04-28,0,23,26,0,19,20,0,21,20664,95,0,21,620,0,0,0,0,0,False,False,False
2014-04-29,0,22,26,0,19,20,0,21,20688,95,0,21,620,0,0,0,0,0,False,False,False
2014-04-30,0,24,26,65536,19,20,0,21,20712,95,0,21,620,0,0,0,0,0,False,False,False
2014-05-01,0,23,26,0,19,20,0,21,20736,95,0,21,620,0,0,0,0,0,False,False,False
2014-05-02,0,23,26,0,19,20,0,21,20760,95,0,21,620,0,0,0,0,0,False,False,False
2014-05-03,0,23,26,0,19,20,0,21,20784,95,0,21,620,0,0,0,0,0,False,False,False
2014-05-04,0,23,26,1,19,20,0,21,20808,95,0,21,620,0,0,0,0,0,False,False,False
2014-05-05,0,23,26,0,19,20,0,21,20832,95,0,21,620,0,0,0,0,0,False,False,False
2014-05-06,0,23,26,0,19,20,0,21,20856,95,0,21,620,0,0,0,0,0,False,False,False
2014-05-07,0,23,26,65538,19,20,0,21,20880,95,0,21,620,0,0,0,0,0,False,False,False
2014-05-08,0,22,26,0,19,20,0,21,20904,95,0,21,620,0,0,0,0,0,False,False,False
2014-05-09,0,23,26,1,19,20,0,21,20928,95,0,21,620,0,0,0,0,0,False,False,False
2014-05-10,0,22,26,0,19,20,0,21,20952,95,0,21,620,0,0,0,0,0,False,False,False
2014-05-11,0,22,26,0,19,20,0,21,20976,95,0,21,620,0,0,0,0,0,False,False,False
2014-05-12,0,22,26,0,19,20,0,21,21000,95,0,21,620,0,0,0,0,0,False,False,False
2014-05-13,0,23,26,131072,19,20,0,21,21024,95,0,21,620,0,0,0,0,0,False,False,False
2014-05-14,0,23,26,0,19,20,0,21,21048,95,0,21,620,0,0,0,0,0,False,False,False
2014-05-15,0,23,26,65536,19,20,0,21,21072,95,0,21,620,0,0,0,0,0,False,False,False
2014-05-16,0,23,26,0,19,20,0,21,21096,95,0,21,620,0,0,0,0,0,False,False,False
2014-05-17,0,23,26,0,19,20,0,21,21120,95,0,21,620,0,0,0,0,0,False,False,False
2014-05-18,0,23,26,0,19,20,0,21,21144,95,0,21,620,0,0,0,0,0,False,False,False
2014-05-19,0,23,26,65537,19,20,0,21,21168,95,0,21,620,0,0,0,0,0,False,False,False
2014-05-20,0,23,26,1,19,20,0,21,21192,95,0,21,620,0,0,0,0,0,False,False,False
2014-05-21,0,23,26,0,19,20,0,21,21216,95,0,21,620,0,0,0,0,0,False,False,False
2014-05-22,0,23,26,0,19,20,0,21,21240,95,0,21,620,0,0,0,0,0,False,False,False
2014-05-23,0,23,26,0,19,20,0,21,21264,95,0,21,620,0,0,0,0,0,False,False,False
2014-05-24,0,23,26,65538,19,20,0,21,21288,95,0,21,620,0,0,0,0,0,False,False,False
2014-05-25,0,23,26,0,19,20,0,21,21312,95,0,21,620,0,0,0,0,0,False,False,False
2014-05-26,0,23,26,0,19,20,0,21,21336,95,0,21,620,0,0,0,0,0,False,False,False
2014-05-27,0,23,26,0,19,20,0,21,21360,95,0,21,620,0,0,0,0,0,False,False,False
2014-05-28,0,22,26,0,19,20,0,21,21384,95,0,21,620,0,0,0,0,0,False,False,False
2014-05-29,0,21,26,0,19,20,0,21,21408,95,0,21,620,0,0,0,0,0,False,False,False
2014-05-30,0,21,26,2,19,20,0,21,21432,95,0,21,620,0,0,0,0,0,False,False,False
2014-05-31,0,21,26,1,19,20,0,21,21456,95,0,21,620,0,0,0,0,0,False,False,False
2014-06-01,0,22,26,0,19,20,0,21,21481,95,0,21,620,0,0,0,0,0,False,False,False
2014-06-02,0,22,26,1,19,20,0,21,21504,95,0,21,620,0,0,0,0,0,False,False,False
2014-06-03,0,22,26,65537,19,20,0,21,21528,95,0,21,620,0,0,0,0,0,False,False,False
2014-06-04,0,22,26,0,19,20,0,21,21552,95,0,21,620,0,0,0,0,0,False,False,False
2014-06-05,0,22,26,0,19,20,0,21,21576,95,0,21,620,0,0,0,0,0,False,False,False
2014-06-06,0,22,26,0,19,20,0,21,21600,95,0,21,620,0,0,0,0,0,False,False,False
2014-06-07,0,22,26,1,19,20,0,21,21624,95,0,21,620,0,0,0,0,0,False,False,False
2014-06-08,0,22,26,1,19,20,0,21,21648,95,0,21,620,0,0,0,0,0,False,False,False
2014-06-09,0,22,26,0,19,20,0,21,21672,95,0,21,620,0,0,0,0,0,False,False,False
2014-06-10,0,22,26,65536,19,20,0,21,21696,95,0,21,620,0,0,0,0,0,False,False,False
2014-06-11,0,22,26,0,19,20,0,21,21720,95,0,21,620,0,0,0,0,0,False,False,False
2014-06-12,0,22,26,0,19,20,0,21,21744,95,0,21,620,0,0,0,0,0,False,False,False
2014-06-13,0,22,26,65536,19,20,0,21,21768,95,0,21,620,0,0,0,0,0,False,False,False
2014-06-14,0,22,26,0,19,20,0,21,21793,95,0,21,620,0,0,0,0,0,False,False,False
2014-06-15,0,21,26,0,19,20,0,21,21816,95,0,21,620,0,0,0,0,0,False,False,False
2014-06-16,0,22,26,0,19,20,0,21,21840,95,0,21,620,0,0,0,0,0,False,False,False
2014-06-17,0,21,26,1,19,20,0,21,21864,95,0,21,620,0,0,0,0,0,False,False,False
2014-06-18,0,22,26,0,19,20,0,21,21888,95,0,21,620,0,0,0,0,0,False,False,False
2014-06-19,0,22,26,0,19,20,0,21,21912,95,0,21,620,0,0,0,0,0,False,False,False
2014-06-20,0,21,26,0,19,20,0,21,21934,95,0,21,620,0,0,0,0,0,False,False,False
2014-06-23,0,22,26,0,19,20,0,21,22008,95,0,21,620,0,0,0,0,0,False,False,False
2014-06-24,0,22,26,0,19,20,0,21,22032,95,0,21,620,0,0,0,0,0,False,False,False
2014-06-25,0,21,26,0,19,20,0,21,22056,95,0,21,620,0,0,0,0,0,False,False,False
2014-06-26,0,22,26,0,19,20,0,21,22080,95,0,21,620,0,0,0,0,0,False,False,False
2014-06-27,0,22,26,0,19,20,0,21,22104,95,0,21,620,0,0,0,0,0,False,False,False
2014-06-28,0,22,26,0,19,20,0,21,22129,95,0,21,620,0,0,0,0,0,False,False,False
2014-06-29,0,21,26,0,19,20,0,21,22152,95,0,21,620,0,0,0,0,0,False,False,False
2014-06-30,0,22,26,0,19,20,0,21,22176,95,0,21,620,0,0,0,0,0,False,False,False
2014-07-01,0,22,26,0,19,20,0,21,22201,95,0,21,620,0,0,0,0,0,False,False,False
2014-07-02,0,22,26,0,19,20,0,21,22224,95,0,21,620,0,0,0,0,0,False,False,False
2014-07-03,0,22,26,65536,19,20,0,21,22248,95,0,21,620,0,0,0,0,0,False,False,False
2014-07-04,0,22,26,65536,19,20,0,21,22272,95,0,21,620,0,0,0,0,0,False,False,False
2014-07-05,0,22,26,0,19,20,0,21,22296,95,0,21,620,0,0,0,0,0,False,False,False
2014-07-06,0,22,26,0,19,20,0,21,22320,95,0,21,620,0,0,0,0,0,False,False,False
2014-07-07,0,21,26,65536,19,20,0,21,22344,95,0,21,620,0,0,0,0,0,False,False,False
2014-07-08,0,22,26,0,19,20,0,21,22368,95,0,21,620,0,0,0,0,0,False,False,False
2014-07-09,0,22,26,1,19,20,0,21,22392,95,0,21,620,0,0,0,0,0,False,False,False
2014-07-10,0,22,26,1,19,20,0,21,22416,95,0,21,620,0,0,0,0,0,False,False,False
2014-07-11,0,22,26,0,19,20,0,21,22441,95,0,21,620,0,0,0,0,0,False,False,False
2014-07-12,0,22,26,0,19,20,0,21,22464,95,0,21,620,0,0,0,0,0,False,False,False
2014-07-13,0,22,26,0,19,20,0,21,22488,95,0,21,620,0,0,0,0,0,False,False,False
2014-07-14,0,22,26,131072,19,20,0,21,22512,95,0,21,620,0,0,0,0,0,False,False,False
2014-07-15,0,22,26,0,19,20,0,21,22536,95,0,21,620,0,0,0,0,0,False,False,False
2014-07-16,0,22,26,0,19,20,0,21,22560,95,0,21,620,0,0,0,0,0,False,False,False
2014-07-17,0,22,26,2,19,20,0,21,22584,95,0,21,620,0,0,0,0,0,False,False,False
2014-07-18,0,22,26,1,19,20,0,21,22608,95,0,21,620,0,0,0,0,0,False,False,False
2014-07-19,0,22,26,0,19,20,0,21,22632,95,0,21,620,0,0,0,0,0,False,False,False
2014-07-20,0,23,26,0,19,20,0,21,22656,95,0,21,620,0,0,0,0,0,False,False,False
2014-07-21,0,22,26,0,19,20,0,21,22681,95,0,21,620,0,0,0,0,0,False,False,False
2014-07-22,0,22,26,0,19,20,0,21,22704,95,0,21,620,0,0,0,0,0,False,False,False
2014-07-23,0,22,26,0,19,20,0,21,22728,95,0,21,620,0,0,0,0,0,False,False,False
2014-07-24,0,23,26,0,19,20,0,21,22753,95,0,21,620,0,0,0,0,0,False,False,False
2014-07-25,0,23,26,0,19,20,0,21,22776,95,0,21,620,0,0,0,0,0,False,False,False
2014-07-26,0,22,26,0,19,20,0,21,22800,95,0,21,620,0,0,0,0,0,False,False,False
2014-07-27,0,22,26,0,19,20,0,21,22824,95,0,21,620,0,0,0,0,0,False,False,False
2014-07-28,0,23,26,1,19,20,0,21,22848,95,0,21,620,0,0,0,0,0,False,False,False
2014-07-29,0,25,26,65536,19,20,0,21,22872,95,0,21,620,0,0,0,0,0,False,False,False
2014-07-30,0,21,26,0,19,20,0,21,22896,95,0,21,620,0,0,0,0,0,False,False,False
2014-07-31,0,20,26,0,19,20,0,21,22921,95,0,21,620,0,0,0,0,0,False,False,False
2014-08-01,0,21,26,3,19,20,0,21,22944,95,0,21,620,0,0,0,0,0,False,False,False
2014-08-02,0,21,26,0,19,20,0,21,22968,95,0,21,620,0,0,0,0,0,False,False,False
2014-08-03,0,21,26,65537,19,20,0,21,22993,95,0,21,620,0,0,0,0,0,False,False,False
2014-08-04,0,20,26,0,19,20,0,21,23016,95,0,21,620,0,0,0,0,0,False,False,False
2014-08-05,0,21,26,2,19,20,0,21,23040,95,0,21,620,0,0,0,0,0,False,False,False
2014-08-06,0,22,26,131073,19,20,0,21,23064,95,0,21,620,0,0,0,0,0,False,False,False
2014-08-07,0,21,26,1,19,20,0,21,23088,95,0,21,620,0,0,0,0,0,False,False,False
2014-08-08,0,21,26,0,19,20,0,21,23112,95,0,21,620,0,0,0,0,0,False,False,False
2014-08-09,0,21,26,0,19,20,0,21,23136,95,0,21,620,0,0,0,0,0,False,False,False
2014-08-10,0,21,26,0,19,20,0,21,23161,95,0,21,620,0,0,0,0,0,False,False,False
2014-08-11,0,21,26,0,19,20,0,21,23184,95,0,21,620,0,0,0,0,0,False,False,False
2014-08-12,0,21,26,65536,19,20,0,21,23208,95,0,21,620,0,0,0,0,0,False,False,False
2014-08-13,0,21,26,0,19,20,0,21,23233,95,0,21,620,0,0,0,0,0,False,False,False
2014-08-14,0,21,26,0,19,20,0,21,23256,95,0,21,620,0,0,0,0,0,False,False,False
2014-08-15,0,21,26,0,19,20,0,21,23280,95,0,21,620,0,0,0,0,0,False,False,False
2014-08-16,0,21,26,0,19,20,0,21,23304,95,0,21,620,0,0,0,0,0,False,False,False
2014-08-17,0,20,26,65536,19,20,0,21,23328,95,0,21,620,0,0,0,0,0,False,False,False
2014-08-18,0,21,26,0,19,20,0,21,23352,95,0,21,620,0,0,0,0,0,False,False,False
2014-08-19,0,20,26,0,19,20,0,21,23376,95,0,21,620,0,0,0,0,0,False,False,False
2014-08-20,0,21,26,0,19,20,0,21,23401,95,0,21,620,0,0,0,0,0,False,False,False
2014-08-21,0,21,26,1,19,20,0,21,23424,95,0,21,620,0,0,0,0,0,False,False,False
2014-08-22,0,22,26,65537,19,20,0,21,23448,95,0,21,620,0,0,0,0,0,False,False,False
2014-08-23,0,22,26,2,19,20,0,21,23472,95,0,21,620,0,0,0,0,0,False,False,False
2014-08-24,0,22,26,0,19,20,0,21,23496,95,0,21,620,0,0,0,0,0,False,False,False
2014-08-25,0,22,26,0,19,20,0,21,23520,95,0,21,620,0,0,0,0,0,False,False,False
2014-08-26,0,22,26,2,19,20,0,21,23544,95,0,21,620,0,0,0,0,0,False,False,False
2014-08-27,0,22,26,0,19,20,0,21,23569,95,0,21,620,0,0,0,0,0,False,False,False
2014-08-28,0,22,26,0,19,20,0,21,23592,95,0,21,620,0,0,0,0,0,False,False,False
2014-08-29,0,22,26,65536,19,20,0,21,23616,95,0,21,620,0,0,0,0,0,False,False,False
2014-08-30,0,22,26,0,19,20,0,21,23641,95,0,21,620,0,0,0,0,0,False,False,False
2014-08-31,0,22,26,1,19,20,0,21,23664,95,0,21,620,0,0,0,0,0,False,False,False
2014-09-01,0,23,26,1,19,20,0,21,23688,95,0,21,620,0,0,0,0,0,False,False,False
2014-09-02,0,22,26,1,19,20,0,21,23713,95,0,21,620,0,0,0,0,0,False,False,False
2014-09-03,0,22,26,65536,19,20,0,21,23736,95,0,21,620,0,0,0,0,0,False,False,False
2014-09-04,0,22,26,131072,19,20,0,21,23760,95,0,21,620,0,0,0,0,0,False,False,False
2014-09-05,0,22,26,1,19,20,0,21,23785,95,0,21,620,0,0,0,0,0,False,False,False
2014-09-06,0,22,26,0,19,20,0,21,23809,95,0,21,620,0,0,0,0,0,False,False,False
2014-09-07,0,23,26,2,19,20,0,21,23832,95,0,21,620,0,0,0,0,0,False,False,False
2014-09-08,0,22,26,131072,19,20,0,21,23856,95,0,21,620,0,0,0,0,0,False,False,False
2014-09-09,0,22,26,1,19,20,0,21,23881,95,0,21,620,0,0,0,0,0,False,False,False
2014-09-10,0,22,26,0,19,20,0,21,23904,95,0,21,620,0,0,0,0,0,False,False,False
2014-09-11,0,22,26,0,19,20,0,21,23928,95,0,21,620,0,0,0,0,0,False,False,False
2014-09-12,0,22,26,0,19,20,0,21,23953,95,0,21,620,0,0,0,0,0,False,False,False
2014-09-13,0,22,26,0,19,20,0,21,23976,95,0,21,620,0,0,0,0,0,False,False,False
2014-09-14,0,23,26,0,19,20,0,21,24000,95,0,21,620,0,0,0,0,0,False,False,False
2014-09-15,0,23,26,0,19,20,0,21,24025,95,0,21,620,0,0,0,0,0,False,False,False
2014-09-16,0,22,26,1,19,20,0,21,24049,95,0,21,620,0,0,0,0,0,False,False,False
2014-09-17,0,22,26,0,19,20,0,21,24072,95,0,21,620,0,0,0,0,0,False,False,False
2014-09-18,0,23,26,0,19,20,0,21,24096,95,0,21,620,0,0,0,0,0,False,False,False
2014-09-19,0,23,26,1,19,20,0,21,24121,95,0,21,620,0,0,0,0,0,False,False,False
2014-09-20,0,23,26,0,19,20,0,21,24144,95,0,21,620,0,0,0,0,0,False,False,False
2014-09-21,0,23,26,0,19,20,0,21,24168,95,0,21,620,0,0,0,0,0,False,False,False
2014-09-22,0,23,26,131072,19,20,0,21,24193,95,0,21,620,0,0,0,0,0,False,False,False
2014-09-23,0,23,26,65536,19,20,0,21,24216,95,0,21,620,0,0,0,0,0,False,False,False
2014-09-24,0,23,26,0,19,20,0,21,24240,95,0,21,620,0,0,0,0,0,False,False,False
2014-09-25,0,23,26,0,19,20,0,21,24264,95,0,21,620,0,0,0,0,0,False,False,False
2014-09-26,0,22,26,1,19,20,0,21,24288,95,0,21,620,0,0,0,0,0,False,False,False
2014-09-27,0,23,26,0,19,20,0,21,24312,95,0,21,620,0,0,0,0,0,False,False,False
2014-09-28,0,22,26,65536,19,20,0,21,24336,95,0,21,620,0,0,0,0,0,False,False,False
2014-09-29,0,23,26,0,19,20,0,21,24361,95,0,21,620,0,0,0,0,0,False,False,False
2014-09-30,0,23,26,1,19,20,0,21,24384,95,0,21,620,0,0,0,0,0,False,False,False
2014-10-01,0,23,26,0,19,20,0,21,24408,95,0,21,620,0,0,0,0,0,False,False,False
2014-10-02,0,23,26,0,19,20,0,21,24433,95,0,21,620,0,0,0,0,0,False,False,False
2014-10-03,0,22,26,0,19,20,0,21,24456,95,0,21,620,0,0,0,0,0,False,False,False
2014-10-04,0,22,26,0,19,20,0,21,24480,95,0,21,620,0,0,0,0,0,False,False,False
2014-10-05,0,23,26,65536,19,20,0,21,24505,95,0,21,620,0,0,0,0,0,False,False,False
2014-10-06,0,23,26,0,19,20,0,21,24528,95,0,21,620,0,0,0,0,0,False,False,False
2014-10-07,0,23,26,0,19,20,0,21,24552,95,0,21,620,0,0,0,0,0,False,False,False
2014-10-08,0,23,26,0,19,20,0,21,24577,95,0,21,620,0,0,0,0,0,False,False,False
2014-10-09,0,23,26,0,19,20,0,21,24601,95,0,21,620,0,0,0,0,0,False,False,False
2014-10-10,0,23,26,0,19,20,0,21,24624,95,0,21,620,0,0,0,0,0,False,False,False
2014-10-11,0,22,26,0,19,20,0,21,24648,95,0,21,620,0,0,0,0,0,False,False,False
2014-10-12,0,22,26,0,19,20,0,21,24673,95,0,21,620,0,0,0,0,0,False,False,False
2014-10-13,0,23,26,1,19,20,0,21,24696,95,0,21,620,0,0,0,0,0,False,False,False
2014-10-14,0,23,26,0,19,20,0,21,24720,95,0,21,620,0,0,0,0,0,False,False,False
2014-10-15,0,23,26,0,19,20,0,21,24745,95,0,21,620,0,0,0,0,0,False,False,False
2014-10-16,0,22,26,1,19,20,0,21,24768,95,0,21,620,0,0,0,0,0,False,False,False
2014-10-17,0,23,26,65536,19,20,0,21,24792,95,0,21,620,0,0,0,0,0,False,False,False
2014-10-18,0,22,26,65537,19,20,0,21,24817,95,0,21,620,0,0,0,0,0,False,False,False
2014-10-19,0,23,26,0,19,20,0,21,24841,95,0,21,620,0,0,0,0,0,False,False,False
2014-10-20,0,22,26,0,19,20,0,21,24864,95,0,21,620,0,0,0,0,0,False,False,False
2014-10-21,0,23,26,0,19,20,0,21,24888,95,0,21,620,0,0,0,0,0,False,False,False
2014-10-22,0,23,26,0,19,20,0,21,24913,95,0,21,620,0,0,0,0,0,False,False,False
2014-10-23,0,23,26,0,19,20,0,21,24936,95,0,21,620,0,0,0,0,0,False,False,False
2014-10-24,0,23,26,0,19,20,0,21,24960,95,0,21,620,0,0,0,0,0,False,False,False
2014-10-25,0,22,26,15,19,20,0,21,24985,95,0,21,620,0,0,0,0,0,False,False,False
2014-10-26,0,23,26,0,19,20,0,21,25008,95,0,21,620,0,0,0,0,0,False,False,False
2014-10-27,0,23,26,0,19,20,0,21,25032,95,0,21,620,0,0,0,0,0,False,False,False
2014-10-28,0,23,26,0,19,20,0,21,25057,95,0,21,620,0,0,0,0,0,False,False,False
2014-10-29,0,22,26,65537,19,20,0,21,25081,95,0,21,620,0,0,0,0,0,False,False,False
2014-10-30,0,22,26,0,19,20,0,21,25104,95,0,21,620,0,0,0,0,0,False,False,False
2014-10-31,0,25,26,0,19,20,0,21,25128,95,0,21,620,0,0,0,0,0,False,False,False
2014-11-01,0,26,26,1,19,20,0,21,25153,95,0,21,620,0,0,0,0,0,False,False,False
2014-11-03,0,23,26,2,19,20,0,21,25202,95,0,21,620,0,0,0,0,0,False,False,False
2014-11-04,0,22,26,0,19,20,0,21,25225,95,0,21,620,0,0,0,0,0,False,False,False
2014-11-05,0,22,26,0,19,20,0,21,25249,95,0,21,620,0,0,0,0,0,False,False,False
2014-11-06,0,22,26,0,19,20,0,21,25274,95,0,21,620,0,0,0,0,0,False,False,False
2014-11-07,0,22,26,0,19,20,0,21,25298,95,0,21,620,0,0,0,0,0,False,False,False
2014-11-08,0,22,26,0,19,20,0,21,25321,95,0,21,620,0,0,0,0,0,False,False,False
2014-11-09,0,22,26,0,19,20,0,21,25346,95,0,21,620,0,0,0,0,0,False,False,False
2014-11-10,0,22,26,0,19,20,0,21,25370,95,0,21,620,0,0,0,0,0,False,False,False
2014-11-11,0,22,26,0,19,20,0,21,25393,95,0,21,620,0,0,0,0,0,False,False,False
2014-11-12,0,22,26,0,19,20,0,21,25417,95,0,21,620,0,0,0,0,0,False,False,False
2014-11-13,0,22,26,0,19,20,0,21,25442,95,0,21,620,0,0,0,0,0,False,False,False
2014-11-14,0,22,26,0,19,20,0,21,25465,95,0,21,620,0,0,0,0,0,False,False,False
2014-11-15,0,22,26,1,19,20,0,21,25489,95,0,21,620,0,0,0,0,0,False,False,False
2014-11-16,0,22,26,0,19,20,0,21,25514,95,0,21,620,0,0,0,0,0,False,False,False
2014-11-17,0,23,26,0,19,20,0,21,25538,95,0,21,620,0,0,0,0,0,False,False,False
2014-11-18,0,22,26,0,19,20,0,21,25561,95,0,21,620,0,0,0,0,0,False,False,False
2014-11-19,0,22,26,0,19,20,0,21,25586,95,0,21,620,0,0,0,0,0,False,False,False
2014-11-20,0,22,26,0,19,20,0,21,25610,95,0,21,620,0,0,0,0,0,False,False,False
2014-11-21,0,22,26,0,19,20,0,21,25633,95,0,21,620,0,0,0,0,0,False,False,False
2014-11-22,0,22,26,0,19,20,0,21,25657,95,0,21,620,0,0,0,0,0,False,False,False
2014-11-23,0,22,26,0,19,20,0,21,25682,95,0,21,620,0,0,0,0,0,False,False,False
2014-11-24,0,22,26,0,19,20,0,21,25705,95,0,21,620,0,0,0,0,0,False,False,False
2014-11-25,0,23,26,0,19,20,0,21,25729,95,0,21,620,0,0,0,0,0,False,False,False
2014-11-26,0,20,26,0,19,20,0,21,25754,95,0,21,620,0,0,0,0,0,False,False,False
2014-11-27,0,21,26,1,19,20,0,21,25778,95,0,21,620,0,0,0,0,0,False,False,False
2014-11-28,0,20,26,0,19,20,0,21,25801,95,0,21,620,0,0,0,0,0,False,False,False
2014-11-29,0,21,26,65536,19,20,0,21,25826,95,0,21,620,0,0,0,0,0,False,False,False
2014-11-30,0,21,26,0,19,20,0,21,25850,95,0,21,620,0,0,0,0,0,False,False,False
2014-12-01,0,21,26,0,19,20,0,21,25873,95,0,21,620,0,0,0,0,0,False,False,False
2014-12-02,0,22,26,0,19,20,0,21,25897,95,0,21,620,0,0,0,0,0,False,False,False
2014-12-03,0,22,26,1,19,20,0,21,25922,95,0,21,620,0,0,0,0,0,False,False,False
2014-12-04,0,22,26,0,19,20,0,21,25945,95,0,21,620,0,0,0,0,0,False,False,False
2014-12-05,0,22,26,0,19,20,0,21,25969,95,0,21,620,0,0,0,0,0,False,False,False
2014-12-06,0,22,26,0,19,20,0,21,25994,95,0,21,620,0,0,0,0,0,False,False,False
2014-12-07,0,22,26,1,19,20,0,21,26018,95,0,21,620,0,0,0,0,0,False,False,False
2014-12-08,0,22,26,0,19,20,0,21,26041,95,0,21,620,0,0,0,0,0,False,False,False
2014-12-09,0,21,26,0,19,20,0,21,26066,95,0,21,620,0,0,0,0,0,False,False,False
2014-12-10,0,22,26,0,19,20,0,21,26090,95,0,21,620,0,0,0,0,0,False,False,False
2014-12-11,0,22,26,1,19,20,0,21,26113,95,0,21,620,0,0,0,0,0,False,False,False
2014-12-12,0,21,26,65536,19,20,0,21,26137,95,0,21,620,0,0,0,0,0,False,False,False
2014-12-13,0,22,26,0,19,20,0,21,26162,95,0,21,620,0,0,0,0,0,False,False,False
2014-12-14,0,20,26,0,19,20,0,21,26185,95,0,21,620,0,0,0,0,0,False,False,False
2014-12-15,0,21,26,0,19,20,0,21,26209,95,0,21,620,0,0,0,0,0,False,False,False
2014-12-16,0,21,26,0,19,20,0,21,26234,95,0,21,620,0,0,0,0,0,False,False,False
2014-12-17,0,21,26,0,19,20,0,21,26258,95,0,21,620,0,0,0,0,0,False,False,False
2014-12-18,0,21,26,0,19,20,0,21,26281,95,0,21,620,0,0,0,0,0,False,False,False
2014-12-19,0,22,26,0,19,20,0,21,26306,95,0,21,620,0,0,0,0,0,False,False,False
2014-12-20,0,22,26,0,19,20,0,21,26330,95,0,21,620,0,0,0,0,0,False,False,False
2014-12-21,0,22,26,65537,19,20,0,21,26353,95,0,21,620,0,0,0,0,0,False,False,False
2014-12-22,0,22,26,131072,19,20,0,21,26377,95,0,21,620,0,0,0,0,0,False,False,False
2014-12-23,0,22,26,0,19,20,0,21,26402,95,0,21,620,0,0,0,0,0,False,False,False
2014-12-24,0,22,26,0,19,20,0,21,26425,95,0,21,620,0,0,0,0,0,False,False,False
2014-12-25,0,23,26,0,19,20,0,21,26449,95,0,21,620,0,0,0,0,0,False,False,False
2014-12-26,0,22,26,65536,19,20,0,21,26474,95,0,21,620,0,0,0,0,0,False,False,False
2014-12-27,0,22,26,65537,19,20,0,21,26497,95,0,21,620,0,0,0,0,0,False,False,False
2014-12-28,0,23,26,0,19,20,0,21,26521,95,0,21,620,0,0,0,0,0,False,False,False
2014-12-29,0,22,26,0,19,20,0,21,26545,95,0,21,620,0,0,0,0,0,False,False,False
2014-12-30,0,22,26,0,19,20,0,21,26570,95,0,21,620,0,0,0,0,0,False,False,False
2014-12-31,0,22,26,0,19,20,0,21,26593,95,0,21,620,0,0,0,0,0,False,False,False
2015-01-01,0,22,26,65536,19,20,0,21,26618,95,0,21,620,0,0,0,0,0,False,False,False
2015-01-02,0,23,26,0,19,20,0,21,26642,95,0,21,620,0,0,0,0,0,False,False,False
2015-01-03,0,23,26,0,19,20,0,21,26665,95,0,21,620,0,0,0,0,0,False,False,False
2015-01-04,0,23,26,65536,19,20,0,21,26690,95,0,21,620,0,0,0,0,0,False,False,False
2015-01-05,0,22,26,131073,19,20,0,21,26714,95,0,21,620,0,0,0,0,0,False,False,False
2015-01-06,0,20,26,0,19,20,0,21,26737,95,0,21,620,0,0,0,0,0,False,False,False
2015-01-07,0,20,26,0,19,20,0,21,26761,95,0,21,620,0,0,0,0,0,False,False,False
2015-01-08,0,20,26,1,19,20,0,21,26786,95,0,21,620,0,0,0,0,0,False,False,False
2015-01-09,0,22,26,0,19,20,0,21,26810,95,0,21,620,0,0,0,0,0,False,False,False
2015-01-10,0,22,26,1,19,20,0,21,26833,95,0,21,620,0,0,0,0,0,False,False,False
2015-01-11,0,24,26,3,19,20,0,21,26857,95,0,21,620,0,0,0,0,0,False,False,False
2015-01-12,0,22,26,0,19,20,0,21,26882,95,0,21,620,0,0,0,0,0,False,False,False
2015-01-13,0,21,26,65536,19,20,0,21,26905,95,0,21,620,0,0,0,0,0,False,False,False
2015-01-14,0,20,26,0,19,20,0,21,26929,95,0,21,620,0,0,0,0,0,False,False,False
2015-01-15,0,20,26,0,19,20,0,21,26954,95,0,21,620,0,0,0,0,0,False,False,False
2015-01-16,0,22,26,0,19,20,0,21,26977,95,0,21,620,0,0,0,0,0,False,False,False
2015-01-17,0,21,26,2,19,20,0,21,27001,95,0,21,620,0,0,0,0,0,False,False,False
2015-01-18,0,20,26,0,19,20,0,21,27026,95,0,21,620,0,0,0,0,0,False,False,False
2015-01-19,0,21,26,65537,19,20,0,21,27050,95,0,21,620,0,0,0,0,0,False,False,False
2015-01-20,0,22,26,0,19,20,0,21,27073,95,0,21,620,0,0,0,0,0,False,False,False
2015-01-21,0,20,26,1,19,20,0,21,27098,95,0,21,620,0,0,0,0,0,False,False,False
2015-01-22,0,20,26,1,19,20,0,21,27122,95,0,21,620,0,0,0,0,0,False,False,False
2015-01-23,0,21,26,0,19,20,0,21,27145,95,0,21,620,0,0,0,0,0,False,False,False
2015-01-24,0,20,26,65536,19,20,0,21,27170,95,0,21,620,0,0,0,0,0,False,False,False
2015-01-25,0,20,26,0,19,20,0,21,27194,95,0,21,620,0,0,0,0,0,False,False,False
2015-01-26,0,20,26,0,19,20,0,21,27217,95,0,21,620,0,0,0,0,0,False,False,False
2015-01-27,0,21,26,0,19,20,0,21,27241,95,0,21,620,0,0,0,0,0,False,False,False
2015-01-28,0,21,26,0,19,20,0,21,27266,95,0,21,620,0,0,0,0,0,False,False,False
2015-01-29,0,21,26,0,19,20,0,21,27290,95,0,21,620,0,0,0,0,0,False,False,False
2015-01-30,0,21,26,0,19,20,0,21,27313,95,0,21,620,0,0,0,0,0,False,False,False
2015-01-31,0,21,26,65536,19,20,0,21,27338,95,0,21,620,0,0,0,0,0,False,False,False
2015-02-01,0,20,26,1,19,20,0,21,27362,95,0,21,620,0,0,0,0,0,False,False,False
2015-02-02,0,21,26,65536,19,20,0,21,27385,95,0,21,620,0,0,0,0,0,False,False,False
2015-02-03,0,21,26,0,19,20,0,21,27410,95,0,21,620,0,0,0,0,0,False,False,False
2015-02-04,0,21,26,1,19,20,0,21,27434,95,0,21,620,0,0,0,0,0,False,False,False
2015-02-05,0,21,26,0,19,20,0,21,27457,95,0,21,620,0,0,0,0,0,False,False,False
2015-02-06,0,21,26,65537,19,20,0,21,27482,95,0,21,620,0,0,0,0,0,False,False,False
2015-02-07,0,22,26,0,19,20,0,21,27506,95,0,21,620,0,0,0,0,0,False,False,False
2015-02-08,0,22,26,0,19,20,0,21,27529,95,0,21,620,0,0,0,0,0,False,False,False
2015-02-09,0,22,26,0,19,20,0,21,27553,95,0,21,620,0,0,0,0,0,False,False,False
2015-02-10,0,21,26,0,19,20,0,21,27578,95,0,21,620,0,0,0,0,0,False,False,False
2015-02-11,0,20,26,65536,19,20,0,21,27602,95,0,21,620,0,0,0,0,0,False,False,False
2015-02-12,0,21,26,0,19,20,0,21,27625,95,0,21,620,0,0,0,0,0,False,False,False
2015-02-13,0,21,26,1,19,20,0,21,27650,95,0,21,620,0,0,0,0,0,False,False,False
2015-02-14,0,21,26,0,19,20,0,21,27674,95,0,21,620,0,0,0,0,0,False,False,False
2015-02-15,0,21,26,65536,19,20,0,21,27697,95,0,21,620,0,0,0,0,0,False,False,False
2015-02-16,0,21,26,0,19,20,0,21,27722,95,0,21,620,0,0,0,0,0,False,False,False
2015-02-17,0,21,26,1,19,20,0,21,27746,95,0,21,620,0,0,0,0,0,False,False,False
2015-02-18,0,22,26,2,19,20,0,21,27770,95,0,21,620,0,0,0,0,0,False,False,False
2015-02-19,0,22,26,65536,19,20,0,21,27793,95,0,21,620,0,0,0,0,0,False,False,False
2015-02-20,0,23,26,65536,19,20,0,21,27818,95,0,21,620,0,0,0,0,0,False,False,False
2015-02-21,0,22,26,0,19,20,0,21,27842,95,0,21,620,0,0,0,0,0,False,False,False
2015-02-22,0,21,26,0,19,20,0,21,27865,95,0,21,620,0,0,0,0,0,False,False,False
2015-02-23,0,22,26,0,19,20,0,21,27890,95,0,21,620,0,0,0,0,0,False,False,False
2015-02-24,0,21,26,196608,19,20,0,21,27914,95,0,21,620,0,0,0,0,0,False,False,False
2015-02-25,0,21,26,0,19,20,0,21,27938,95,0,21,620,0,0,0,0,0,False,False,False
2015-02-26,0,21,26,0,19,20,0,21,27961,95,0,21,620,0,0,0,0,0,False,False,False
2015-02-27,0,21,26,65536,19,20,0,21,27986,95,0,21,620,0,0,0,0,0,False,False,False
2015-02-28,0,21,26,1,19,20,0,21,28010,95,0,21,620,0,0,0,0,0,False,False,False
2015-03-01,0,21,26,65536,19,20,0,21,28033,95,0,21,620,0,0,0,0,0,False,False,False
2015-03-02,0,20,26,1,19,20,0,21,28058,95,0,21,620,0,0,0,0,0,False,False,False
2015-03-03,0,21,26,0,19,20,0,21,28082,95,0,21,620,0,0,0,0,0,False,False,False
2015-03-04,0,21,26,0,19,20,0,21,28105,95,0,21,620,0,0,0,0,0,False,False,False
2015-03-05,0,21,26,0,19,20,0,21,28129,95,0,21,620,0,0,0,0,0,False,False,False
2015-03-06,0,21,26,65536,19,20,0,21,28154,95,0,21,620,0,0,0,0,0,False,False,False
2015-03-07,0,21,26,0,19,20,0,21,28178,95,0,21,620,0,0,0,0,0,False,False,False
2015-03-08,0,21,26,65536,19,20,0,21,28201,95,0,21,620,0,0,0,0,0,False,False,False
2015-03-09,0,22,26,65536,19,20,0,21,28226,95,0,21,620,0,0,0,0,0,False,False,False
2015-03-10,0,22,26,0,19,20,0,21,28249,95,0,21,620,0,0,0,0,0,False,False,False
2015-03-11,0,24,26,0,19,20,0,21,28273,95,0,21,620,0,0,0,0,0,False,False,False
2015-03-12,0,22,26,1,19,20,0,21,28296,95,0,21,620,0,0,0,0,0,False,False,False
2015-03-13,0,25,26,131073,19,20,0,21,28321,95,0,21,620,0,0,0,0,0,False,False,False
2015-03-14,0,23,26,131072,19,20,0,21,28345,95,0,21,620,0,0,0,0,0,False,False,False
2015-03-15,0,23,26,1,19,20,0,21,28368,95,0,21,620,0,0,0,0,0,False,False,False
2015-03-16,0,21,26,1,19,20,0,21,28393,95,0,21,620,0,0,0,0,0,False,False,False
2015-03-17,0,23,26,0,19,20,0,21,28417,95,0,21,620,0,0,0,0,0,False,False,False
2015-03-18,0,24,26,0,19,20,0,21,28441,95,0,21,620,0,0,0,0,0,False,False,False
2015-03-19,0,22,26,0,19,20,0,21,28464,95,0,21,620,0,0,0,0,0,False,False,False
2015-03-20,0,22,26,0,19,20,0,21,28489,95,0,21,620,0,0,0,0,0,False,False,False
2015-03-21,0,21,26,0,19,20,0,21,28513,95,0,21,620,0,0,0,0,0,False,False,False
2015-03-22,0,24,26,1,19,20,0,21,28536,95,0,21,620,0,0,0,0,0,False,False,False
2015-03-23,0,22,26,0,19,20,0,21,28561,95,0,21,620,0,0,0,0,0,False,False,False
2015-03-24,0,21,26,1,19,20,0,21,28585,95,0,21,620,0,0,0,0,0,False,False,False
2015-03-25,0,22,26,0,19,20,0,21,28608,95,0,21,620,0,0,0,0,0,False,False,False
2015-03-26,0,22,26,1,19,20,0,21,28633,95,0,21,620,0,0,0,0,0,False,False,False
2015-03-27,0,23,26,65536,19,20,0,21,28657,95,0,21,620,0,0,0,0,0,False,False,False
2015-03-28,0,22,26,65537,19,20,0,21,28681,95,0,21,620,0,0,0,0,0,False,False,False
2015-03-29,0,22,26,65536,19,20,0,21,28705,95,0,21,620,0,0,0,0,0,False,False,False
2015-03-30,0,23,26,0,19,20,0,21,28729,95,0,21,620,0,0,0,0,0,False,False,False
2015-03-31,0,22,26,0,19,20,0,21,28753,95,0,21,620,0,0,0,0,0,False,False,False
2015-04-01,0,22,26,1,19,20,0,21,28777,95,0,21,620,0,0,0,0,0,False,False,False
2015-04-02,0,21,26,1,19,20,0,21,28801,95,0,21,620,0,0,0,0,0,False,False,False
2015-04-03,0,20,26,0,19,20,0,21,28825,95,0,21,620,0,0,0,0,0,False,False,False
2015-04-04,0,20,26,0,19,20,0,21,28848,95,0,21,620,0,0,0,0,0,False,False,False
2015-04-05,0,20,26,0,19,20,0,21,28873,95,0,21,620,0,0,0,0,0,False,False,False
2015-04-06,0,21,26,131072,19,20,0,21,28897,95,0,21,620,0,0,0,0,0,False,False,False
2015-04-07,0,21,26,131072,19,20,0,21,28920,95,0,21,620,0,0,0,0,0,False,False,False
2015-04-08,0,21,26,0,19,20,0,21,28945,95,0,21,620,0,0,0,0,0,False,False,False
2015-04-09,0,21,26,2,19,20,0,21,28969,95,0,21,620,0,0,0,0,0,False,False,False
2015-04-10,0,23,26,262145,19,20,0,21,28993,95,0,21,620,0,0,0,0,0,False,False,False
2015-04-11,0,23,26,0,19,20,0,21,29016,95,0,21,620,0,0,0,0,0,False,False,False
2015-04-12,0,24,26,0,19,20,0,21,29041,95,0,21,620,0,0,0,0,0,False,False,False
2015-04-13,0,23,26,65536,19,20,0,21,29065,95,0,21,620,0,0,0,0,0,False,False,False
2015-04-14,0,24,26,0,19,20,0,21,29088,95,0,21,620,0,0,0,0,0,False,False,False
2015-04-15,0,22,26,65536,19,20,0,21,29113,95,0,21,620,0,0,0,0,0,False,False,False
2015-04-16,0,23,26,1,19,20,0,21,29137,95,0,21,620,0,0,0,0,0,False,False,False
2015-04-17,0,23,26,65536,19,20,0,21,29160,95,0,21,620,0,0,0,0,0,False,False,False
2015-04-18,0,24,26,0,19,20,0,21,29185,95,0,21,620,0,0,0,0,0,False,False,False
2015-04-19,0,24,26,65536,19,20,0,21,29209,95,0,21,620,0,0,0,0,0,False,False,False
2015-04-20,0,24,26,0,19,20,0,21,29233,95,0,21,620,0,0,0,0,0,False,False,False
2015-04-21,0,24,26,0,19,20,0,21,29257,95,0,21,620,0,0,0,0,0,False,False,False
2015-04-22,0,24,26,0,19,20,0,21,29281,95,0,21,620,0,0,0,0,0,False,False,False
2015-04-23,0,25,26,0,19,20,0,21,29305,95,0,21,620,0,0,0,0,0,False,False,False
2015-04-24,0,24,26,1,19,20,0,21,29329,95,0,21,620,0,0,0,0,0,False,False,False
2015-04-25,0,24,26,0,19,20,0,21,29353,95,0,21,620,0,0,0,0,0,False,False,False
2015-04-26,0,24,26,0,19,20,0,21,29377,95,0,21,620,0,0,0,0,0,False,False,False
2015-04-27,0,25,26,0,19,20,0,21,29400,95,0,21,620,0,0,0,0,0,False,False,False
2015-04-28,0,24,26,0,19,20,0,21,29425,95,0,21,620,0,0,0,0,0,False,False,False
2015-04-29,0,24,26,0,19,20,0,21,29449,95,0,21,620,0,0,0,0,0,False,False,False
2015-04-30,0,24,26,65536,19,20,0,21,29473,95,0,21,620,0,0,0,0,0,False,False,False
2015-05-01,0,25,26,65536,19,20,0,21,29496,95,0,21,620,0,0,0,0,0,False,False,False
2015-05-02,0,24,26,65538,19,20,0,21,29521,95,0,21,620,0,0,0,0,0,False,False,False
2015-05-03,0,23,26,0,19,20,0,21,29545,95,0,21,620,0,0,0,0,0,False,False,False
2015-05-04,0,23,26,0,19,20,0,21,29568,95,0,21,620,0,0,0,0,0,False,False,False
2015-05-05,0,22,26,1,19,20,0,21,29593,95,0,21,620,0,0,0,0,0,False,False,False
2015-05-06,0,26,26,65537,19,20,0,21,29617,95,0,21,620,0,0,0,0,0,False,False,False
2015-05-07,0,23,26,0,19,20,0,21,29641,95,0,21,620,0,0,0,0,0,False,False,False
2015-05-08,0,22,26,1,19,20,0,21,29665,95,0,21,620,0,0,0,0,0,False,False,False
2015-05-09,0,23,26,0,19,20,0,21,29689,95,0,21,620,0,0,0,0,0,False,False,False
2015-05-10,0,23,26,0,19,20,0,21,29713,95,0,21,620,0,0,0,0,0,False,False,False
2015-05-11,0,23,26,1,19,20,0,21,29736,95,0,21,620,0,0,0,0,0,False,False,False
2015-05-12,0,22,26,0,19,20,0,21,29761,95,0,21,620,0,0,0,0,0,False,False,False
2015-05-13,0,22,26,0,19,20,0,21,29785,95,0,21,620,0,0,0,0,0,False,False,False
2015-05-14,0,22,26,1,19,20,0,21,29808,95,0,21,620,0,0,0,0,0,False,False,False
2015-05-15,0,23,26,0,19,20,0,21,29833,95,0,21,620,0,0,0,0,0,False,False,False
2015-05-16,0,23,26,0,19,20,0,21,29857,95,0,21,620,0,0,0,0,0,False,False,False
2015-05-17,0,23,26,0,19,20,0,21,29880,95,0,21,620,0,0,0,0,0,False,False,False
2015-05-18,0,23,26,1,19,20,0,21,29905,95,0,21,620,0,0,0,0,0,False,False,False
2015-05-19,0,23,26,0,19,20,0,21,29929,95,0,21,620,0,0,0,0,0,False,False,False
2015-05-20,0,23,26,0,19,20,0,21,29953,95,0,21,620,0,0,0,0,0,False,False,False
2015-05-21,0,23,26,65536,19,20,0,21,29977,95,0,21,620,0,0,0,0,0,False,False,False
2015-05-22,0,23,26,0,19,20,0,21,30001,95,0,21,620,0,0,0,0,0,False,False,False
2015-05-23,0,23,26,0,19,20,0,21,30025,95,0,21,620,0,0,0,0,0,False,False,False
2015-05-24,0,23,26,0,19,20,0,21,30048,95,0,21,620,0,0,0,0,0,False,False,False
2015-05-25,0,24,26,1,19,20,0,21,30073,95,0,21,620,0,0,0,0,0,False,False,False
2015-05-26,0,23,26,0,19,20,0,21,30097,95,0,21,620,0,0,0,0,0,False,False,False
2015-05-27,0,23,26,0,19,20,0,21,30121,95,0,21,620,0,0,0,0,0,False,False,False
2015-05-28,0,23,26,0,19,20,0,21,30145,95,0,21,620,0,0,0,0,0,False,False,False
2015-05-29,0,24,26,0,19,20,0,21,30169,95,0,21,620,0,0,0,0,0,False,False,False
2015-05-30,0,23,26,0,19,20,0,21,30193,95,0,21,620,0,0,0,0,0,False,False,False
2015-05-31,0,24,26,0,19,20,0,21,30217,95,0,21,620,0,0,0,0,0,False,False,False
2015-06-01,0,23,26,0,19,20,0,21,30241,95,0,21,620,0,0,0,0,0,False,False,False
2015-06-02,0,24,26,1,19,20,0,21,30265,95,0,21,620,0,0,0,0,0,False,False,False
2015-06-03,0,23,26,0,19,20,0,21,30288,95,0,21,620,0,0,0,0,0,False,False,False
2015-06-04,0,24,26,0,19,20,0,21,30313,95,0,21,620,0,0,0,0,0,False,False,False
2015-06-05,0,24,26,0,19,20,0,21,30337,95,0,21,620,0,0,0,0,0,False,False,False
2015-06-06,0,23,26,0,19,20,0,21,30360,95,0,21,620,0,0,0,0,0,False,False,False
2015-06-07,0,24,26,196609,19,20,0,21,30385,95,0,21,620,0,0,0,0,0,False,False,False
2015-06-08,0,23,26,1,19,20,0,21,30409,95,0,21,620,0,0,0,0,0,False,False,False
2015-06-09,0,23,26,0,19,20,0,21,30433,95,0,21,620,0,0,0,0,0,False,False,False
2015-06-10,0,23,26,0,19,20,0,21,30457,95,0,21,620,0,0,0,0,0,False,False,False
2015-06-11,0,24,26,0,19,20,0,21,30481,95,0,21,620,0,0,0,0,0,False,False,False
2015-06-12,0,23,26,0,19,20,0,21,30505,95,0,21,620,0,0,0,0,0,False,False,False
2015-06-13,0,23,26,0,19,20,0,21,30528,95,0,21,620,0,0,0,0,0,False,False,False
2015-06-14,0,24,26,1,19,20,0,21,30553,95,0,21,620,0,0,0,0,0,False,False,False
2015-06-15,0,23,26,0,19,20,0,21,30577,95,0,21,620,0,0,0,0,0,False,False,False
2015-06-16,0,23,26,0,19,20,0,21,30600,95,0,21,620,0,0,0,0,0,False,False,False
2015-06-17,0,24,26,0,19,20,0,21,30625,95,0,21,620,0,0,0,0,0,False,False,False
2015-06-18,0,24,26,0,19,20,0,21,30649,95,0,21,620,0,0,0,0,0,False,False,False
2015-06-19,0,24,26,1,19,20,0,21,30673,95,0,21,620,0,0,0,0,0,False,False,False
2015-06-20,0,27,26,65539,19,20,0,21,30697,95,0,21,620,0,0,0,0,0,False,False,False
2015-06-21,0,21,26,0,19,20,0,21,30721,95,0,21,620,0,0,0,0,0,False,False,False
2015-06-22,0,21,26,0,19,20,0,21,30745,95,0,21,620,0,0,0,0,0,False,False,False
2015-06-23,0,21,26,0,19,20,0,21,30769,95,0,21,620,0,0,0,0,0,False,False,False
2015-06-24,0,23,26,0,19,20,0,21,30793,95,0,21,620,0,0,0,0,0,False,False,False
2015-06-25,0,20,26,0,19,20,0,21,30817,95,0,21,620,0,0,0,0,0,False,False,False
2015-06-26,0,20,26,0,19,20,0,21,30840,95,0,21,620,0,0,0,0,0,False,False,False
2015-06-27,0,21,26,2,19,20,0,21,30865,95,0,21,620,0,0,0,0,0,False,False,False
2015-06-28,0,21,26,0,19,20,0,21,30889,95,0,21,620,0,0,0,0,0,False,False,False
2015-06-29,0,22,26,65536,19,20,0,21,30913,95,0,21,620,0,0,0,0,0,False,False,False
2015-06-30,0,20,26,65537,19,20,0,21,30937,95,0,21,620,0,0,0,0,0,False,False,False
2015-07-01,0,21,26,0,19,20,0,21,30961,95,0,21,620,0,0,0,0,0,False,False,False
2015-07-02,0,21,26,0,19,20,0,21,30985,95,0,21,620,0,0,0,0,0,False,False,False
2015-07-03,0,20,26,0,19,20,0,21,31009,95,0,21,620,0,0,0,0,0,False,False,False
2015-07-04,0,20,26,0,19,20,0,21,31033,95,0,21,620,0,0,0,0,0,False,False,False
2015-07-05,0,21,26,0,19,20,0,21,31057,95,0,21,620,0,0,0,0,0,False,False,False
2015-07-06,0,21,26,65536,19,20,0,21,31081,95,0,21,620,0,0,0,0,0,False,False,False
2015-07-07,0,20,26,1,19,20,0,21,31105,95,0,21,620,0,0,0,0,0,False,False,False
2015-07-08,0,21,26,131073,19,20,0,21,31129,95,0,21,620,0,0,0,0,0,False,False,False
2015-07-09,0,21,26,65536,19,20,0,21,31153,95,0,21,620,0,0,0,0,0,False,False,False
2015-07-10,0,21,26,2,19,20,0,21,31177,95,0,21,620,0,0,0,0,0,False,False,False
2015-07-11,0,21,26,131072,19,20,0,21,31201,95,0,21,620,0,0,0,0,0,False,False,False
2015-07-12,0,21,26,0,19,20,0,21,31225,95,0,21,620,0,0,0,0,0,False,False,False
2015-07-13,0,21,26,0,19,20,0,21,31249,95,0,21,620,0,0,0,0,0,False,False,False
2015-07-14,0,21,26,0,19,20,0,21,31273,95,0,21,620,0,0,0,0,0,False,False,False
2015-07-15,0,21,26,1,19,20,0,21,31297,95,0,21,620,0,0,0,0,0,False,False,False
2015-07-16,0,21,26,65538,19,20,0,21,31320,95,0,21,620,0,0,0,0,0,False,False,False
2015-07-17,0,20,26,0,19,20,0,21,31345,95,0,21,620,0,0,0,0,0,False,False,False
2015-07-18,0,20,26,0,19,20,0,21,31369,95,0,21,620,0,0,0,0,0,False,False,False
2015-07-19,0,21,26,65536,19,20,0,21,31392,95,0,21,620,0,0,0,0,0,False,False,False
2015-07-20,0,21,26,0,19,20,0,21,31417,95,0,21,620,0,0,0,0,0,False,False,False
2015-07-21,0,21,26,0,19,20,0,21,31441,95,0,21,620,0,0,0,0,0,False,False,False
2015-07-22,0,21,26,0,19,20,0,21,31465,95,0,21,620,0,0,0,0,0,False,False,False
2015-07-23,0,21,26,2,19,20,0,21,31489,95,0,21,620,0,0,0,0,0,False,False,False
2015-07-24,0,21,26,0,19,20,0,21,31513,95,0,21,620,0,0,0,0,0,False,False,False
2015-07-25,0,22,26,0,19,20,0,21,31537,95,0,21,620,0,0,0,0,0,False,False,False
2015-07-26,0,22,26,1,19,20,0,21,31561,95,0,21,620,0,0,0,0,0,False,False,False
2015-07-27,0,22,26,65536,19,20,0,21,31585,95,0,21,620,0,0,0,0,0,False,False,False
2015-07-28,0,21,26,0,19,20,0,21,31609,95,0,21,620,0,0,0,0,0,False,False,False
2015-07-29,0,21,26,0,19,20,0,21,31633,95,0,21,620,0,0,0,0,0,False,False,False
2015-07-30,0,20,26,0,19,20,0,21,31656,95,0,21,620,0,0,0,0,0,False,False,False
2015-07-31,0,20,26,1,19,20,0,21,31681,95,0,21,620,0,0,0,0,0,False,False,False
2015-08-01,0,20,26,65537,19,20,0,21,31705,95,0,21,620,0,0,0,0,0,False,False,False
2015-08-02,0,20,26,65536,19,20,0,21,31729,95,0,21,620,0,0,0,0,0,False,False,False
2015-08-03,0,22,26,65536,19,20,0,21,31753,95,0,21,620,0,0,0,0,0,False,False,False
2015-08-04,0,22,26,1,19,20,0,21,31777,95,0,21,620,0,0,0,0,0,False,False,False
2015-08-05,0,22,26,0,19,20,0,21,31801,95,0,21,620,0,0,0,0,0,False,False,False
2015-08-06,0,21,26,65536,19,20,0,21,31824,95,0,21,620,0,0,0,0,0,False,False,False
2015-08-07,0,20,26,0,19,20,0,21,31849,95,0,21,620,0,0,0,0,0,False,False,False
2015-08-08,0,22,26,0,19,20,0,21,31873,95,0,21,620,0,0,0,0,0,False,False,False
2015-08-09,0,22,26,131072,19,20,0,21,31897,95,0,21,620,0,0,0,0,0,False,False,False
2015-08-10,0,21,26,0,19,20,0,21,31921,95,0,21,620,0,0,0,0,0,False,False,False
2015-08-11,0,22,26,1,19,20,0,21,31945,95,0,21,620,0,0,0,0,0,False,False,False
2015-08-12,0,22,26,196608,19,20,0,21,31969,95,0,21,620,0,0,0,0,0,False,False,False
2015-08-13,0,22,26,2,19,20,0,21,31993,95,0,21,620,0,0,0,0,0,False,False,False
2015-08-14,0,22,26,0,19,20,0,21,32017,95,0,21,620,0,0,0,0,0,False,False,False
2015-08-15,0,20,26,0,19,20,0,21,32041,95,0,21,620,0,0,0,0,0,False,False,False
2015-08-16,0,22,26,0,19,20,0,21,32065,95,0,21,620,0,0,0,0,0,False,False,False
2015-08-17,0,22,26,1,19,20,0,21,32089,95,0,21,620,0,0,0,0,0,False,False,False
2015-08-18,0,21,26,0,19,20,0,21,32113,95,0,21,620,0,0,0,0,0,False,False,False
2015-08-19,0,22,26,0,19,20,0,21,32137,95,0,21,620,0,0,0,0,0,False,False,False
2015-08-20,0,22,26,0,19,20,0,21,32161,95,0,21,620,0,0,0,0,0,False,False,False
2015-08-21,0,22,26,0,19,20,0,21,32185,95,0,21,620,0,0,0,0,0,False,False,False
2015-08-22,0,22,26,131072,19,20,0,21,32209,95,0,21,620,0,0,0,0,0,False,False,False
2015-08-23,0,22,26,1,19,20,0,21,32233,95,0,21,620,0,0,0,0,0,False,False,False
2015-08-24,0,22,26,131072,19,20,0,21,32257,95,0,21,620,0,0,0,0,0,False,False,False
2015-08-25,0,22,26,65536,19,20,0,21,32281,95,0,21,620,0,0,0,0,0,False,False,False
2015-08-26,0,22,26,2,19,20,0,21,32305,95,0,21,620,0,0,0,0,0,False,False,False
2015-08-27,0,22,26,0,19,20,0,21,32329,95,0,21,620,0,0,0,0,0,False,False,False
2015-08-28,0,20,26,0,19,20,0,21,32353,95,0,21,620,0,0,0,0,0,False,False,False
2015-08-29,0,21,26,65536,19,20,0,21,32377,95,0,21,620,0,0,0,0,0,False,False,False
2015-08-30,0,21,26,0,19,20,0,21,32401,95,0,21,620,0,0,0,0,0,False,False,False
2015-08-31,0,20,26,0,19,20,0,21,32425,95,0,21,620,0,0,0,0,0,False,False,False
2015-09-01,0,22,26,65537,19,20,0,21,32449,95,0,21,620,0,0,0,0,0,False,False,False
2015-09-02,0,22,26,0,19,20,0,21,32473,95,0,21,620,0,0,0,0,0,False,False,False
2015-09-03,0,22,26,0,19,20,0,21,32497,95,0,21,620,0,0,0,0,0,False,False,False
2015-09-04,0,22,26,1,19,20,0,21,32521,95,0,21,620,0,0,0,0,0,False,False,False
2015-09-05,0,21,26,0,19,20,0,21,32545,95,0,21,620,0,0,0,0,0,False,False,False
2015-09-06,0,21,26,0,19,20,0,21,32569,95,0,21,620,0,0,0,0,0,False,False,False
2015-09-07,0,21,26,0,19,20,0,21,32593,95,0,21,620,0,0,0,0,0,False,False,False
2015-09-08,0,21,26,0,19,20,0,21,32617,95,0,21,620,0,0,0,0,0,False,False,False
2015-09-09,0,21,26,1,19,20,0,21,32641,95,0,21,620,0,0,0,0,0,False,False,False
2015-09-10,0,22,26,0,19,20,0,21,32665,95,0,21,620,0,0,0,0,0,False,False,False
2015-09-11,0,22,26,0,19,20,0,21,32689,95,0,21,620,0,0,0,0,0,False,False,False
2015-09-12,0,22,26,0,19,20,0,21,32713,95,0,21,620,0,0,0,0,0,False,False,False
2015-09-13,0,20,26,0,19,20,0,21,32737,95,0,21,620,0,0,0,0,0,False,False,False
2015-09-14,0,20,26,65536,19,20,0,21,32761,95,0,21,620,0,0,0,0,0,False,False,False
2015-09-15,0,22,26,1,19,20,0,21,32785,95,0,21,620,0,0,0,0,0,False,False,False
2015-09-16,0,21,26,0,19,20,0,21,32809,95,0,21,620,0,0,0,0,0,False,False,False
2015-09-17,0,21,26,0,19,20,0,21,32833,95,0,21,620,0,0,0,0,0,False,False,False
2015-09-18,0,22,26,0,19,20,0,21,32857,95,0,21,620,0,0,0,0,0,False,False,False
2015-09-19,0,22,26,0,19,20,0,21,32881,95,0,21,620,0,0,0,0,0,False,False,False
2015-09-20,0,22,26,0,19,20,0,21,32905,95,0,21,620,0,0,0,0,0,False,False,False
2015-09-21,0,21,26,0,19,20,0,21,32929,95,0,21,620,0,0,0,0,0,False,False,False
2015-09-22,0,20,26,0,19,20,0,21,32953,95,0,21,620,0,0,0,0,0,False,False,False
2015-09-23,0,21,26,0,19,20,0,21,32977,95,0,21,620,0,0,0,0,0,False,False,False
2015-09-24,0,21,26,0,19,20,0,21,33001,95,0,21,620,0,0,0,0,0,False,False,False
2015-09-25,0,21,26,0,19,20,0,21,33025,95,0,21,620,0,0,0,0,0,False,False,False
2015-09-26,0,21,26,0,21,22,0,23,33049,95,0,23,620,0,0,0,0,0,False,False,False
2015-09-27,0,21,26,0,21,22,0,23,33073,95,0,23,620,0,0,0,0,0,False,False,False
2015-09-28,0,21,26,0,21,22,0,23,33097,95,0,23,620,0,0,0,0,0,False,False,False
2015-09-29,0,21,26,0,21,22,0,23,33121,95,0,23,620,0,0,0,0,0,False,False,False
2015-09-30,0,20,26,0,21,22,0,23,33145,95,0,23,620,0,0,0,0,0,False,False,False
2015-10-01,0,21,26,0,21,22,0,23,33169,95,0,23,620,0,0,0,0,0,False,False,False
2015-10-02,0,22,26,0,21,22,0,23,33193,95,0,23,620,0,0,0,0,0,False,False,False
2015-10-03,0,21,26,0,21,22,0,23,33216,95,0,23,620,0,0,0,0,0,False,False,False
2015-10-04,0,20,26,0,21,22,0,23,33241,95,0,23,620,0,0,0,0,0,False,False,False
2015-10-05,0,21,26,0,21,22,0,23,33265,95,0,23,620,0,0,0,0,0,False,False,False
2015-10-06,0,21,26,0,21,22,0,23,33289,95,0,23,620,0,0,0,0,0,False,False,False
2015-10-07,0,20,26,0,21,22,0,23,33313,95,0,23,620,0,0,0,0,0,False,False,False
2015-10-08,0,20,26,0,21,22,0,23,33337,95,0,23,620,0,0,0,0,0,False,False,False
2015-10-09,0,20,26,0,21,22,0,23,33361,95,0,23,620,0,0,0,0,0,False,False,False
2015-10-10,0,21,26,0,21,22,0,23,33384,95,0,23,620,0,0,0,0,0,False,False,False
2015-10-11,0,21,26,65537,21,22,0,23,33409,95,0,23,620,0,0,0,0,0,False,False,False
2015-10-12,0,21,26,0,21,22,0,23,33433,95,0,23,620,0,0,0,0,0,False,False,False
2015-10-13,0,21,26,0,21,22,0,23,33456,95,0,23,620,0,0,0,0,0,False,False,False
2015-10-14,0,21,26,1,21,22,0,23,33481,95,0,23,620,0,0,0,0,0,False,False,False
2015-10-15,0,21,26,0,21,22,0,23,33505,95,0,23,620,0,0,0,0,0,False,False,False
2015-10-16,0,21,26,0,21,22,0,23,33529,95,0,23,620,0,0,0,0,0,False,False,False
2015-10-17,0,20,26,0,21,22,0,23,33553,95,0,23,620,0,0,0,0,0,False,False,False
2015-10-18,0,21,26,1,21,22,0,23,33577,95,0,23,620,0,0,0,0,0,False,False,False
2015-10-19,0,21,26,0,21,22,0,23,33601,95,0,23,620,0,0,0,0,0,False,False,False
2015-10-20,0,21,26,1,21,22,0,23,33625,95,0,23,620,0,0,0,0,0,False,False,False
2015-10-21,0,21,26,0,21,22,0,23,33649,95,0,23,620,0,0,0,0,0,False,False,False
2015-10-22,0,21,26,0,21,22,0,23,33673,95,0,23,620,0,0,0,0,0,False,False,False
2015-10-23,0,21,26,131072,21,22,0,23,33697,95,0,23,620,0,0,0,0,0,False,False,False
2015-10-24,0,21,26,0,21,22,0,23,33721,95,0,23,620,0,0,0,0,0,False,False,False
2015-10-25,0,21,26,0,21,22,0,23,33745,95,0,23,620,0,0,0,0,0,False,False,False
2015-10-26,0,21,26,0,21,22,0,23,33769,95,0,23,620,0,0,0,0,0,False,False,False
2015-10-27,0,21,26,0,21,22,0,23,33793,95,0,23,620,0,0,0,0,0,False,False,False
2015-10-29,0,21,26,0,21,22,0,23,33841,95,0,23,620,0,0,0,0,0,False,False,False
2015-10-30,0,20,26,1,21,22,0,23,33864,95,0,23,620,0,0,0,0,0,False,False,False
2015-10-31,0,20,26,65536,21,22,0,23,33889,95,0,23,620,0,0,0,0,0,False,False,False
2015-11-02,0,21,26,131072,21,22,0,23,33938,95,0,23,620,0,0,0,0,0,False,False,False
2015-11-03,0,20,26,65536,21,22,0,23,33962,95,0,23,620,0,0,0,0,0,False,False,False
2015-11-04,0,19,26,0,21,22,0,23,33986,95,0,23,620,0,0,0,0,0,False,False,False
2015-11-05,0,18,26,0,21,22,0,23,34009,95,0,23,620,0,0,0,0,0,False,False,False
2015-11-06,0,20,26,0,21,22,0,23,34034,95,0,23,620,0,0,0,0,0,False,False,False
2015-11-07,0,19,26,0,21,22,0,23,34058,95,0,23,620,0,0,0,0,0,False,False,False
2015-11-08,0,20,26,0,21,22,0,23,34081,95,0,23,620,0,0,0,0,0,False,False,False
2015-11-09,0,21,26,0,21,22,0,23,34106,95,0,23,620,0,0,0,0,0,False,False,False
2015-11-10,0,20,26,0,21,22,0,23,34130,95,0,23,620,0,0,0,0,0,False,False,False
2015-11-11,0,23,26,0,21,22,0,23,34154,95,0,23,620,0,0,0,0,0,False,False,False
2015-11-12,0,19,26,0,21,22,0,23,34178,95,0,23,620,0,0,0,0,0,False,False,False
2015-11-13,0,20,26,0,21,22,0,23,34202,95,0,23,620,0,0,0,0,0,False,False,False
2015-11-14,0,19,26,0,21,22,0,23,34226,95,0,23,620,0,0,0,0,0,False,False,False
2015-11-15,0,20,26,0,21,22,0,23,34250,95,0,23,620,0,0,0,0,0,False,False,False
2015-11-16,0,19,26,65537,21,22,0,23,34274,95,0,23,620,0,0,0,0,0,False,False,False
2015-11-17,0,19,26,1,21,22,0,23,34298,95,0,23,620,0,0,0,0,0,False,False,False
2015-11-18,0,20,26,0,21,22,0,23,34321,95,0,23,620,0,0,0,0,0,False,False,False
2015-11-19,0,20,26,0,21,22,0,23,34346,95,0,23,620,0,0,0,0,0,False,False,False
2015-11-20,0,21,26,0,21,22,0,23,34370,95,0,23,620,0,0,0,0,0,False,False,False
2015-11-21,0,21,26,65536,21,22,0,23,34394,95,0,23,620,0,0,0,0,0,False,False,False
2015-11-22,0,20,26,65536,21,22,0,23,34418,95,0,23,620,0,0,0,0,0,False,False,False
2015-11-23,0,20,26,1,21,22,0,23,34442,95,0,23,620,0,0,0,0,0,False,False,False
2015-11-24,0,20,26,0,21,22,0,23,34466,95,0,23,620,0,0,0,0,0,False,False,False
2015-11-25,0,19,26,65536,21,22,0,23,34490,95,0,23,620,0,0,0,0,0,False,False,False
2015-11-26,0,19,26,0,21,22,0,23,34514,95,0,23,620,0,0,0,0,0,False,False,False
2015-11-27,0,21,26,0,21,22,0,23,34538,95,0,23,620,0,0,0,0,0,False,False,False
2015-11-28,0,19,26,0,21,22,0,23,34561,95,0,23,620,0,0,0,0,0,False,False,False
2015-11-29,0,20,26,0,21,22,0,23,34586,95,0,23,620,0,0,0,0,0,False,False,False
2015-11-30,0,20,26,1,21,22,0,23,34610,95,0,23,620,0,0,0,0,0,False,False,False
2015-12-01,0,20,26,65536,21,22,0,23,34634,95,0,23,620,0,0,0,0,0,False,False,False
2015-12-02,0,21,26,0,21,22,0,23,34658,95,0,23,620,0,0,0,0,0,False,False,False
2015-12-03,0,22,26,65536,21,22,0,23,34682,95,0,23,620,0,0,0,0,0,False,False,False
2015-12-04,0,22,26,0,21,22,0,23,34706,95,0,23,620,0,0,0,0,0,False,False,False
2015-12-05,0,21,26,0,21,22,0,23,34730,95,0,23,620,0,0,0,0,0,False,False,False
2015-12-06,0,22,26,0,21,22,0,23,34754,95,0,23,620,0,0,0,0,0,False,False,False
2015-12-07,0,23,26,0,21,22,0,23,34778,95,0,23,620,0,0,0,0,0,False,False,False
2015-12-08,0,22,26,1,21,22,0,23,34802,95,0,23,620,0,0,0,0,0,False,False,False
2015-12-09,0,22,26,65536,21,22,0,23,34826,95,0,23,620,0,0,0,0,0,False,False,False
2015-12-10,0,22,26,1,21,22,0,23,34850,95,0,23,620,0,0,0,0,0,False,False,False
2015-12-11,0,22,26,65536,21,22,0,23,34874,95,0,23,620,0,0,0,0,0,False,False,False
2015-12-12,0,20,26,0,21,22,0,23,34898,95,0,23,620,0,0,0,0,0,False,False,False
2015-12-13,0,21,26,0,21,22,0,23,34922,95,0,23,620,0,0,0,0,0,False,False,False
2015-12-14,0,20,26,0,21,22,0,23,34946,95,0,23,620,0,0,0,0,0,False,False,False
2015-12-15,0,19,26,131072,21,22,0,23,34970,95,0,23,620,0,0,0,0,0,False,False,False
2015-12-16,0,19,26,0,21,22,0,23,34994,95,0,23,620,0,0,0,0,0,False,False,False
2015-12-17,0,19,26,0,21,22,0,23,35018,95,0,23,620,0,0,0,0,0,False,False,False
2015-12-18,0,20,26,0,21,22,0,23,35042,95,0,23,620,0,0,0,0,0,False,False,False
2015-12-19,0,21,26,0,21,22,0,23,35066,95,0,23,620,0,0,0,0,0,False,False,False
2015-12-20,0,20,26,0,21,22,0,23,35090,95,0,23,620,0,0,0,0,0,False,False,False
2015-12-21,0,21,26,0,21,22,0,23,35114,95,0,23,620,0,0,0,0,0,False,False,False
2015-12-22,0,22,26,0,21,22,0,23,35138,95,0,23,620,0,0,0,0,0,False,False,False
2015-12-23,0,22,26,0,21,22,0,23,35162,95,0,23,620,0,0,0,0,0,False,False,False
2015-12-24,0,22,26,0,21,22,0,23,35186,95,0,23,620,0,0,0,0,0,False,False,False
2015-12-25,0,19,26,1,21,22,0,23,35210,95,0,23,620,0,0,0,0,0,False,False,False
2015-12-26,0,19,26,0,21,22,0,23,35234,95,0,23,620,0,0,0,0,0,False,False,False
2015-12-27,0,18,26,65536,21,22,0,23,35258,95,0,23,620,0,0,0,0,0,False,False,False
2015-12-28,0,20,26,0,21,22,0,23,35282,95,0,23,620,0,0,0,0,0,False,False,False
2015-12-29,0,18,26,0,21,22,0,23,35306,95,0,23,620,0,0,0,0,0,False,False,False
2015-12-30,0,19,26,65536,21,22,0,23,35330,95,0,23,620,0,0,0,0,0,False,False,False
2015-12-31,0,20,26,65536,21,22,0,23,35354,95,0,23,620,0,0,0,0,0,False,False,False
2016-01-01,0,19,26,0,21,22,0,23,35378,95,0,23,620,0,0,0,0,0,False,False,False
2016-01-02,0,18,26,0,21,22,0,23,35402,95,0,23,620,0,0,0,0,0,False,False,False
2016-01-03,0,19,26,0,21,22,0,23,35426,95,0,23,620,0,0,0,0,0,False,False,False
2016-01-04,0,20,26,0,21,22,0,23,35450,95,0,23,620,0,0,0,0,0,False,False,False
2016-01-05,0,21,26,0,21,22,0,23,35474,95,0,23,620,0,0,0,0,0,False,False,False
2016-01-06,0,21,26,0,21,22,0,23,35498,95,0,23,620,0,0,0,0,0,False,False,False
2016-01-07,0,21,26,0,21,22,0,23,35522,95,0,23,620,0,0,0,0,0,False,False,False
2016-01-08,0,20,26,0,21,22,0,23,35546,95,0,23,620,0,0,0,0,0,False,False,False
2016-01-09,0,21,26,65536,21,22,0,23,35570,95,0,23,620,0,0,0,0,0,False,False,False
2016-01-10,0,21,26,0,21,22,0,23,35594,95,0,23,620,0,0,0,0,0,False,False,False
2016-01-11,0,20,26,0,21,22,0,23,35618,95,0,23,620,0,0,0,0,0,False,False,False
2016-01-12,0,20,26,1,21,22,0,23,35642,95,0,23,620,0,0,0,0,0,False,False,False
2016-01-13,0,22,26,2,21,22,0,23,35666,95,0,23,620,0,0,0,0,0,False,False,False
2016-01-14,0,21,26,0,21,22,0,23,35690,95,0,23,620,0,0,0,0,0,False,False,False
2016-01-15,0,22,26,0,21,22,0,23,35714,95,0,23,620,0,0,0,0,0,False,False,False
2016-01-16,0,22,26,65536,21,22,0,23,35738,95,0,23,620,0,0,0,0,0,False,False,False
2016-01-17,0,22,26,0,21,22,0,23,35762,95,0,23,620,0,0,0,0,0,False,False,False
2016-01-18,0,23,26,0,21,22,0,23,35786,95,0,23,620,0,0,0,0,0,False,False,False
2016-01-19,0,22,26,65536,21,22,0,23,35810,95,0,23,620,0,0,0,0,0,False,False,False
2016-01-20,0,23,26,0,21,22,0,23,35834,95,0,23,620,0,0,0,0,0,False,False,False
2016-01-21,0,22,26,0,21,22,0,23,35858,95,0,23,620,0,0,0,0,0,False,False,False
2016-01-22,0,23,26,65536,21,22,0,23,35882,95,0,23,620,0,0,0,0,0,False,False,False
2016-01-23,0,22,26,0,21,22,0,23,35906,95,0,23,620,0,0,0,0,0,False,False,False
2016-01-24,0,21,26,0,21,22,0,23,35930,95,0,23,620,0,0,0,0,0,False,False,False
2016-01-25,0,22,26,0,21,22,0,23,35954,95,0,23,620,0,0,0,0,0,False,False,False
2016-01-26,0,21,26,0,21,22,0,23,35978,95,0,23,620,0,0,0,0,0,False,False,False
2016-01-27,0,22,26,65536,21,22,0,23,36002,95,0,23,620,0,0,0,0,0,False,False,False
2016-01-28,0,22,26,0,21,22,0,23,36026,95,0,23,620,0,0,0,0,0,False,False,False
2016-01-29,0,23,26,0,21,22,0,23,36050,95,0,23,620,0,0,0,0,0,False,False,False
2016-01-30,0,23,26,65536,21,22,0,23,36074,95,0,23,620,0,0,0,0,0,False,False,False
2016-01-31,0,23,26,0,21,22,0,23,36098,95,0,23,620,0,0,0,0,0,False,False,False
2016-02-01,0,22,26,0,21,22,0,23,36122,95,0,23,620,0,0,0,0,0,False,False,False
2016-02-02,0,22,26,0,21,22,0,23,36146,95,0,23,620,0,0,0,0,0,False,False,False
2016-02-03,0,21,26,0,21,22,0,23,36170,95,0,23,620,0,0,0,0,0,False,False,False
2016-02-04,0,22,26,0,21,22,0,23,36194,95,0,23,620,0,0,0,0,0,False,False,False
2016-02-05,0,21,26,2,21,22,0,23,36218,95,0,23,620,0,0,0,0,0,False,False,False
2016-02-06,0,22,26,0,21,22,0,23,36242,95,0,23,620,0,0,0,0,0,False,False,False
2016-02-07,0,22,26,0,21,22,0,23,36266,95,0,23,620,0,0,0,0,0,False,False,False
2016-02-08,0,21,26,0,21,22,0,23,36290,95,0,23,620,0,0,0,0,0,False,False,False
2016-02-09,0,22,26,0,21,22,0,23,36314,95,0,23,620,0,0,0,0,0,False,False,False
2016-02-10,0,24,26,0,21,22,0,23,36338,95,0,23,620,0,0,0,0,0,False,False,False
2016-02-11,0,23,26,2,21,22,0,23,36362,95,0,23,620,0,0,0,0,0,False,False,False
2016-02-12,0,22,26,2,21,22,0,23,36386,95,0,23,620,0,0,0,0,0,False,False,False
2016-02-13,0,23,26,65536,21,22,0,23,36410,95,0,23,620,0,0,0,0,0,False,False,False
2016-02-14,0,22,26,0,21,22,0,23,36434,95,0,23,620,0,0,0,0,0,False,False,False
2016-02-15,0,22,26,0,21,22,0,23,36458,95,0,23,620,0,0,0,0,0,False,False,False
2016-02-16,0,21,26,0,21,22,0,23,36482,95,0,23,620,0,0,0,0,0,False,False,False
2016-02-17,0,22,26,1,21,22,0,23,36506,95,0,23,620,0,0,0,0,0,False,False,False
2016-02-18,0,22,26,0,21,22,0,23,36530,95,0,23,620,0,0,0,0,0,False,False,False
2016-02-19,0,22,26,0,21,22,0,23,36554,95,0,23,620,0,0,0,0,0,False,False,False
2016-02-20,0,22,26,1,21,22,0,23,36578,95,0,23,620,0,0,0,0,0,False,False,False
2016-02-21,0,22,26,0,21,22,0,23,36602,95,0,23,620,0,0,0,0,0,False,False,False
2016-02-22,0,22,26,0,21,22,0,23,36626,95,0,23,620,0,0,0,0,0,False,False,False
2016-02-23,0,22,26,65538,21,22,0,23,36650,95,0,23,620,0,0,0,0,0,False,False,False
2016-02-24,0,22,26,0,21,22,0,23,36674,95,0,23,620,0,0,0,0,0,False,False,False
2016-02-25,0,22,26,65536,21,22,0,23,36698,95,0,23,620,0,0,0,0,0,False,False,False
2016-02-26,0,22,26,1,21,22,0,23,36722,95,0,23,620,0,0,0,0,0,False,False,False
2016-02-27,0,22,26,65536,21,22,0,23,36746,95,0,23,620,0,0,0,0,0,False,False,False
2016-02-28,0,22,26,0,21,22,0,23,36770,95,0,23,620,0,0,0,0,0,False,False,False
2016-02-29,0,22,26,0,21,22,0,23,36794,95,0,23,620,0,0,0,0,0,False,False,False
2016-03-01,0,22,26,0,21,22,0,23,36818,95,0,23,620,0,0,0,0,0,False,False,False
2016-03-02,0,22,26,1,21,22,0,23,36842,95,0,23,620,0,0,0,0,0,False,False,False
2016-03-03,0,22,26,0,21,22,0,23,36866,95,0,23,620,0,0,0,0,0,False,False,False
2016-03-04,0,23,26,0,21,22,0,23,36890,95,0,23,620,0,0,0,0,0,False,False,False
2016-03-05,0,23,26,3,21,22,0,23,36914,95,0,23,620,0,0,0,0,0,False,False,False
2016-03-06,0,30,26,1,21,22,0,23,36938,95,0,23,620,0,0,0,0,0,False,False,False
2016-03-07,0,23,26,0,21,22,0,23,36962,95,0,23,620,0,0,0,0,0,False,False,False
2016-03-08,0,23,26,0,21,22,0,23,36986,95,0,23,620,0,0,0,0,0,False,False,False
2016-03-09,0,22,26,65536,21,22,0,23,37010,95,0,23,620,0,0,0,0,0,False,False,False
2016-03-10,0,22,26,65536,21,22,0,23,37034,95,0,23,620,0,0,0,0,0,False,False,False
2016-03-11,0,23,26,0,21,22,0,23,37058,95,0,23,620,0,0,0,0,0,False,False,False
2016-03-12,0,24,26,0,21,22,0,23,37082,95,0,23,620,0,0,0,0,0,False,False,False
2016-03-13,0,22,26,65536,21,22,0,23,37106,95,0,23,620,0,0,0,0,0,False,False,False
2016-03-14,0,23,26,1,21,22,0,23,37130,95,0,23,620,0,0,0,0,0,False,False,False
2016-03-15,0,24,26,0,21,22,0,23,37153,95,0,23,620,0,0,0,0,0,False,False,False
2016-03-16,0,24,26,65536,21,22,0,23,37177,95,0,23,620,0,0,0,0,0,False,False,False
2016-03-17,0,24,26,65537,21,22,0,23,37201,95,0,23,620,0,0,0,0,0,False,False,False
2016-03-18,0,23,26,1,21,22,0,23,37225,95,0,23,620,0,0,0,0,0,False,False,False
2016-03-19,0,23,26,0,21,22,0,23,37249,95,0,23,620,0,0,0,0,0,False,False,False
2016-03-20,0,23,26,0,21,22,0,23,37273,95,0,23,620,0,0,0,0,0,False,False,False
2016-03-21,0,23,26,0,21,22,0,23,37297,95,0,23,620,0,0,0,0,0,False,False,False
2016-03-22,0,23,26,0,21,22,0,23,37321,95,0,23,620,0,0,0,0,0,False,False,False
2016-03-23,0,24,26,0,21,22,0,23,37345,95,0,23,620,0,0,0,0,0,False,False,False
2016-03-24,0,23,26,65536,21,22,0,23,37369,95,0,23,620,0,0,0,0,0,False,False,False
2016-03-25,0,23,26,65537,21,22,0,23,37393,95,0,23,620,0,0,0,0,0,False,False,False
2016-03-26,0,23,26,2,21,22,0,23,37417,95,0,23,620,0,0,0,0,0,False,False,False
2016-03-27,0,23,26,0,21,22,0,23,37441,95,0,23,620,0,0,0,0,0,False,False,False
2016-03-28,0,23,26,0,21,22,0,23,37465,95,0,23,620,0,0,0,0,0,False,False,False
2016-03-29,0,23,26,0,21,22,0,23,37489,95,0,23,620,0,0,0,0,0,False,False,False
2016-03-30,0,24,26,131073,21,22,0,23,37513,95,0,23,620,0,0,0,0,0,False,False,False
2016-03-31,0,24,26,1,21,22,0,23,37537,95,0,23,620,0,0,0,0,0,False,False,False
2016-04-01,0,24,26,0,21,22,0,23,37561,95,0,23,620,0,0,0,0,0,False,False,False
2016-04-02,0,24,26,0,21,22,0,23,37585,95,0,23,620,0,0,0,0,0,False,False,False
2016-04-03,0,24,26,65536,21,22,0,23,37609,95,0,23,620,0,0,0,0,0,False,False,False
2016-04-04,0,24,26,0,21,22,0,23,37633,95,0,23,620,0,0,0,0,0,False,False,False
2016-04-05,0,24,26,1,21,22,0,23,37657,95,0,23,620,0,0,0,0,0,False,False,False
2016-04-06,0,23,26,0,21,22,0,23,37681,95,0,23,620,0,0,0,0,0,False,False,False
2016-04-07,0,23,26,131072,21,22,0,23,37705,95,0,23,620,0,0,0,0,0,False,False,False
2016-04-08,0,24,26,65536,21,22,0,23,37729,95,0,23,620,0,0,0,0,0,False,False,False
2016-04-09,0,24,26,0,21,22,0,23,37753,95,0,23,620,0,0,0,0,0,False,False,False
2016-04-10,0,23,26,0,21,22,0,23,37777,95,0,23,620,0,0,0,0,0,False,False,False
2016-04-11,0,24,26,0,21,22,0,23,37801,95,0,23,620,0,0,0,0,0,False,False,False
2016-04-12,0,24,26,131073,21,22,0,23,37825,95,0,23,620,0,0,0,0,0,False,False,False
2016-04-13,0,24,26,0,21,22,0,23,37849,95,0,23,620,0,0,0,0,0,False,False,False
2016-04-14,0,24,26,2,22,23,0,24,37873,95,0,24,620,0,0,0,0,0,False,False,False
2016-04-15,0,24,26,0,22,23,0,24,37897,95,0,24,620,0,0,0,0,0,False,False,False
2016-04-16,0,23,26,65536,22,23,0,24,37921,95,0,24,620,0,0,0,0,0,False,False,False
2016-04-17,0,23,26,0,22,23,0,24,37945,95,0,24,620,0,0,0,0,0,False,False,False
2016-04-18,0,23,26,0,22,23,0,24,37969,95,0,24,620,0,0,0,0,0,False,False,False
2016-04-19,0,24,26,0,22,23,0,24,37992,95,0,24,620,0,0,0,0,0,False,False,False
2016-04-20,0,23,26,1,22,23,0,24,38017,95,0,24,620,0,0,0,0,0,False,False,False
2016-04-21,0,24,26,0,22,23,0,24,38041,95,0,24,620,0,0,0,0,0,False,False,False
2016-04-22,0,23,26,65536,22,23,0,24,38065,95,0,24,620,0,0,0,0,0,False,False,False
2016-04-23,0,24,26,0,22,23,0,24,38089,95,0,24,620,0,0,0,0,0,False,False,False
2016-04-24,0,23,26,131072,22,23,0,24,38113,95,0,24,620,0,0,0,0,0,False,False,False
2016-04-25,0,24,26,1,22,23,0,24,38137,95,0,24,620,0,0,0,0,0,False,False,False
2016-04-26,0,23,26,65536,22,23,0,24,38161,95,0,24,620,0,0,0,0,0,False,False,False
2016-04-27,0,23,26,65536,22,23,0,24,38185,95,0,24,620,0,0,0,0,0,False,False,False
2016-04-28,0,24,26,65536,22,23,0,24,38209,95,0,24,620,0,0,0,0,0,False,False,False
2016-04-29,0,23,26,1,22,23,0,24,38233,95,0,24,620,0,0,0,0,0,False,False,False
2016-04-30,0,23,26,0,22,23,0,24,38257,95,0,24,620,0,0,0,0,0,False,False,False
2016-05-01,0,24,26,0,22,23,0,24,38281,95,0,24,620,0,0,0,0,0,False,False,False
2016-05-02,0,23,26,1,22,23,0,24,38304,95,0,24,620,0,0,0,0,0,False,False,False
2016-05-03,0,24,26,0,22,23,0,24,38329,95,0,24,620,0,0,0,0,0,False,False,False
2016-05-04,0,24,26,131072,22,23,0,24,38353,95,0,24,620,0,0,0,0,0,False,False,False
2016-05-05,0,24,26,0,22,23,0,24,38377,95,0,24,620,0,0,0,0,0,False,False,False
2016-05-06,0,25,26,65536,22,23,0,24,38401,95,0,24,620,0,0,0,0,0,False,False,False
2016-05-07,0,25,26,0,22,23,0,24,38425,95,0,24,620,0,0,0,0,0,False,False,False
2016-05-08,0,24,26,65536,22,23,0,24,38449,95,0,24,620,0,0,0,0,0,False,False,False
2016-05-09,0,25,26,131072,22,23,0,24,38472,95,0,24,620,0,0,0,0,0,False,False,False
2016-05-10,0,25,26,65536,22,23,0,24,38497,95,0,24,620,0,0,0,0,0,False,False,False
2016-05-11,0,25,26,0,22,23,0,24,38521,95,0,24,620,0,0,0,0,0,False,False,False
2016-05-12,0,25,26,0,22,23,0,24,38545,95,0,24,620,0,0,0,0,0,False,False,False
2016-05-13,0,25,26,65536,22,23,0,24,38569,95,0,24,620,0,0,0,0,0,False,False,False
2016-05-14,0,24,26,0,22,23,0,24,38593,95,0,24,620,0,0,0,0,0,False,False,False
2016-05-15,0,25,26,0,22,23,0,24,38617,95,0,24,620,0,0,0,0,0,False,False,False
2016-05-16,0,25,26,65536,22,23,0,24,38641,95,0,24,620,0,0,0,0,0,False,False,False
2016-05-17,0,25,26,0,22,23,0,24,38665,95,0,24,620,0,0,0,0,0,False,False,False
2016-05-18,0,26,26,65536,22,23,0,24,38689,95,0,24,620,0,0,0,0,0,False,False,False
2016-05-19,0,25,26,0,22,23,0,24,38713,95,0,24,620,0,0,0,0,0,False,False,False
2016-05-20,0,25,26,1,22,23,0,24,38737,95,0,24,620,0,0,0,0,0,False,False,False
2016-05-21,0,24,26,0,22,23,0,24,38761,95,0,24,620,0,0,0,0,0,False,False,False
2016-05-22,0,25,26,0,22,23,0,24,38785,95,0,24,620,0,0,0,0,0,False,False,False
2016-05-23,0,24,26,65536,22,23,0,24,38809,95,0,24,620,0,0,0,0,0,False,False,False
2016-05-24,0,25,26,65536,22,23,0,24,38833,95,0,24,620,0,0,0,0,0,False,False,False
2016-05-25,0,25,26,65536,22,23,0,24,38857,95,0,24,620,0,0,0,0,0,False,False,False
2016-05-26,0,25,26,0,22,23,0,24,38881,95,0,24,620,0,0,0,0,0,False,False,False
2016-05-27,0,25,26,1,22,23,0,24,38905,95,0,24,620,0,0,0,0,0,False,False,False
2016-05-28,0,25,26,0,22,23,0,24,38929,95,0,24,620,0,0,0,0,0,False,False,False
2016-05-29,0,25,26,0,22,23,0,24,38953,95,0,24,620,0,0,0,0,0,False,False,False
2016-05-30,0,26,26,0,22,23,0,24,38977,95,0,24,620,0,0,0,0,0,False,False,False
2016-05-31,0,26,26,0,22,23,0,24,39001,95,0,24,620,0,0,0,0,0,False,False,False
2016-06-01,0,26,26,0,22,23,0,24,39024,95,0,24,620,0,0,0,0,0,False,False,False
2016-06-02,0,26,26,65536,22,23,0,24,39049,95,0,24,620,0,0,0,0,0,False,False,False
2016-06-03,0,26,26,1,22,23,0,24,39073,95,0,24,620,0,0,0,0,0,False,False,False
2016-06-04,0,26,26,0,22,23,0,24,39097,95,0,24,620,0,0,0,0,0,False,False,False
2016-06-05,0,26,26,65536,22,23,0,24,39121,95,0,24,620,0,0,0,0,0,False,False,False
2016-06-06,0,26,26,65537,22,23,0,24,39145,95,0,24,620,0,0,0,0,0,False,False,False
2016-06-07,0,26,26,0,22,23,0,24,39169,95,0,24,620,0,0,0,0,0,False,False,False
2016-06-08,0,26,26,0,22,23,0,24,39193,95,0,24,620,0,0,0,0,0,False,False,False
2016-06-09,0,26,26,65537,22,23,0,24,39217,95,0,24,620,0,0,0,0,0,False,False,False
2016-06-10,0,26,26,0,22,23,0,24,39241,95,0,24,620,0,0,0,0,0,False,False,False
2016-06-11,0,26,26,0,22,23,0,24,39265,95,0,24,620,0,0,0,0,0,False,False,False
2016-06-12,0,26,26,65537,22,23,0,24,39289,95,0,24,620,0,0,0,0,0,False,False,False
2016-06-13,0,26,26,0,22,23,0,24,39313,95,0,24,620,0,0,0,0,0,False,False,False
2016-06-14,0,25,26,0,22,23,0,24,39337,95,0,24,620,0,0,0,0,0,False,False,False
2016-06-15,0,25,26,0,22,23,0,24,39361,95,0,24,620,0,0,0,0,0,False,False,False
2016-06-16,0,25,26,0,22,23,0,24,39385,95,0,24,620,0,0,0,0,0,False,False,False
2016-06-17,0,26,26,0,22,23,0,24,39409,95,0,24,620,0,0,0,0,0,False,False,False
2016-06-18,0,26,26,0,22,23,0,24,39433,95,0,24,620,0,0,0,0,0,False,False,False
2016-06-19,0,25,26,0,22,23,0,24,39457,95,0,24,620,0,0,0,0,0,False,False,False
2016-06-20,0,26,26,0,22,23,0,24,39481,95,0,24,620,0,0,0,0,0,False,False,False
2016-06-21,0,28,26,65538,22,23,0,24,39505,95,0,24,620,0,0,0,0,0,False,False,False
2016-06-22,0,28,26,65536,22,23,0,24,39529,95,0,24,620,0,0,0,0,0,False,False,False
2016-06-23,0,29,26,1,22,23,0,24,39553,95,0,24,620,0,0,0,0,0,False,False,False
2016-06-24,0,29,26,0,22,23,0,24,39577,95,0,24,620,0,0,0,0,0,False,False,False
2016-06-25,0,29,26,65536,22,23,0,24,39601,95,0,24,620,0,0,0,0,0,False,False,False
2016-06-26,0,29,26,0,22,23,0,24,39625,95,0,24,620,0,0,0,0,0,False,False,False
2016-06-27,0,30,26,65536,22,23,0,24,39649,95,0,24,620,0,0,0,0,0,False,False,False
2016-06-28,0,30,26,1,22,23,0,24,39673,95,0,24,620,0,0,0,0,0,False,False,False
2016-06-29,0,30,26,0,22,23,0,24,39697,95,0,24,620,0,0,0,0,0,False,False,False
2016-06-30,0,30,26,0,22,23,0,24,39721,95,0,24,620,0,0,0,0,0,False,False,False
