date,failure,Smart 194: Temperature_Celsius (Raw Value),Smart 1: Raw_Read_Error_Rate (Raw Value),Smart 12: Power_Cycle_Count (Raw Value),Smart 4: Start_Stop_Count (Raw Value),Smart 10: Spin_Retry_Count (Raw Value),Smart 192: Power-Off_Retract_Count (Raw Value),Smart 9: Power_On_Hours (Raw Value),Smart 7: Seek_Error_Rate (Raw Value),Smart 193: Load_Cycle_Count (Raw Value),Smart 3: Spin_Up_Time (Raw Value),Smart 11: Calibration_Retry_Count (Raw Value),Smart 200: Multi_Zone_Error_Rate (Raw Value),Smart 5: Reallocated_Sector_Ct (Raw Value),Smart 197: Current_Pending_Sector (Raw Value),Smart 198: Offline_Uncorrectable (Raw Value),Smart 199: UDMA_CRC_Error_Count (Raw Value),Smart 196: Reallocated_Event_Count (Raw Value),op_fail_30,op_fail_15,op_fail_1
2013-10-15,0,22,0,,,,,959,,,,,,0,0,,,,False,False,False
2013-10-16,0,22,0,,,,,983,,,,,,0,0,,,,False,False,False
2013-10-17,0,22,0,,,,,1007,,,,,,0,0,,,,False,False,False
2013-10-18,0,23,0,,,,,1031,,,,,,0,0,,,,False,False,False
2013-10-19,0,23,0,,,,,1055,,,,,,0,0,,,,False,False,False
2013-10-20,0,22,0,,,,,1079,,,,,,0,0,,,,False,False,False
2013-10-21,0,22,0,,,,,1103,,,,,,0,0,,,,False,False,False
2013-10-22,0,22,0,,,,,1127,,,,,,0,0,,,,False,False,False
2013-10-23,0,23,0,,,,,1151,,,,,,0,0,,,,False,False,False
2013-10-24,0,23,0,,,,,1175,,,,,,0,0,,,,False,False,False
2013-10-25,0,25,0,,,,,1199,,,,,,0,0,,,,False,False,False
2013-10-26,0,25,0,,,,,1223,,,,,,0,0,,,,False,False,False
2013-10-27,0,25,0,,,,,1247,,,,,,0,0,,,,False,False,False
2013-10-28,0,25,0,,,,,1271,,,,,,0,0,,,,False,False,False
2013-10-29,0,25,0,,,,,1295,,,,,,0,0,,,,False,False,False
2013-10-30,0,25,0,,,,,1318,,,,,,0,0,,,,False,False,False
2013-10-31,0,25,0,,,,,1342,,,,,,0,0,,,,False,False,False
2013-11-01,0,25,0,,,,,1367,,,,,,0,0,,,,False,False,False
2013-11-02,0,23,0,,,,,1391,,,,,,0,0,,,,False,False,False
2013-11-03,0,26,0,,,,,1414,,,,,,0,0,,,,False,False,False
2013-11-04,0,25,0,,,,,1439,,,,,,0,0,,,,False,False,False
2013-11-05,0,23,0,,,,,1464,,,,,,0,0,,,,False,False,False
2013-11-06,0,22,0,,,,,1488,,,,,,0,0,,,,False,False,False
2013-11-07,0,25,0,,,,,1511,,,,,,0,0,,,,False,False,False
2013-11-08,0,26,0,,,,,1535,,,,,,0,0,,,,False,False,False
2013-11-09,0,26,0,,,,,1559,,,,,,0,0,,,,False,False,False
2013-11-10,0,23,0,,,,,1583,,,,,,0,0,,,,False,False,False
2013-11-11,0,22,0,,,,,1607,,,,,,0,0,,,,False,False,False
2013-11-12,0,26,0,,,,,1631,,,,,,0,0,,,,False,False,False
2013-11-13,0,26,0,,,,,1655,,,,,,0,0,,,,False,False,False
2013-11-14,0,26,0,,,,,1679,,,,,,0,0,,,,False,False,False
2013-11-15,0,25,0,,,,,1703,,,,,,0,0,,,,False,False,False
2013-11-16,0,25,0,,,,,1727,,,,,,0,0,,,,False,False,False
2013-11-17,0,25,0,,,,,1751,,,,,,0,0,,,,False,False,False
2013-11-18,0,25,0,,,,,1775,,,,,,0,0,,,,False,False,False
2013-11-19,0,25,0,,,,,1799,,,,,,0,0,,,,False,False,False
2013-11-20,0,25,0,,,,,1823,,,,,,0,0,,,,False,False,False
2013-11-21,0,25,0,,,,,1847,,,,,,0,0,,,,False,False,False
2013-11-22,0,25,0,,,,,1871,,,,,,0,0,,,,False,False,False
2013-11-23,0,25,0,,,,,1895,,,,,,0,0,,,,False,False,False
2013-11-24,0,25,0,,,,,1919,,,,,,0,0,,,,False,False,False
2013-11-25,0,25,0,,,,,1943,,,,,,0,0,,,,False,False,False
2013-11-26,0,26,0,,,,,1967,,,,,,0,0,,,,False,False,False
2013-11-27,0,26,0,,,,,1991,,,,,,0,0,,,,False,False,False
2013-11-28,0,26,0,,,,,2015,,,,,,0,0,,,,False,False,False
2013-11-29,0,26,0,,,,,2039,,,,,,0,0,,,,False,False,False
2013-11-30,0,26,0,,,,,2063,,,,,,0,0,,,,False,False,False
2013-12-01,0,26,0,,,,,2087,,,,,,0,0,,,,False,False,False
2013-12-02,0,26,0,,,,,2111,,,,,,0,0,,,,False,False,False
2013-12-03,0,26,0,,,,,2134,,,,,,0,0,,,,False,False,False
2013-12-04,0,26,0,,,,,2159,,,,,,0,0,,,,False,False,False
2013-12-05,0,27,0,,,,,2182,,,,,,0,0,,,,False,False,False
2013-12-06,0,27,0,,,,,2207,,,,,,0,0,,,,False,False,False
2013-12-07,0,26,0,,,,,2230,,,,,,0,0,,,,False,False,False
2013-12-08,0,27,0,,,,,2254,,,,,,0,0,,,,False,False,False
2013-12-09,0,27,0,,,,,2278,,,,,,0,0,,,,False,False,False
2013-12-10,0,26,0,,,,,2302,,,,,,0,0,,,,False,False,False
2013-12-11,0,26,0,,,,,2326,,,,,,0,0,,,,False,False,False
2013-12-12,0,26,0,,,,,2350,,,,,,0,0,,,,False,False,False
2013-12-13,0,26,0,,,,,2374,,,,,,0,0,,,,False,False,False
2013-12-14,0,26,0,,,,,2398,,,,,,0,0,,,,False,False,False
2013-12-15,0,25,0,,,,,2422,,,,,,0,0,,,,False,False,False
2013-12-16,0,26,0,,,,,2446,,,,,,0,0,,,,False,False,False
2013-12-17,0,26,0,,,,,2470,,,,,,0,0,,,,False,False,False
2013-12-18,0,26,0,,,,,2494,,,,,,0,0,,,,False,False,False
2013-12-19,0,26,0,,,,,2518,,,,,,0,0,,,,False,False,False
2013-12-20,0,27,0,,,,,2542,,,,,,0,0,,,,False,False,False
2013-12-21,0,27,0,,,,,2566,,,,,,0,0,,,,False,False,False
2013-12-22,0,27,0,,,,,2590,,,,,,0,0,,,,False,False,False
2013-12-23,0,27,0,,,,,2614,,,,,,0,0,,,,False,False,False
2013-12-24,0,27,0,,,,,2638,,,,,,0,0,,,,False,False,False
2013-12-25,0,26,0,,,,,2662,,,,,,0,0,,,,False,False,False
2013-12-26,0,25,0,,,,,2686,,,,,,0,0,,,,False,False,False
2013-12-27,0,27,0,,,,,2710,,,,,,0,0,,,,False,False,False
2013-12-28,0,27,0,,,,,2734,,,,,,0,0,,,,False,False,False
2013-12-29,0,27,0,,,,,2758,,,,,,0,0,,,,False,False,False
2013-12-30,0,27,0,,,,,2782,,,,,,0,0,,,,False,False,False
2013-12-31,0,26,0,,,,,2806,,,,,,0,0,,,,False,False,False
2014-01-01,0,27,0,,,,,2830,,,,,,0,0,,,,False,False,False
2014-01-02,0,26,0,,,,,2854,,,,,,0,0,,,,False,False,False
2014-01-03,0,26,0,,,,,2878,,,,,,0,0,,,,False,False,False
2014-01-04,0,26,0,,,,,2902,,,,,,0,0,,,,False,False,False
2014-01-05,0,26,0,,,,,2926,,,,,,0,0,,,,False,False,False
2014-01-06,0,26,0,,,,,2950,,,,,,0,0,,,,False,False,False
2014-01-07,0,26,0,,,,,2973,,,,,,0,0,,,,False,False,False
2014-01-08,0,26,0,,,,,2997,,,,,,0,0,,,,False,False,False
2014-01-09,0,26,0,,,,,3022,,,,,,0,0,,,,False,False,False
2014-01-10,0,27,0,,,,,3045,,,,,,0,0,,,,False,False,False
2014-01-11,0,27,0,,,,,3070,,,,,,0,0,,,,False,False,False
2014-01-12,0,26,0,,,,,3093,,,,,,0,0,,,,False,False,False
2014-01-13,0,26,0,,,,,3117,,,,,,0,0,,,,False,False,False
2014-01-14,0,26,0,,,,,3141,,,,,,0,0,,,,False,False,False
2014-01-15,0,26,0,,,,,3165,,,,,,0,0,,,,False,False,False
2014-01-16,0,27,0,,,,,3189,,,,,,0,0,,,,False,False,False
2014-01-17,0,27,0,,,,,3213,,,,,,0,0,,,,False,False,False
2014-01-18,0,27,0,,,,,3237,,,,,,0,0,,,,False,False,False
2014-01-19,0,27,0,,,,,3261,,,,,,0,0,,,,False,False,False
2014-01-20,0,27,0,,,,,3285,,,,,,0,0,,,,False,False,False
2014-01-21,0,27,0,,,,,3309,,,,,,0,0,,,,False,False,False
2014-01-22,0,26,0,,,,,3333,,,,,,0,0,,,,False,False,False
2014-01-23,0,26,0,,,,,3357,,,,,,0,0,,,,False,False,False
2014-01-24,0,25,0,,,,,3381,,,,,,0,0,,,,False,False,False
2014-01-25,0,25,0,,,,,3405,,,,,,0,0,,,,False,False,False
2014-01-26,0,25,0,,,,,3429,,,,,,0,0,,,,False,False,False
2014-01-27,0,25,0,,,,,3453,,,,,,0,0,,,,False,False,False
2014-01-28,0,25,0,,,,,3477,,,,,,0,0,,,,False,False,False
2014-01-29,0,25,0,,,,,3501,,,,,,0,0,,,,False,False,False
2014-01-30,0,25,0,,,,,3525,,,,,,0,0,,,,False,False,False
2014-01-31,0,25,0,,,,,3549,,,,,,0,0,,,,False,False,False
2014-02-01,0,25,0,,,,,3573,,,,,,0,0,,,,False,False,False
2014-02-02,0,25,0,,,,,3597,,,,,,0,0,,,,False,False,False
2014-02-03,0,25,0,,,,,3621,,,,,,0,0,,,,False,False,False
2014-02-04,0,25,0,,,,,3645,,,,,,0,0,,,,False,False,False
2014-02-05,0,25,0,,,,,3668,,,,,,0,0,,,,False,False,False
2014-02-06,0,24,0,,,,,3691,,,,,,0,0,,,,False,False,False
2014-02-07,0,25,0,,,,,3715,,,,,,0,0,,,,False,False,False
2014-02-08,0,24,0,,,,,3739,,,,,,0,0,,,,False,False,False
2014-02-09,0,25,0,,,,,3763,,,,,,0,0,,,,False,False,False
2014-02-10,0,25,0,,,,,3787,,,,,,0,0,,,,False,False,False
2014-02-11,0,25,0,,,,,3811,,,,,,0,0,,,,False,False,False
2014-02-12,0,24,0,,,,,3835,,,,,,0,0,,,,False,False,False
2014-02-13,0,25,0,,,,,3859,,,,,,0,0,,,,False,False,False
2014-02-14,0,25,0,25,25,0,2,3883,0,22,6066,0,0,0,0,0,0,0,False,False,False
2014-02-15,0,24,0,25,25,0,2,3907,0,22,6066,0,0,0,0,0,0,0,False,False,False
2014-02-16,0,24,0,25,25,0,2,3930,0,22,6066,0,0,0,0,0,0,0,False,False,False
2014-02-17,0,24,0,25,25,0,2,3955,0,22,6066,0,0,0,0,0,0,0,False,False,False
2014-02-18,0,24,0,25,25,0,2,3979,0,22,6066,0,0,0,0,0,0,0,False,False,False
2014-02-19,0,24,0,25,25,0,2,4002,0,22,6066,0,0,0,0,0,0,0,False,False,False
2014-02-20,0,24,0,25,25,0,2,4027,0,22,6066,0,0,0,0,0,0,0,False,False,False
2014-02-21,0,24,0,25,25,0,2,4051,0,22,6066,0,0,0,0,0,0,0,False,False,False
2014-02-22,0,26,0,26,26,0,2,4074,0,23,6066,0,0,0,0,0,0,0,False,False,False
2014-02-23,0,25,0,26,26,0,2,4098,0,23,6066,0,0,0,0,0,0,0,False,False,False
2014-02-24,0,25,0,26,26,0,2,4122,0,23,6066,0,0,0,0,0,0,0,False,False,False
2014-02-25,0,25,0,26,26,0,2,4147,0,23,6066,0,0,0,0,0,0,0,False,False,False
2014-02-26,0,25,0,26,26,0,2,4170,0,23,6066,0,0,0,0,0,0,0,False,False,False
2014-02-27,0,25,0,27,27,0,2,4194,0,24,6066,0,0,0,0,0,0,0,False,False,False
2014-02-28,0,24,0,27,27,0,2,4218,0,24,6066,0,0,0,0,0,0,0,False,False,False
2014-03-01,0,24,0,27,27,0,2,4242,0,24,6066,0,0,0,0,0,0,0,False,False,False
2014-03-02,0,24,0,27,27,0,2,4266,0,24,6066,0,0,0,0,0,0,0,False,False,False
2014-03-03,0,24,0,27,27,0,2,4290,0,24,6066,0,0,0,0,0,0,0,False,False,False
2014-03-04,0,24,0,27,27,0,2,4314,0,24,6066,0,0,0,0,0,0,0,False,False,False
2014-03-05,0,24,0,27,27,0,2,4338,0,24,6066,0,0,0,0,0,0,0,False,False,False
2014-03-06,0,24,0,27,27,0,2,4362,0,24,6066,0,0,0,0,0,0,0,False,False,False
2014-03-07,0,24,0,27,27,0,2,4386,0,24,6066,0,0,0,0,0,0,0,False,False,False
2014-03-08,0,24,0,27,27,0,2,4410,0,24,6066,0,0,0,0,0,0,0,False,False,False
2014-03-09,0,24,0,27,27,0,2,4434,0,24,6066,0,0,0,0,0,0,0,False,False,False
2014-03-10,0,24,0,27,27,0,2,4458,0,24,6066,0,0,0,0,0,0,0,False,False,False
2014-03-11,0,24,0,27,27,0,2,4481,0,24,6066,0,0,0,0,0,0,0,False,False,False
2014-03-12,0,23,0,27,27,0,2,4505,0,24,6066,0,0,0,0,0,0,0,False,False,False
2014-03-13,0,23,0,27,27,0,2,4529,0,24,6066,0,0,0,0,0,0,0,False,False,False
2014-03-14,0,23,0,27,27,0,2,4553,0,24,6066,0,0,0,0,0,0,0,False,False,False
2014-03-15,0,23,0,27,27,0,2,4577,0,24,6066,0,0,0,0,0,0,0,False,False,False
2014-03-16,0,23,0,27,27,0,2,4601,0,24,6066,0,0,0,0,0,0,0,False,False,False
2014-03-17,0,23,0,27,27,0,2,4625,0,24,6066,0,0,0,0,0,0,0,False,False,False
2014-03-18,0,23,0,27,27,0,2,4649,0,24,6066,0,0,0,0,0,0,0,False,False,False
2014-03-19,0,23,0,27,27,0,2,4673,0,24,6066,0,0,0,0,0,0,0,False,False,False
2014-03-20,0,23,0,28,28,0,2,4697,0,25,6075,0,0,0,0,0,0,0,False,False,False
2014-03-21,0,23,0,29,29,0,2,4720,0,26,6083,0,0,0,0,0,0,0,False,False,False
2014-03-22,0,22,0,29,29,0,2,4744,0,26,6083,0,0,0,0,0,0,0,False,False,False
2014-03-23,0,21,0,29,29,0,2,4768,0,26,6083,0,0,0,0,0,0,0,False,False,False
2014-03-24,0,23,0,29,29,0,2,4792,0,26,6083,0,0,0,0,0,0,0,False,False,False
2014-03-25,0,24,0,32,32,0,2,4816,0,29,6075,0,0,0,0,0,0,0,False,False,False
2014-03-26,0,23,0,32,32,0,2,4840,0,29,6075,0,0,0,0,0,0,0,False,False,False
2014-03-27,0,24,0,32,32,0,2,4863,0,29,6075,0,0,0,0,0,0,0,False,False,False
2014-03-28,0,24,0,32,32,0,2,4888,0,29,6075,0,0,0,0,0,0,0,False,False,False
2014-03-29,0,24,0,32,32,0,2,4912,0,29,6075,0,0,0,0,0,0,0,False,False,False
2014-03-30,0,24,0,32,32,0,2,4935,0,29,6075,0,0,0,0,0,0,0,False,False,False
2014-03-31,0,24,0,32,32,0,2,4960,0,29,6075,0,0,0,0,0,0,0,False,False,False
2014-04-01,0,24,0,32,32,0,2,4984,0,29,6075,0,0,0,0,0,0,0,False,False,False
2014-04-02,0,24,0,32,32,0,2,5007,0,29,6075,0,0,0,0,0,0,0,False,False,False
2014-04-03,0,24,0,32,32,0,2,5031,0,29,6075,0,0,0,0,0,0,0,False,False,False
2014-04-04,0,24,0,32,32,0,2,5056,0,29,6075,0,0,0,0,0,0,0,False,False,False
2014-04-05,0,24,0,32,32,0,2,5079,0,29,6075,0,0,0,0,0,0,0,False,False,False
2014-04-06,0,24,0,32,32,0,2,5103,0,29,6075,0,0,0,0,0,0,0,False,False,False
2014-04-07,0,23,0,32,32,0,2,5128,0,29,6075,0,0,0,0,0,0,0,False,False,False
2014-04-08,0,24,0,32,32,0,2,5151,0,29,6075,0,0,0,0,0,0,0,False,False,False
2014-04-09,0,24,0,32,32,0,2,5175,0,29,6075,0,0,0,0,0,0,0,False,False,False
2014-04-10,0,24,0,32,32,0,2,5200,0,29,6075,0,0,0,0,0,0,0,False,False,False
2014-04-11,0,23,0,32,32,0,2,5223,0,29,6075,0,0,0,0,0,0,0,False,False,False
2014-04-12,0,24,0,32,32,0,2,5247,0,29,6075,0,0,0,0,0,0,0,False,False,False
2014-04-13,0,24,0,32,32,0,2,5271,0,29,6075,0,0,0,0,0,0,0,False,False,False
2014-04-14,0,23,0,32,32,0,2,5295,0,29,6075,0,0,0,0,0,0,0,False,False,False
2014-04-15,0,24,0,32,32,0,2,5319,0,29,6075,0,0,0,0,0,0,0,False,False,False
2014-04-16,0,24,0,32,32,0,2,5343,0,29,6075,0,0,0,0,0,0,0,False,False,False
2014-04-17,0,24,0,32,32,0,2,5367,0,29,6075,0,0,0,0,0,0,0,False,False,False
2014-04-18,0,24,0,32,32,0,2,5391,0,29,6075,0,0,0,0,0,0,0,False,False,False
2014-04-19,0,24,0,32,32,0,2,5415,0,29,6075,0,0,0,0,0,0,0,False,False,False
2014-04-20,0,21,0,32,32,0,2,5439,0,29,6075,0,0,0,0,0,0,0,False,False,False
2014-04-21,0,21,0,32,32,0,2,5463,0,29,6075,0,0,0,0,0,0,0,False,False,False
2014-04-22,0,23,0,32,32,0,2,5487,0,29,6075,0,0,0,0,0,0,0,False,False,False
2014-04-23,0,23,0,32,32,0,2,5511,0,29,6075,0,0,0,0,0,0,0,False,False,False
2014-04-24,0,25,0,32,32,0,2,5535,0,29,6075,0,0,0,0,0,0,0,False,False,False
2014-04-25,0,25,0,32,32,0,2,5559,0,29,6075,0,0,0,0,0,0,0,False,False,False
2014-04-26,0,24,0,32,32,0,2,5583,0,29,6075,0,0,0,0,0,0,0,False,False,False
2014-04-27,0,25,0,32,32,0,2,5607,0,29,6075,0,0,0,0,0,0,0,False,False,False
2014-04-28,0,25,0,32,32,0,2,5631,0,29,6075,0,0,0,0,0,0,0,False,False,False
2014-04-29,0,25,0,32,32,0,2,5655,0,29,6075,0,0,0,0,0,0,0,False,False,False
2014-04-30,0,25,0,32,32,0,2,5679,0,29,6075,0,0,0,0,0,0,0,False,False,False
2014-05-01,0,25,0,32,32,0,2,5703,0,29,6075,0,0,0,0,0,0,0,False,False,False
2014-05-02,0,25,0,32,32,0,2,5727,0,29,6075,0,0,0,0,0,0,0,False,False,False
2014-05-03,0,24,0,32,32,0,2,5750,0,29,6075,0,0,0,0,0,0,0,False,False,False
2014-05-04,0,24,0,32,32,0,2,5775,0,29,6075,0,0,0,0,0,0,0,False,False,False
2014-05-05,0,24,0,32,32,0,2,5799,0,29,6075,0,0,0,0,0,0,0,False,False,False
2014-05-06,0,22,0,32,32,0,2,5822,0,29,6075,0,0,0,0,0,0,0,False,False,False
2014-05-07,0,23,0,33,33,0,2,5846,0,30,6083,0,0,0,0,0,0,0,False,False,False
2014-05-08,0,23,0,33,33,0,2,5871,0,30,6083,0,0,0,0,0,0,0,False,False,False
2014-05-09,0,23,0,33,33,0,2,5894,0,30,6083,0,0,0,0,0,0,0,False,False,False
2014-05-10,0,24,0,33,33,0,2,5918,0,30,6083,0,0,0,0,0,0,0,False,False,False
2014-05-11,0,24,0,33,33,0,2,5943,0,30,6083,0,0,0,0,0,0,0,False,False,False
2014-05-12,0,24,0,33,33,0,2,5966,0,30,6083,0,0,0,0,0,0,0,False,False,False
2014-05-13,0,24,0,33,33,0,2,5990,0,30,6083,0,0,0,0,0,0,0,False,False,False
2014-05-14,0,24,0,33,33,0,2,6014,0,30,6083,0,0,0,0,0,0,0,False,False,False
2014-05-15,0,24,0,33,33,0,2,6038,0,30,6083,0,0,0,0,0,0,0,False,False,False
2014-05-16,0,24,0,33,33,0,2,6062,0,30,6083,0,0,0,0,0,0,0,False,False,False
2014-05-17,0,24,0,33,33,0,2,6086,0,30,6083,0,0,0,0,0,0,0,False,False,False
2014-05-18,0,28,0,33,33,0,2,6110,0,30,6083,0,0,0,0,0,0,0,False,False,False
2014-05-19,0,29,0,33,33,0,2,6134,0,30,6083,0,0,0,0,0,0,0,False,False,False
2014-05-20,0,28,0,33,33,0,2,6158,0,30,6083,0,0,0,0,0,0,0,False,False,False
2014-05-21,0,28,0,33,33,0,2,6183,0,30,6083,0,0,0,0,0,0,0,False,False,False
2014-05-22,0,28,0,33,33,0,2,6206,0,30,6083,0,0,0,0,0,0,0,False,False,False
2014-05-23,0,27,0,33,33,0,2,6230,0,30,6083,0,0,0,0,0,0,0,False,False,False
2014-05-24,0,27,0,33,33,0,2,6254,0,30,6083,0,0,0,0,0,0,0,False,False,False
2014-05-25,0,27,0,33,33,0,2,6278,0,30,6083,0,0,0,0,0,0,0,False,False,False
2014-05-26,0,25,0,33,33,0,2,6302,0,30,6083,0,0,0,0,0,0,0,False,False,False
2014-05-27,0,26,0,33,33,0,2,6326,0,30,6083,0,0,0,0,0,0,0,False,False,False
2014-05-28,0,26,0,33,33,0,2,6350,0,30,6083,0,0,0,0,0,0,0,False,False,False
2014-05-29,0,28,0,33,33,0,2,6374,0,30,6083,0,0,0,0,0,0,0,False,False,False
2014-05-30,0,28,0,33,33,0,2,6398,0,30,6083,0,0,0,0,0,0,0,False,False,False
2014-05-31,0,25,0,33,33,0,2,6422,0,30,6083,0,0,0,0,0,0,0,False,False,False
2014-06-01,0,28,0,33,33,0,2,6446,0,30,6083,0,0,0,0,0,0,0,False,False,False
2014-06-02,0,28,0,33,33,0,2,6470,0,30,6083,0,0,0,0,0,0,0,False,False,False
2014-06-03,0,26,0,33,33,0,2,6494,0,30,6083,0,0,0,0,0,0,0,False,False,False
2014-06-04,0,27,0,33,33,0,2,6518,0,30,6083,0,0,0,0,0,0,0,False,False,False
2014-06-05,0,27,0,35,35,0,2,6542,0,32,6066,0,0,0,0,0,0,0,False,False,False
2014-06-06,0,27,0,35,35,0,2,6566,0,32,6066,0,0,0,0,0,0,0,False,False,False
2014-06-07,0,27,0,35,35,0,2,6590,0,32,6066,0,0,0,0,0,0,0,False,False,False
2014-06-08,0,28,0,35,35,0,2,6614,0,32,6066,0,0,0,0,0,0,0,False,False,False
2014-06-09,0,28,0,35,35,0,2,6638,0,32,6066,0,0,0,0,0,0,0,False,False,False
2014-06-10,0,28,0,37,37,0,2,6661,0,34,6066,0,0,0,0,0,0,0,False,False,False
2014-06-11,0,29,0,37,37,0,2,6686,0,34,6066,0,0,0,0,0,0,0,False,False,False
2014-06-12,0,28,0,37,37,0,2,6709,0,34,6066,0,0,0,0,0,0,0,False,False,False
2014-06-13,0,28,0,37,37,0,2,6733,0,34,6066,0,0,0,0,0,0,0,False,False,False
2014-06-14,0,30,0,37,37,0,2,6757,0,34,6066,0,0,0,0,0,0,0,False,False,False
2014-06-15,0,30,0,37,37,0,2,6781,0,34,6066,0,0,0,0,0,0,0,False,False,False
2014-06-16,0,29,0,37,37,0,2,6805,0,34,6066,0,0,0,0,0,0,0,False,False,False
2014-06-17,0,29,0,37,37,0,2,6829,0,34,6066,0,0,0,0,0,0,0,False,False,False
2014-06-18,0,30,0,37,37,0,2,6853,0,34,6066,0,0,0,0,0,0,0,False,False,False
2014-06-19,0,31,0,37,37,0,2,6877,0,34,6066,0,0,0,0,0,0,0,False,False,False
2014-06-20,0,28,0,37,37,0,2,6901,0,34,6066,0,0,0,0,0,0,0,False,False,False
2014-06-21,0,28,0,37,37,0,2,6925,0,34,6066,0,0,0,0,0,0,0,False,False,False
2014-06-22,0,28,0,37,37,0,2,6949,0,34,6066,0,0,0,0,0,0,0,False,False,False
2014-06-23,0,28,0,37,37,0,2,6973,0,34,6066,0,0,0,0,0,0,0,False,False,False
2014-06-24,0,31,0,37,37,0,2,6997,0,34,6066,0,0,0,0,0,0,0,False,False,False
2014-06-25,0,31,0,37,37,0,2,7021,0,34,6066,0,0,0,0,0,0,0,False,False,False
2014-06-26,0,30,0,37,37,0,2,7045,0,34,6066,0,0,0,0,0,0,0,False,False,False
2014-06-27,0,30,0,37,37,0,2,7069,0,34,6066,0,0,0,0,0,0,0,False,False,False
2014-06-28,0,30,0,37,37,0,2,7093,0,34,6066,0,0,0,0,0,0,0,False,False,False
2014-06-29,0,30,0,37,37,0,2,7117,0,34,6066,0,0,0,0,0,0,0,False,False,False
2014-06-30,0,30,0,37,37,0,2,7141,0,34,6066,0,0,0,0,0,0,0,False,False,False
2014-07-01,0,30,0,37,37,0,2,7165,0,34,6066,0,0,0,0,0,0,0,False,False,False
2014-07-02,0,30,0,37,37,0,2,7189,0,34,6066,0,0,0,0,0,0,0,False,False,False
2014-07-03,0,29,0,37,37,0,2,7213,0,34,6066,0,0,0,0,0,0,0,False,False,False
2014-07-04,0,29,0,38,38,0,2,7237,0,35,6058,0,0,0,0,0,0,0,False,False,False
2014-07-05,0,29,0,38,38,0,2,7261,0,35,6058,0,0,0,0,0,0,0,False,False,False
2014-07-06,0,29,0,38,38,0,2,7285,0,35,6058,0,0,0,0,0,0,0,False,False,False
2014-07-07,0,29,0,38,38,0,2,7309,0,35,6058,0,0,0,0,0,0,0,False,False,False
2014-07-08,0,29,0,39,39,0,2,7333,0,36,6050,0,0,0,0,0,0,0,False,False,False
2014-07-09,0,28,0,39,39,0,2,7357,0,36,6050,0,0,0,0,0,0,0,False,False,False
2014-07-10,0,28,0,41,41,0,2,7380,0,38,6050,0,0,0,0,0,0,0,False,False,False
2014-07-11,0,28,0,41,41,0,2,7405,0,38,6050,0,0,0,0,0,0,0,False,False,False
2014-07-12,0,29,0,41,41,0,2,7428,0,38,6050,0,0,0,0,0,0,0,False,False,False
2014-07-13,0,29,0,41,41,0,2,7452,0,38,6050,0,0,0,0,0,0,0,False,False,False
2014-07-14,0,29,0,41,41,0,2,7476,0,38,6050,0,0,0,0,0,0,0,False,False,False
2014-07-15,0,29,0,42,42,0,2,7500,0,39,6041,0,0,0,0,0,0,0,False,False,False
2014-07-16,0,29,0,42,42,0,2,7524,0,39,6041,0,0,0,0,0,0,0,False,False,False
2014-07-17,0,28,0,42,42,0,2,7549,0,39,6041,0,0,0,0,0,0,0,False,False,False
2014-07-18,0,29,0,42,42,0,2,7572,0,39,6041,0,0,0,0,0,0,0,False,False,False
2014-07-19,0,31,0,42,42,0,2,7596,0,39,6041,0,0,0,0,0,0,0,False,False,False
2014-07-20,0,30,0,42,42,0,2,7620,0,39,6041,0,0,0,0,0,0,0,False,False,False
2014-07-21,0,30,0,42,42,0,2,7644,0,39,6041,0,0,0,0,0,0,0,False,False,False
2014-07-22,0,31,0,42,42,0,2,7668,0,39,6041,0,0,0,0,0,0,0,False,False,False
2014-07-23,0,30,0,42,42,0,2,7692,0,39,6041,0,0,0,0,0,0,0,False,False,False
2014-07-24,0,30,0,42,42,0,2,7716,0,39,6041,0,0,0,0,0,0,0,False,False,False
2014-07-25,0,29,0,42,42,0,2,7740,0,39,6041,0,0,0,0,0,0,0,False,False,False
2014-07-26,0,29,0,42,42,0,2,7764,0,39,6041,0,0,0,0,0,0,0,False,False,False
2014-07-27,0,29,0,42,42,0,2,7788,0,39,6041,0,0,0,0,0,0,0,False,False,False
2014-07-28,0,28,0,42,42,0,2,7812,0,39,6041,0,0,0,0,0,0,0,False,False,False
2014-07-29,0,29,0,44,44,0,2,7836,0,41,6041,0,0,0,0,0,0,0,False,False,False
2014-07-30,0,26,0,44,44,0,2,7860,0,41,6041,0,0,0,0,0,0,0,False,False,False
2014-07-31,0,26,0,44,44,0,2,7884,0,41,6041,0,0,0,0,0,0,0,False,False,False
2014-08-01,0,25,0,44,44,0,2,7908,0,41,6041,0,0,0,0,0,0,0,False,False,False
2014-08-02,0,25,0,44,44,0,2,7931,0,41,6041,0,0,0,0,0,0,0,False,False,False
2014-08-03,0,25,0,44,44,0,2,7956,0,41,6041,0,0,0,0,0,0,0,False,False,False
2014-08-04,0,25,0,44,44,0,2,7980,0,41,6041,0,0,0,0,0,0,0,False,False,False
2014-08-05,0,26,0,44,44,0,2,8003,0,41,6041,0,0,0,0,0,0,0,False,False,False
2014-08-06,0,26,0,44,44,0,2,8028,0,41,6041,0,0,0,0,0,0,0,False,False,False
2014-08-07,0,26,0,44,44,0,2,8052,0,41,6041,0,0,0,0,0,0,0,False,False,False
2014-08-08,0,26,0,44,44,0,2,8075,0,41,6041,0,0,0,0,0,0,0,False,False,False
2014-08-09,0,26,0,44,44,0,2,8100,0,41,6041,0,0,0,0,0,0,0,False,False,False
2014-08-10,0,27,0,44,44,0,2,8124,0,41,6041,0,0,0,0,0,0,0,False,False,False
2014-08-11,0,27,0,44,44,0,2,8147,0,41,6041,0,0,0,0,0,0,0,False,False,False
2014-08-12,0,27,0,44,44,0,2,8171,0,41,6041,0,0,0,0,0,0,0,False,False,False
2014-08-13,0,28,0,44,44,0,2,8196,0,41,6041,0,0,0,0,0,0,0,False,False,False
2014-08-14,0,28,0,44,44,0,2,8219,0,41,6041,0,0,0,0,0,0,0,False,False,False
2014-08-15,0,28,0,44,44,0,2,8243,0,41,6041,0,0,0,0,0,0,0,False,False,False
2014-08-16,0,29,0,44,44,0,2,8268,0,41,6041,0,0,0,0,0,0,0,False,False,False
2014-08-17,0,29,0,44,44,0,2,8291,0,41,6041,0,0,0,0,0,0,0,False,False,False
2014-08-18,0,29,0,44,44,0,2,8315,0,41,6041,0,0,0,0,0,0,0,False,False,False
2014-08-19,0,29,0,44,44,0,2,8340,0,41,6041,0,0,0,0,0,0,0,False,False,False
2014-08-20,0,29,0,44,44,0,2,8363,0,41,6041,0,0,0,0,0,0,0,False,False,False
2014-08-21,0,28,0,44,44,0,2,8387,0,41,6041,0,0,0,0,0,0,0,False,False,False
2014-08-22,0,29,0,44,44,0,2,8411,0,41,6041,0,0,0,0,0,0,0,False,False,False
2014-08-23,0,29,0,44,44,0,2,8435,0,41,6041,0,0,0,0,0,0,0,False,False,False
2014-08-24,0,29,0,44,44,0,2,8459,0,41,6041,0,0,0,0,0,0,0,False,False,False
2014-08-25,0,29,0,44,44,0,2,8483,0,41,6041,0,0,0,0,0,0,0,False,False,False
2014-08-26,0,27,0,44,44,0,2,8507,0,41,6041,0,0,0,0,0,0,0,False,False,False
2014-08-27,0,27,0,44,44,0,2,8531,0,41,6041,0,0,0,0,0,0,0,False,False,False
2014-08-28,0,27,0,44,44,0,2,8555,0,41,6041,0,0,0,0,0,0,0,False,False,False
2014-08-29,0,27,0,44,44,0,2,8579,0,41,6041,0,0,0,0,0,0,0,False,False,False
2014-08-30,0,27,0,44,44,0,2,8603,0,41,6041,0,0,0,0,0,0,0,False,False,False
2014-08-31,0,27,0,44,44,0,2,8627,0,41,6041,0,0,0,0,0,0,0,False,False,False
2014-09-01,0,27,0,44,44,0,2,8651,0,41,6041,0,0,0,0,0,0,0,False,False,False
2014-09-02,0,27,0,44,44,0,2,8675,0,41,6041,0,0,0,0,0,0,0,False,False,False
2014-09-03,0,27,0,46,46,0,2,8699,0,43,6041,0,0,0,0,0,0,0,False,False,False
2014-09-04,0,27,0,46,46,0,2,8723,0,43,6041,0,0,0,0,0,0,0,False,False,False
2014-09-05,0,27,0,47,47,0,2,8746,0,44,6041,0,0,0,0,0,0,0,False,False,False
2014-09-06,0,27,0,47,47,0,2,8771,0,44,6041,0,0,0,0,0,0,0,False,False,False
2014-09-07,0,27,0,47,47,0,2,8795,0,44,6041,0,0,0,0,0,0,0,False,False,False
2014-09-08,0,27,0,47,47,0,2,8818,0,44,6041,0,0,0,0,0,0,0,False,False,False
2014-09-09,0,25,0,49,49,0,2,8843,0,46,6050,0,0,0,0,0,0,0,False,False,False
2014-09-10,0,27,0,49,49,0,2,8867,0,46,6050,0,0,0,0,0,0,0,False,False,False
2014-09-11,0,27,0,49,49,0,2,8890,0,46,6050,0,0,0,0,0,0,0,False,False,False
2014-09-12,0,27,0,49,49,0,2,8915,0,46,6050,0,0,0,0,0,0,0,False,False,False
2014-09-13,0,27,0,49,49,0,2,8939,0,46,6050,0,0,0,0,0,0,0,False,False,False
2014-09-14,0,27,0,49,49,0,2,8962,0,46,6050,0,0,0,0,0,0,0,False,False,False
2014-09-15,0,27,0,49,49,0,2,8986,0,46,6050,0,0,0,0,0,0,0,False,False,False
2014-09-16,0,27,0,49,49,0,2,9011,0,46,6050,0,0,0,0,0,0,0,False,False,False
2014-09-17,0,27,0,49,49,0,2,9034,0,46,6050,0,0,0,0,0,0,0,False,False,False
2014-09-18,0,27,0,49,49,0,2,9058,0,46,6050,0,0,0,0,0,0,0,False,False,False
2014-09-19,0,27,0,49,49,0,2,9083,0,46,6050,0,0,0,0,0,0,0,False,False,False
2014-09-20,0,28,0,49,49,0,2,9106,0,46,6050,0,0,0,0,0,0,0,False,False,False
2014-09-21,0,27,0,49,49,0,2,9130,0,46,6050,0,0,0,0,0,0,0,False,False,False
2014-09-22,0,27,0,49,49,0,2,9155,0,46,6050,0,0,0,0,0,0,0,False,False,False
2014-09-23,0,27,0,49,49,0,2,9178,0,46,6050,0,0,0,0,0,0,0,False,False,False
2014-09-24,0,25,0,49,49,0,2,9202,0,46,6050,0,0,0,0,0,0,0,False,False,False
2014-09-25,0,25,0,49,49,0,2,9226,0,46,6050,0,0,0,0,0,0,0,False,False,False
2014-09-26,0,24,0,49,49,0,2,9250,0,46,6050,0,0,0,0,0,0,0,False,False,False
2014-09-27,0,25,0,49,49,0,2,9274,0,46,6050,0,0,0,0,0,0,0,False,False,False
2014-09-28,0,25,0,49,49,0,2,9298,0,46,6050,0,0,0,0,0,0,0,False,False,False
2014-09-29,0,25,0,49,49,0,2,9322,0,46,6050,0,0,0,0,0,0,0,False,False,False
2014-09-30,0,25,0,49,49,0,2,9346,0,46,6050,0,0,0,0,0,0,0,False,False,False
2014-10-01,0,27,0,49,49,0,2,9370,0,46,6050,0,0,0,0,0,0,0,False,False,False
2014-10-02,0,22,0,49,49,0,2,9394,0,46,6050,0,0,0,0,0,0,0,False,False,False
2014-10-03,0,22,0,49,49,0,2,9418,0,46,6050,0,0,0,0,0,0,0,False,False,False
2014-10-04,0,22,0,49,49,0,2,9442,0,46,6050,0,0,0,0,0,0,0,False,False,False
2014-10-05,0,22,0,49,49,0,2,9466,0,46,6050,0,0,0,0,0,0,0,False,False,False
2014-10-06,0,22,0,49,49,0,2,9490,0,46,6050,0,0,0,0,0,0,0,False,False,False
2014-10-07,0,22,0,49,49,0,2,9514,0,46,6050,0,0,0,0,0,0,0,False,False,False
2014-10-08,0,23,0,49,49,0,2,9538,0,46,6050,0,0,0,0,0,0,0,False,False,False
2014-10-09,0,22,0,51,51,0,2,9562,0,48,6066,0,0,0,0,0,0,0,False,False,False
2014-10-10,0,22,0,51,51,0,2,9585,0,48,6066,0,0,0,0,0,0,0,False,False,False
2014-10-11,0,22,0,51,51,0,2,9610,0,48,6066,0,0,0,0,0,0,0,False,False,False
2014-10-12,0,23,0,51,51,0,2,9634,0,48,6066,0,0,0,0,0,0,0,False,False,False
2014-10-13,0,22,0,51,51,0,2,9657,0,48,6066,0,0,0,0,0,0,0,False,False,False
2014-10-14,0,22,0,51,51,0,2,9682,0,48,6066,0,0,0,0,0,0,0,False,False,False
2014-10-15,0,21,0,51,51,0,2,9706,0,48,6066,0,0,0,0,0,0,0,False,False,False
2014-10-16,0,21,0,51,51,0,2,9729,0,48,6066,0,0,0,0,0,0,0,False,False,False
2014-10-17,0,21,0,51,51,0,2,9753,0,48,6066,0,0,0,0,0,0,0,False,False,False
2014-10-18,0,21,0,51,51,0,2,9778,0,48,6066,0,0,0,0,0,0,0,False,False,False
2014-10-19,0,21,0,51,51,0,2,9801,0,48,6066,0,0,0,0,0,0,0,False,False,False
2014-10-20,0,21,0,51,51,0,2,9825,0,48,6066,0,0,0,0,0,0,0,False,False,False
2014-10-21,0,21,0,51,51,0,2,9850,0,48,6066,0,0,0,0,0,0,0,False,False,False
2014-10-22,0,21,0,51,51,0,2,9873,0,48,6066,0,0,0,0,0,0,0,False,False,False
2014-10-23,0,21,0,52,52,0,2,9897,0,49,6075,0,0,0,0,0,0,0,False,False,False
2014-10-24,0,21,0,52,52,0,2,9921,0,49,6075,0,0,0,0,0,0,0,False,False,False
2014-10-25,0,21,0,52,52,0,2,9945,0,49,6075,0,0,0,0,0,0,0,False,False,False
2014-10-26,0,21,0,52,52,0,2,9969,0,49,6075,0,0,0,0,0,0,0,False,False,False
2014-10-27,0,21,0,52,52,0,2,9993,0,49,6075,0,0,0,0,0,0,0,False,False,False
2014-10-28,0,21,0,54,54,0,2,10017,0,51,6100,0,0,0,0,0,0,0,False,False,False
2014-10-29,0,21,0,54,54,0,2,10041,0,51,6100,0,0,0,0,0,0,0,False,False,False
2014-10-30,0,20,0,54,54,0,2,10065,0,51,6100,0,0,0,0,0,0,0,False,False,False
2014-10-31,0,21,0,54,54,0,2,10089,0,51,6100,0,0,0,0,0,0,0,False,False,False
2014-11-01,0,20,0,54,54,0,2,10113,0,51,6100,0,0,0,0,0,0,0,False,False,False
2014-11-03,0,20,0,54,54,0,2,10162,0,51,6100,0,0,0,0,0,0,0,False,False,False
2014-11-04,0,21,0,54,54,0,2,10186,0,51,6100,0,0,0,0,0,0,0,False,False,False
2014-11-05,0,21,0,54,54,0,2,10210,0,51,6100,0,0,0,0,0,0,0,False,False,False
2014-11-06,0,21,0,54,54,0,2,10234,0,51,6100,0,0,0,0,0,0,0,False,False,False
2014-11-07,0,21,0,54,54,0,2,10258,0,51,6100,0,0,0,0,0,0,0,False,False,False
2014-11-08,0,21,0,54,54,0,2,10282,0,51,6100,0,0,0,0,0,0,0,False,False,False
2014-11-09,0,21,0,54,54,0,2,10306,0,51,6100,0,0,0,0,0,0,0,False,False,False
2014-11-10,0,21,0,54,54,0,2,10330,0,51,6100,0,0,0,0,0,0,0,False,False,False
2014-11-11,0,21,0,54,54,0,2,10353,0,51,6100,0,0,0,0,0,0,0,False,False,False
2014-11-12,0,21,0,55,55,0,2,10367,0,52,6108,0,0,0,0,0,0,0,False,False,False
2014-11-13,0,21,0,58,58,0,2,10401,0,55,6116,0,0,0,0,0,0,0,False,False,False
2014-11-14,0,21,0,58,58,0,2,10425,0,55,6116,0,0,0,0,0,0,0,False,False,False
2014-11-15,0,20,0,58,58,0,2,10449,0,55,6116,0,0,0,0,0,0,0,False,False,False
2014-11-16,0,20,0,58,58,0,2,10473,0,55,6116,0,0,0,0,0,0,0,False,False,False
2014-11-17,0,20,0,58,58,0,2,10497,0,55,6116,0,0,0,0,0,0,0,False,False,False
2014-11-18,0,21,0,58,58,0,2,10521,0,55,6116,0,0,0,0,0,0,0,False,False,False
2014-11-19,0,20,0,58,58,0,2,10545,0,55,6116,0,0,0,0,0,0,0,False,False,False
2014-11-20,0,20,0,58,58,0,2,10569,0,55,6116,0,0,0,0,0,0,0,False,False,False
2014-11-21,0,20,0,58,58,0,2,10593,0,55,6116,0,0,0,0,0,0,0,False,False,False
2014-11-22,0,20,0,58,58,0,2,10617,0,55,6116,0,0,0,0,0,0,0,False,False,False
2014-11-23,0,20,0,58,58,0,2,10641,0,55,6116,0,0,0,0,0,0,0,False,False,False
2014-11-24,0,20,0,58,58,0,2,10665,0,55,6116,0,0,0,0,0,0,0,False,False,False
2014-11-25,0,20,0,58,58,0,2,10689,0,55,6116,0,0,0,0,0,0,0,False,False,False
2014-11-26,0,20,0,58,58,0,2,10713,0,55,6116,0,0,0,0,0,0,0,False,False,False
2014-11-27,0,20,0,58,58,0,2,10737,0,55,6116,0,0,0,0,0,0,0,False,False,False
2014-11-28,0,20,0,58,58,0,2,10761,0,55,6116,0,0,0,0,0,0,0,False,False,False
2014-11-29,0,20,0,58,58,0,2,10785,0,55,6116,0,0,0,0,0,0,0,False,False,False
2014-11-30,0,20,0,58,58,0,2,10809,0,55,6116,0,0,0,0,0,0,0,False,False,False
2014-12-01,0,20,0,58,58,0,2,10833,0,55,6116,0,0,0,0,0,0,0,False,False,False
2014-12-02,0,20,0,58,58,0,2,10857,0,55,6116,0,0,0,0,0,0,0,False,False,False
2014-12-03,0,20,0,58,58,0,2,10881,0,55,6116,0,0,0,0,0,0,0,False,False,False
2014-12-04,0,20,0,58,58,0,2,10905,0,55,6116,0,0,0,0,0,0,0,False,False,False
2014-12-05,0,20,0,58,58,0,2,10928,0,55,6116,0,0,0,0,0,0,0,False,False,False
2014-12-06,0,20,0,58,58,0,2,10953,0,55,6116,0,0,0,0,0,0,0,False,False,False
2014-12-07,0,20,0,58,58,0,2,10977,0,55,6116,0,0,0,0,0,0,0,False,False,False
2014-12-08,0,20,0,58,58,0,2,11000,0,55,6116,0,0,0,0,0,0,0,False,False,False
2014-12-09,0,20,0,58,58,0,2,11025,0,55,6116,0,0,0,0,0,0,0,False,False,False
2014-12-10,0,20,0,58,58,0,2,11049,0,55,6116,0,0,0,0,0,0,0,False,False,False
2014-12-11,0,20,0,58,58,0,2,11072,0,55,6116,0,0,0,0,0,0,0,False,False,False
2014-12-12,0,21,0,58,58,0,2,11097,0,55,6116,0,0,0,0,0,0,0,False,False,False
2014-12-13,0,22,0,58,58,0,2,11121,0,55,6116,0,0,0,0,0,0,0,False,False,False
2014-12-14,0,21,0,58,58,0,2,11144,0,55,6116,0,0,0,0,0,0,0,False,False,False
2014-12-15,0,21,0,58,58,0,2,11169,0,55,6116,0,0,0,0,0,0,0,False,False,False
2014-12-16,0,21,0,58,58,0,2,11193,0,55,6116,0,0,0,0,0,0,0,False,False,False
2014-12-17,0,21,0,58,58,0,2,11216,0,55,6116,0,0,0,0,0,0,0,False,False,False
2014-12-18,0,21,0,58,58,0,2,11240,0,55,6116,0,0,0,0,0,0,0,False,False,False
2014-12-19,0,21,0,58,58,0,2,11265,0,55,6116,0,0,0,0,0,0,0,False,False,False
2014-12-20,0,22,0,58,58,0,2,11288,0,55,6116,0,0,0,0,0,0,0,False,False,False
2014-12-21,0,22,0,58,58,0,2,11312,0,55,6116,0,0,0,0,0,0,0,False,False,False
2014-12-22,0,22,0,58,58,0,2,11337,0,55,6116,0,0,0,0,0,0,0,False,False,False
2014-12-23,0,21,0,58,58,0,2,11360,0,55,6116,0,0,0,0,0,0,0,False,False,False
2014-12-24,0,22,0,58,58,0,2,11384,0,55,6116,0,0,0,0,0,0,0,False,False,False
2014-12-25,0,21,0,58,58,0,2,11409,0,55,6116,0,0,0,0,0,0,0,False,False,False
2014-12-26,0,21,0,58,58,0,2,11432,0,55,6116,0,0,0,0,0,0,0,False,False,False
2014-12-27,0,21,0,58,58,0,2,11456,0,55,6116,0,0,0,0,0,0,0,False,False,False
2014-12-28,0,21,0,58,58,0,2,11480,0,55,6116,0,0,0,0,0,0,0,False,False,False
2014-12-29,0,21,0,58,58,0,2,11504,0,55,6116,0,0,0,0,0,0,0,False,False,False
2014-12-30,0,21,0,58,58,0,2,11528,0,55,6116,0,0,0,0,0,0,0,False,False,False
2014-12-31,0,21,0,58,58,0,2,11552,0,55,6116,0,0,0,0,0,0,0,False,False,False
2015-01-01,0,21,0,58,58,0,2,11576,0,55,6116,0,0,0,0,0,0,0,False,False,False
2015-01-02,0,21,0,58,58,0,2,11600,0,55,6116,0,0,0,0,0,0,0,False,False,False
2015-01-03,0,21,0,58,58,0,2,11624,0,55,6116,0,0,0,0,0,0,0,False,False,False
2015-01-04,0,21,0,58,58,0,2,11648,0,55,6116,0,0,0,0,0,0,0,False,False,False
2015-01-05,0,20,0,58,58,0,2,11672,0,55,6116,0,0,0,0,0,0,0,False,False,False
2015-01-06,0,21,0,58,58,0,2,11696,0,55,6116,0,0,0,0,0,0,0,False,False,False
2015-03-10,0,25,0,64,64,0,5,12148,0,58,4558,0,0,0,0,0,0,0,False,False,False
2015-03-11,0,25,0,64,64,0,5,12172,0,58,4558,0,0,0,0,0,0,0,False,False,False
2015-03-12,0,24,0,64,64,0,5,12195,0,58,4558,0,0,0,0,0,0,0,False,False,False
2015-03-13,0,25,0,64,64,0,5,12219,0,58,4558,0,0,0,0,0,0,0,False,False,False
2015-03-14,0,25,0,64,64,0,5,12244,0,58,4558,0,0,0,0,0,0,0,False,False,False
2015-03-15,0,26,0,64,64,0,5,12267,0,58,4558,0,0,0,0,0,0,0,False,False,False
2015-03-16,0,24,0,64,64,0,5,12291,0,58,4558,0,0,0,0,0,0,0,False,False,False
2015-03-17,0,25,0,64,64,0,5,12316,0,58,4558,0,0,0,0,0,0,0,False,False,False
2015-03-18,0,26,0,64,64,0,5,12339,0,58,4558,0,0,0,0,0,0,0,False,False,False
2015-03-19,0,17,0,66,66,0,6,12361,0,59,6083,0,0,0,0,0,0,0,False,False,False
2015-03-20,0,17,0,66,66,0,6,12384,0,59,6083,0,0,0,0,0,0,0,False,False,False
2015-03-21,0,15,0,66,66,0,6,12409,0,59,6083,0,0,0,0,0,0,0,False,False,False
2015-03-22,0,17,0,66,66,0,6,12433,0,59,6083,0,0,0,0,0,0,0,False,False,False
2015-03-23,0,17,0,66,66,0,6,12456,0,59,6083,0,0,0,0,0,0,0,False,False,False
2015-03-24,0,16,0,66,66,0,6,12480,0,59,6083,0,0,0,0,0,0,0,False,False,False
2015-03-25,0,16,0,66,66,0,6,12505,0,59,6083,0,0,0,0,0,0,0,False,False,False
2015-03-26,0,17,0,66,66,0,6,12528,0,59,6083,0,0,0,0,0,0,0,False,False,False
2015-03-27,0,17,0,66,66,0,6,12552,0,59,6083,0,0,0,0,0,0,0,False,False,False
2015-03-28,0,17,0,66,66,0,6,12571,0,59,6083,0,0,0,0,0,0,0,False,False,False
2015-03-29,0,17,0,67,67,0,6,12600,0,60,6100,0,0,0,0,0,0,0,False,False,False
2015-03-30,0,17,0,67,67,0,6,12624,0,60,6100,0,0,0,0,0,0,0,False,False,False
2015-03-31,0,17,0,67,67,0,6,12648,0,60,6100,0,0,0,0,0,0,0,False,False,False
2015-04-01,0,16,0,67,67,0,6,12672,0,60,6100,0,0,0,0,0,0,0,False,False,False
2015-04-02,0,16,0,69,69,0,6,12696,0,62,6183,0,0,0,0,0,0,0,False,False,False
2015-04-03,0,15,0,69,69,0,6,12720,0,62,6183,0,0,0,0,0,0,0,False,False,False
2015-04-04,0,15,0,69,69,0,6,12744,0,62,6183,0,0,0,0,0,0,0,False,False,False
2015-04-05,0,15,0,69,69,0,6,12768,0,62,6183,0,0,0,0,0,0,0,False,False,False
2015-04-06,0,14,0,69,69,0,6,12791,0,62,6183,0,0,0,0,0,0,0,False,False,False
2015-04-07,0,15,0,69,69,0,6,12816,0,62,6183,0,0,0,0,0,0,0,False,False,False
2015-04-08,0,15,0,69,69,0,6,12840,0,62,6183,0,0,0,0,0,0,0,False,False,False
2015-04-09,0,16,0,70,70,0,6,12864,0,63,6208,0,0,0,0,0,0,0,False,False,False
2015-04-10,0,18,0,70,70,0,6,12887,0,63,6208,0,0,0,0,0,0,0,False,False,False
2015-04-11,0,18,0,70,70,0,6,12912,0,63,6208,0,0,0,0,0,0,0,False,False,False
2015-04-12,0,18,0,70,70,0,6,12936,0,63,6208,0,0,0,0,0,0,0,False,False,False
2015-04-13,0,18,0,70,70,0,6,12959,0,63,6208,0,0,0,0,0,0,0,False,False,False
2015-04-14,0,18,0,70,70,0,6,12984,0,63,6208,0,0,0,0,0,0,0,False,False,False
2015-04-15,0,18,0,70,70,0,6,13008,0,63,6208,0,0,0,0,0,0,0,False,False,False
2015-04-16,0,18,0,70,70,0,6,13031,0,63,6208,0,0,0,0,0,0,0,False,False,False
2015-04-17,0,18,0,70,70,0,6,13055,0,63,6208,0,0,0,0,0,0,0,False,False,False
2015-04-18,0,19,0,70,70,0,6,13080,0,63,6208,0,0,0,0,0,0,0,False,False,False
2015-04-19,0,18,0,70,70,0,6,13103,0,63,6208,0,0,0,0,0,0,0,False,False,False
2015-04-20,0,19,0,70,70,0,6,13127,0,63,6208,0,0,0,0,0,0,0,False,False,False
2015-04-21,0,19,0,70,70,0,6,13152,0,63,6208,0,0,0,0,0,0,0,False,False,False
2015-04-22,0,19,0,70,70,0,6,13175,0,63,6208,0,0,0,0,0,0,0,False,False,False
2015-04-23,0,19,0,70,70,0,6,13199,0,63,6208,0,0,0,0,0,0,0,False,False,False
2015-04-24,0,19,0,70,70,0,6,13223,0,63,6208,0,0,0,0,0,0,0,False,False,False
2015-04-25,0,18,0,70,70,0,6,13247,0,63,6208,0,0,0,0,0,0,0,False,False,False
2015-04-26,0,19,0,70,70,0,6,13271,0,63,6208,0,0,0,0,0,0,0,False,False,False
2015-04-27,0,19,0,70,70,0,6,13295,0,63,6208,0,0,0,0,0,0,0,False,False,False
2015-04-28,0,19,0,70,70,0,6,13319,0,63,6208,0,0,0,0,0,0,0,False,False,False
2015-04-29,0,19,0,70,70,0,6,13343,0,63,6208,0,0,0,0,0,0,0,False,False,False
2015-04-30,0,19,0,70,70,0,6,13367,0,63,6208,0,0,0,0,0,0,0,False,False,False
2015-05-06,0,19,0,70,70,0,6,13511,0,63,6208,0,0,0,0,0,0,0,False,False,False
2015-05-07,0,18,0,70,70,0,6,13535,0,63,6208,0,0,0,0,0,0,0,False,False,False
2015-05-08,0,17,0,70,70,0,6,13559,0,63,6208,0,0,0,0,0,0,0,False,False,False
2015-05-09,0,18,0,70,70,0,6,13583,0,63,6208,0,0,0,0,0,0,0,False,False,False
2015-05-10,0,18,0,70,70,0,6,13607,0,63,6208,0,0,0,0,0,0,0,False,False,False
2015-05-11,0,18,0,70,70,0,6,13631,0,63,6208,0,0,0,0,0,0,0,False,False,False
2015-05-12,0,18,0,70,70,0,6,13655,0,63,6208,0,0,0,0,0,0,0,False,False,False
2015-05-13,0,18,0,70,70,0,6,13679,0,63,6208,0,0,0,0,0,0,0,False,False,False
2015-05-14,0,18,0,70,70,0,6,13703,0,63,6208,0,0,0,0,0,0,0,False,False,False
2015-05-15,0,18,0,70,70,0,6,13727,0,63,6208,0,0,0,0,0,0,0,False,False,False
2015-05-16,0,18,0,70,70,0,6,13751,0,63,6208,0,0,0,0,0,0,0,False,False,False
2015-05-17,0,18,0,70,70,0,6,13775,0,63,6208,0,0,0,0,0,0,0,False,False,False
2015-05-18,0,18,0,70,70,0,6,13799,0,63,6208,0,0,0,0,0,0,0,False,False,False
2015-05-19,0,19,0,70,70,0,6,13822,0,63,6208,0,0,0,0,0,0,0,False,False,False
2015-05-20,0,19,0,70,70,0,6,13847,0,63,6208,0,0,0,0,0,0,0,False,False,False
2015-05-21,0,19,0,70,70,0,6,13871,0,63,6208,0,0,0,0,0,0,0,False,False,False
2015-05-22,0,19,0,70,70,0,6,13894,0,63,6208,0,0,0,0,0,0,0,False,False,False
2015-05-23,0,19,0,70,70,0,6,13919,0,63,6208,0,0,0,0,0,0,0,False,False,False
2015-05-24,0,19,0,70,70,0,6,13943,0,63,6208,0,0,0,0,0,0,0,False,False,False
2015-05-25,0,19,0,70,70,0,6,13966,0,63,6208,0,0,0,0,0,0,0,False,False,False
2015-05-26,0,18,0,70,70,0,6,13990,0,63,6208,0,0,0,0,0,0,0,False,False,False
2015-05-27,0,18,0,70,70,0,6,14015,0,63,6208,0,0,0,0,0,0,0,False,False,False
2015-05-28,0,18,0,70,70,0,6,14039,0,63,6208,0,0,0,0,0,0,0,False,False,False
2015-05-29,0,18,0,70,70,0,6,14062,0,63,6208,0,0,0,0,0,0,0,False,False,False
2015-05-30,0,18,0,70,70,0,6,14086,0,63,6208,0,0,0,0,0,0,0,False,False,False
2015-05-31,0,18,0,70,70,0,6,14111,0,63,6208,0,0,0,0,0,0,0,False,False,False
2015-06-01,0,18,0,70,70,0,6,14134,0,63,6208,0,0,0,0,0,0,0,False,False,False
2015-06-02,0,18,0,70,70,0,6,14158,0,63,6208,0,0,0,0,0,0,0,False,False,False
2015-06-03,0,18,0,70,70,0,6,14183,0,63,6208,0,0,0,0,0,0,0,False,False,False
2015-06-04,0,18,0,70,70,0,6,14206,0,63,6208,0,0,0,0,0,0,0,False,False,False
2015-06-05,0,18,0,70,70,0,6,14230,0,63,6208,0,0,0,0,0,0,0,False,False,False
2015-06-06,0,18,0,70,70,0,6,14255,0,63,6208,0,0,0,0,0,0,0,False,False,False
2015-06-07,0,18,0,70,70,0,6,14278,0,63,6208,0,0,0,0,0,0,0,False,False,False
2015-06-08,0,18,0,70,70,0,6,14302,0,63,6208,0,0,0,0,0,0,0,False,False,False
2015-06-09,0,18,0,70,70,0,6,14327,0,63,6208,0,0,0,0,0,0,0,False,False,False
2015-06-10,0,18,0,70,70,0,6,14350,0,63,6208,0,0,0,0,0,0,0,False,False,False
2015-06-11,0,18,0,70,70,0,6,14374,0,63,6208,0,0,0,0,0,0,0,False,False,False
2015-06-12,0,18,0,70,70,0,6,14398,0,63,6208,0,0,0,0,0,0,0,False,False,False
2015-06-13,0,18,0,70,70,0,6,14422,0,63,6208,0,0,0,0,0,0,0,False,False,False
2015-06-14,0,18,0,70,70,0,6,14446,0,63,6208,0,0,0,0,0,0,0,False,False,False
2015-06-15,0,18,0,70,70,0,6,14470,0,63,6208,0,0,0,0,0,0,0,False,False,False
2015-06-16,0,18,0,70,70,0,6,14494,0,63,6208,0,0,0,0,0,0,0,False,False,False
2015-06-17,0,18,0,70,70,0,6,14518,0,63,6208,0,0,0,0,0,0,0,False,False,False
2015-06-18,0,18,0,70,70,0,6,14542,0,63,6208,0,0,0,0,0,0,0,False,False,False
2015-06-19,0,18,0,70,70,0,6,14566,0,63,6208,0,0,0,0,0,0,0,False,False,False
2015-06-20,0,22,0,70,70,0,6,14590,0,63,6208,0,0,0,0,0,0,0,False,False,False
2015-06-21,0,17,0,70,70,0,6,14614,0,63,6208,0,0,0,0,0,0,0,False,False,False
2015-06-22,0,17,0,70,70,0,6,14638,0,63,6208,0,0,0,0,0,0,0,False,False,False
2015-06-23,0,17,0,70,70,0,6,14662,0,63,6208,0,0,0,0,0,0,0,False,False,False
2015-06-24,0,17,0,70,70,0,6,14686,0,63,6208,0,0,0,0,0,0,0,False,False,False
2015-06-25,0,15,0,70,70,0,6,14710,0,63,6208,0,0,0,0,0,0,0,False,False,False
2015-06-26,0,15,0,70,70,0,6,14733,0,63,6208,0,0,0,0,0,0,0,False,False,False
2015-06-27,0,16,0,70,70,0,6,14758,0,63,6208,0,0,0,0,0,0,0,False,False,False
2015-06-28,0,15,0,70,70,0,6,14782,0,63,6208,0,0,0,0,0,0,0,False,False,False
2015-06-29,0,16,0,70,70,0,6,14805,0,63,6208,0,0,0,0,0,0,0,False,False,False
2015-06-30,0,15,0,70,70,0,6,14830,0,63,6208,0,0,0,0,0,0,0,False,False,False
2015-07-01,0,16,0,70,70,0,6,14854,0,63,6208,0,0,0,0,0,0,0,False,False,False
2015-07-02,0,15,0,70,70,0,6,14877,0,63,6208,0,0,0,0,0,0,0,False,False,False
2015-07-03,0,15,0,70,70,0,6,14902,0,63,6208,0,0,0,0,0,0,0,False,False,False
2015-07-04,0,16,0,70,70,0,6,14926,0,63,6208,0,0,0,0,0,0,0,False,False,False
2015-07-05,0,15,0,70,70,0,6,14949,0,63,6208,0,0,0,0,0,0,0,False,False,False
2015-07-06,0,16,0,70,70,0,6,14974,0,63,6208,0,0,0,0,0,0,0,False,False,False
2015-07-07,0,15,0,70,70,0,6,14998,0,63,6208,0,0,0,0,0,0,0,False,False,False
2015-07-08,0,16,0,70,70,0,6,15021,0,63,6208,0,0,0,0,0,0,0,False,False,False
2015-07-09,0,16,0,70,70,0,6,15045,0,63,6208,0,0,0,0,0,0,0,False,False,False
2015-07-10,0,16,0,70,70,0,6,15070,0,63,6208,0,0,0,0,0,0,0,False,False,False
2015-07-11,0,16,0,70,70,0,6,15093,0,63,6208,0,0,0,0,0,0,0,False,False,False
2015-07-12,0,16,0,70,70,0,6,15117,0,63,6208,0,0,0,0,0,0,0,False,False,False
2015-07-13,0,16,0,70,70,0,6,15141,0,63,6208,0,0,0,0,0,0,0,False,False,False
2015-07-14,0,16,0,70,70,0,6,15165,0,63,6208,0,0,0,0,0,0,0,False,False,False
2015-07-15,0,15,0,70,70,0,6,15189,0,63,6208,0,0,0,0,0,0,0,False,False,False
2015-07-16,0,16,0,70,70,0,6,15213,0,63,6208,0,0,0,0,0,0,0,False,False,False
2015-07-17,0,15,0,70,70,0,6,15237,0,63,6208,0,0,0,0,0,0,0,False,False,False
2015-07-18,0,16,0,70,70,0,6,15261,0,63,6208,0,0,0,0,0,0,0,False,False,False
2015-07-19,0,16,0,70,70,0,6,15285,0,63,6208,0,0,0,0,0,0,0,False,False,False
2015-07-20,0,16,0,70,70,0,6,15309,0,63,6208,0,0,0,0,0,0,0,False,False,False
2015-07-21,0,16,0,70,70,0,6,15333,0,63,6208,0,0,0,0,0,0,0,False,False,False
2015-07-22,0,16,0,70,70,0,6,15357,0,63,6208,0,0,0,0,0,0,0,False,False,False
2015-07-23,0,16,0,70,70,0,6,15381,0,63,6208,0,0,0,0,0,0,0,False,False,False
2015-07-24,0,16,0,70,70,0,6,15405,0,63,6208,0,0,0,0,0,0,0,False,False,False
2015-07-25,0,17,0,70,70,0,6,15429,0,63,6208,0,0,0,0,0,0,0,False,False,False
2015-07-26,0,17,0,70,70,0,6,15453,0,63,6208,0,0,0,0,0,0,0,False,False,False
2015-07-27,0,17,0,70,70,0,6,15477,0,63,6208,0,0,0,0,0,0,0,False,False,False
2015-07-28,0,16,0,70,70,0,6,15501,0,63,6208,0,0,0,0,0,0,0,False,False,False
2015-07-29,0,16,0,70,70,0,6,15525,0,63,6208,0,0,0,0,0,0,0,False,False,False
2015-07-30,0,15,0,70,70,0,6,15549,0,63,6208,0,0,0,0,0,0,0,False,False,False
2015-07-31,0,18,0,70,70,0,6,15573,0,63,6208,0,0,0,0,0,0,0,False,False,False
2015-08-01,0,15,0,70,70,0,6,15597,0,63,6208,0,0,0,0,0,0,0,False,False,False
2015-08-02,0,15,0,70,70,0,6,15621,0,63,6208,0,0,0,0,0,0,0,False,False,False
2015-08-03,0,17,0,70,70,0,6,15645,0,63,6208,0,0,0,0,0,0,0,False,False,False
2015-08-04,0,17,0,70,70,0,6,15669,0,63,6208,0,0,0,0,0,0,0,False,False,False
2015-08-05,0,17,0,70,70,0,6,15693,0,63,6208,0,0,0,0,0,0,0,False,False,False
2015-08-06,0,15,0,70,70,0,6,15717,0,63,6208,0,0,0,0,0,0,0,False,False,False
2015-08-07,0,16,0,70,70,0,6,15740,0,63,6208,0,0,0,0,0,0,0,False,False,False
2015-08-08,0,16,0,70,70,0,6,15765,0,63,6208,0,0,0,0,0,0,0,False,False,False
2015-08-09,0,17,0,70,70,0,6,15789,0,63,6208,0,0,0,0,0,0,0,False,False,False
2015-08-10,0,15,0,70,70,0,6,15812,0,63,6208,0,0,0,0,0,0,0,False,False,False
2015-08-11,0,17,0,70,70,0,6,15837,0,63,6208,0,0,0,0,0,0,0,False,False,False
2015-08-12,0,17,0,70,70,0,6,15861,0,63,6208,0,0,0,0,0,0,0,False,False,False
2015-08-13,0,17,0,70,70,0,6,15884,0,63,6208,0,0,0,0,0,0,0,False,False,False
2015-08-14,0,17,0,70,70,0,6,15908,0,63,6208,0,0,0,0,0,0,0,False,False,False
2015-08-15,0,15,0,70,70,0,6,15933,0,63,6208,0,0,0,0,0,0,0,False,False,False
2015-08-16,0,17,0,70,70,0,6,15957,0,63,6208,0,0,0,0,0,0,0,False,False,False
2015-08-17,0,17,0,70,70,0,6,15980,0,63,6208,0,0,0,0,0,0,0,False,False,False
2015-08-18,0,15,0,70,70,0,6,16004,0,63,6208,0,0,0,0,0,0,0,False,False,False
2015-08-19,0,17,0,70,70,0,6,16029,0,63,6208,0,0,0,0,0,0,0,False,False,False
2015-08-20,0,17,0,70,70,0,6,16052,0,63,6208,0,0,0,0,0,0,0,False,False,False
2015-08-21,0,17,0,70,70,0,6,16076,0,63,6208,0,0,0,0,0,0,0,False,False,False
2015-08-22,0,17,0,70,70,0,6,16100,0,63,6208,0,0,0,0,0,0,0,False,False,False
2015-08-23,0,17,0,70,70,0,6,16124,0,63,6208,0,0,0,0,0,0,0,False,False,False
2015-08-24,0,17,0,70,70,0,6,16148,0,63,6208,0,0,0,0,0,0,0,False,False,False
2015-08-25,0,17,0,70,70,0,6,16172,0,63,6208,0,0,0,0,0,0,0,False,False,False
2015-08-26,0,17,0,70,70,0,6,16196,0,63,6208,0,0,0,0,0,0,0,False,False,False
2015-08-27,0,17,0,70,70,0,6,16220,0,63,6208,0,0,0,0,0,0,0,False,False,False
2015-08-28,0,15,0,70,70,0,6,16244,0,63,6208,0,0,0,0,0,0,0,False,False,False
2015-08-29,0,16,0,70,70,0,6,16268,0,63,6208,0,0,0,0,0,0,0,False,False,False
2015-08-30,0,17,0,70,70,0,6,16292,0,63,6208,0,0,0,0,0,0,0,False,False,False
2015-08-31,0,15,0,70,70,0,6,16316,0,63,6208,0,0,0,0,0,0,0,False,False,False
2015-09-01,0,17,0,70,70,0,6,16340,0,63,6208,0,0,0,0,0,0,0,False,False,False
2015-09-02,0,17,0,70,70,0,6,16364,0,63,6208,0,0,0,0,0,0,0,False,False,False
2015-09-03,0,17,0,70,70,0,6,16388,0,63,6208,0,0,0,0,0,0,0,False,False,False
2015-09-04,0,17,0,70,70,0,6,16412,0,63,6208,0,0,0,0,0,0,0,False,False,False
2015-09-05,0,16,0,70,70,0,6,16436,0,63,6208,0,0,0,0,0,0,0,False,False,False
2015-09-06,0,16,0,70,70,0,6,16460,0,63,6208,0,0,0,0,0,0,0,False,False,False
2015-09-07,0,16,0,70,70,0,6,16484,0,63,6208,0,0,0,0,0,0,0,False,False,False
2015-09-08,0,16,0,70,70,0,6,16508,0,63,6208,0,0,0,0,0,0,0,False,False,False
2015-09-09,0,17,0,70,70,0,6,16532,0,63,6208,0,0,0,0,0,0,0,False,False,False
2015-09-10,0,17,0,70,70,0,6,16556,0,63,6208,0,0,0,0,0,0,0,False,False,False
2015-09-11,0,17,0,70,70,0,6,16580,0,63,6208,0,0,0,0,0,0,0,False,False,False
2015-09-12,0,17,0,70,70,0,6,16604,0,63,6208,0,0,0,0,0,0,0,False,False,False
2015-09-13,0,15,0,70,70,0,6,16628,0,63,6208,0,0,0,0,0,0,0,False,False,False
2015-09-14,0,15,0,70,70,0,6,16651,0,63,6208,0,0,0,0,0,0,0,False,False,False
2015-09-15,0,16,0,70,70,0,6,16676,0,63,6208,0,0,0,0,0,0,0,False,False,False
2015-09-16,0,16,0,70,70,0,6,16700,0,63,6208,0,0,0,0,0,0,0,False,False,False
2015-09-17,0,17,0,70,70,0,6,16723,0,63,6208,0,0,0,0,0,0,0,False,False,False
2015-09-18,0,17,0,70,70,0,6,16748,0,63,6208,0,0,0,0,0,0,0,False,False,False
2015-09-19,0,17,0,70,70,0,6,16772,0,63,6208,0,0,0,0,0,0,0,False,False,False
2015-09-20,0,17,0,70,70,0,6,16795,0,63,6208,0,0,0,0,0,0,0,False,False,False
2015-09-21,0,16,0,70,70,0,6,16820,0,63,6208,0,0,0,0,0,0,0,False,False,False
2015-09-22,0,16,0,70,70,0,6,16844,0,63,6208,0,0,0,0,0,0,0,False,False,False
2015-09-23,0,16,0,70,70,0,6,16867,0,63,6208,0,0,0,0,0,0,0,False,False,False
2015-09-24,0,16,0,70,70,0,6,16891,0,63,6208,0,0,0,0,0,0,0,False,False,False
2015-09-25,0,16,0,70,70,0,6,16916,0,63,6208,0,0,0,0,0,0,0,False,False,False
2015-09-26,0,16,0,70,70,0,6,16939,0,63,6208,0,0,0,0,0,0,0,False,False,False
2015-09-27,0,16,0,70,70,0,6,16963,0,63,6208,0,0,0,0,0,0,0,False,False,False
2015-09-28,0,16,0,70,70,0,6,16988,0,63,6208,0,0,0,0,0,0,0,False,False,False
2015-09-29,0,16,0,70,70,0,6,17011,0,63,6208,0,0,0,0,0,0,0,False,False,False
2015-09-30,0,16,0,70,70,0,6,17035,0,63,6208,0,0,0,0,0,0,0,False,False,False
2015-10-01,0,16,0,70,70,0,6,17060,0,63,6208,0,0,0,0,0,0,0,False,False,False
2015-10-02,0,17,0,70,70,0,6,17083,0,63,6208,0,0,0,0,0,0,0,False,False,False
2015-10-03,0,16,0,70,70,0,6,17107,0,63,6208,0,0,0,0,0,0,0,False,False,False
2015-10-04,0,15,0,70,70,0,6,17131,0,63,6208,0,0,0,0,0,0,0,False,False,False
2015-10-05,0,16,0,70,70,0,6,17155,0,63,6208,0,0,0,0,0,0,0,False,False,False
2015-10-06,0,16,0,70,70,0,6,17179,0,63,6208,0,0,0,0,0,0,0,False,False,False
2015-10-07,0,16,0,70,70,0,6,17203,0,63,6208,0,0,0,0,0,0,0,False,False,False
2015-10-08,0,16,0,70,70,0,6,17227,0,63,6208,0,0,0,0,0,0,0,False,False,False
2015-10-09,0,15,0,70,70,0,6,17251,0,63,6208,0,0,0,0,0,0,0,False,False,False
2015-10-10,0,16,0,70,70,0,6,17275,0,63,6208,0,0,0,0,0,0,0,False,False,False
2015-10-11,0,16,0,70,70,0,6,17299,0,63,6208,0,0,0,0,0,0,0,False,False,False
2015-10-12,0,16,0,70,70,0,6,17323,0,63,6208,0,0,0,0,0,0,0,False,False,False
2015-10-13,0,15,0,70,70,0,6,17347,0,63,6208,0,0,0,0,0,0,0,False,False,False
2015-10-14,0,16,0,70,70,0,6,17371,0,63,6208,0,0,0,0,0,0,0,False,False,False
2015-10-15,0,16,0,70,70,0,6,17395,0,63,6208,0,0,0,0,0,0,0,False,False,False
2015-10-16,0,16,0,70,70,0,6,17419,0,63,6208,0,0,0,0,0,0,0,False,False,False
2015-10-17,0,15,0,70,70,0,6,17443,0,63,6208,0,0,0,0,0,0,0,False,False,False
2015-10-18,0,16,0,70,70,0,6,17467,0,63,6208,0,0,0,0,0,0,0,False,False,False
2015-10-19,0,16,0,70,70,0,6,17491,0,63,6208,0,0,0,0,0,0,0,False,False,False
2015-10-20,0,16,0,70,70,0,6,17515,0,63,6208,0,0,0,0,0,0,0,False,False,False
2015-10-21,0,16,0,70,70,0,6,17539,0,63,6208,0,0,0,0,0,0,0,False,False,False
2015-10-22,0,16,0,70,70,0,6,17562,0,63,6208,0,0,0,0,0,0,0,False,False,False
2015-10-23,0,16,0,70,70,0,6,17587,0,63,6208,0,0,0,0,0,0,0,False,False,False
2015-10-24,0,16,0,70,70,0,6,17611,0,63,6208,0,0,0,0,0,0,0,False,False,False
2015-10-25,0,16,0,70,70,0,6,17634,0,63,6208,0,0,0,0,0,0,0,False,False,False
2015-10-26,0,16,0,70,70,0,6,17659,0,63,6208,0,0,0,0,0,0,0,False,False,False
2015-10-27,0,16,0,70,70,0,6,17683,0,63,6208,0,0,0,0,0,0,0,False,False,False
2015-10-29,0,16,0,70,70,0,6,17731,0,63,6208,0,0,0,0,0,0,0,False,False,False
2015-10-30,0,15,0,70,70,0,6,17755,0,63,6208,0,0,0,0,0,0,0,False,False,False
2015-10-31,0,15,0,70,70,0,6,17778,0,63,6208,0,0,0,0,0,0,0,False,False,False
2015-11-02,0,16,0,70,70,0,6,17827,0,63,6208,0,0,0,0,0,0,0,False,False,False
2015-11-03,0,16,0,70,70,0,6,17851,0,63,6208,0,0,0,0,0,0,0,False,False,False
2015-11-04,0,15,0,70,70,0,6,17876,0,63,6208,0,0,0,0,0,0,0,False,False,False
2015-11-05,0,15,0,70,70,0,6,17899,0,63,6208,0,0,0,0,0,0,0,False,False,False
2015-11-06,0,18,0,70,70,0,6,17923,0,63,6208,0,0,0,0,0,0,0,False,False,False
2015-11-07,0,15,0,70,70,0,6,17948,0,63,6208,0,0,0,0,0,0,0,False,False,False
2015-11-08,0,15,0,70,70,0,6,17971,0,63,6208,0,0,0,0,0,0,0,False,False,False
2015-11-09,0,16,0,70,70,0,6,17995,0,63,6208,0,0,0,0,0,0,0,False,False,False
2015-11-10,0,15,0,70,70,0,6,18019,0,63,6208,0,0,0,0,0,0,0,False,False,False
2015-11-11,0,15,0,70,70,0,6,18043,0,63,6208,0,0,0,0,0,0,0,False,False,False
2015-11-12,0,16,0,70,70,0,6,18067,0,63,6208,0,0,0,0,0,0,0,False,False,False
2015-11-13,0,15,0,70,70,0,6,18091,0,63,6208,0,0,0,0,0,0,0,False,False,False
2015-11-14,0,15,0,70,70,0,6,18115,0,63,6208,0,0,0,0,0,0,0,False,False,False
2015-11-15,0,15,0,70,70,0,6,18139,0,63,6208,0,0,0,0,0,0,0,False,False,False
2015-11-16,0,15,0,70,70,0,6,18163,0,63,6208,0,0,0,0,0,0,0,False,False,False
2015-11-17,0,15,0,70,70,0,6,18187,0,63,6208,0,0,0,0,0,0,0,False,False,False
2015-11-18,0,15,0,70,70,0,6,18211,0,63,6208,0,0,0,0,0,0,0,False,False,False
2015-11-19,0,15,0,70,70,0,6,18235,0,63,6208,0,0,0,0,0,0,0,False,False,False
2015-11-20,0,16,0,70,70,0,6,18259,0,63,6208,0,0,0,0,0,0,0,False,False,False
2015-11-21,0,16,0,70,70,0,6,18283,0,63,6208,0,0,0,0,0,0,0,False,False,False
2015-11-22,0,16,0,70,70,0,6,18307,0,63,6208,0,0,0,0,0,0,0,False,False,False
2015-11-23,0,16,0,70,70,0,6,18331,0,63,6208,0,0,0,0,0,0,0,False,False,False
2015-11-24,0,16,0,70,70,0,6,18355,0,63,6208,0,0,0,0,0,0,0,False,False,False
2015-11-25,0,15,0,70,70,0,6,18379,0,63,6208,0,0,0,0,0,0,0,False,False,False
2015-11-26,0,15,0,70,70,0,6,18403,0,63,6208,0,0,0,0,0,0,0,False,False,False
2015-11-27,0,15,0,70,70,0,6,18427,0,63,6208,0,0,0,0,0,0,0,False,False,False
2015-11-28,0,18,0,70,70,0,6,18451,0,63,6208,0,0,0,0,0,0,0,False,False,False
2015-11-29,0,15,0,70,70,0,6,18475,0,63,6208,0,0,0,0,0,0,0,False,False,False
2015-11-30,0,16,0,70,70,0,6,18498,0,63,6208,0,0,0,0,0,0,0,False,False,False
2015-12-01,0,16,0,70,70,0,6,18523,0,63,6208,0,0,0,0,0,0,0,False,False,False
2015-12-02,0,16,0,71,71,0,6,18547,0,64,6225,0,0,0,0,0,0,0,False,False,False
2015-12-03,0,17,0,71,71,0,6,18571,0,64,6225,0,0,0,0,0,0,0,False,False,False
2015-12-04,0,17,0,71,71,0,6,18594,0,64,6225,0,0,0,0,0,0,0,False,False,False
2015-12-05,0,16,0,71,71,0,6,18619,0,64,6225,0,0,0,0,0,0,0,False,False,False
2015-12-06,0,17,0,71,71,0,6,18643,0,64,6225,0,0,0,0,0,0,0,False,False,False
2015-12-07,0,17,0,71,71,0,6,18666,0,64,6225,0,0,0,0,0,0,0,False,False,False
2015-12-08,0,18,0,71,71,0,6,18691,0,64,6225,0,0,0,0,0,0,0,False,False,False
2015-12-09,0,17,0,71,71,0,6,18715,0,64,6225,0,0,0,0,0,0,0,False,False,False
2015-12-10,0,17,0,71,71,0,6,18738,0,64,6225,0,0,0,0,0,0,0,False,False,False
2015-12-11,0,17,0,71,71,0,6,18763,0,64,6225,0,0,0,0,0,0,0,False,False,False
2015-12-12,0,15,0,71,71,0,6,18787,0,64,6225,0,0,0,0,0,0,0,False,False,False
2015-12-13,0,16,0,71,71,0,6,18810,0,64,6225,0,0,0,0,0,0,0,False,False,False
2015-12-14,0,15,0,71,71,0,6,18835,0,64,6225,0,0,0,0,0,0,0,False,False,False
2015-12-15,0,14,0,71,71,0,6,18859,0,64,6225,0,0,0,0,0,0,0,False,False,False
2015-12-16,0,14,0,71,71,0,6,18882,0,64,6225,0,0,0,0,0,0,0,False,False,False
2015-12-17,0,15,0,71,71,0,6,18906,0,64,6225,0,0,0,0,0,0,0,False,False,False
2015-12-18,0,15,0,71,71,0,6,18931,0,64,6225,0,0,0,0,0,0,0,False,False,False
2015-12-19,0,16,0,71,71,0,6,18954,0,64,6225,0,0,0,0,0,0,0,False,False,False
2015-12-20,0,15,0,71,71,0,6,18978,0,64,6225,0,0,0,0,0,0,0,False,False,False
2015-12-21,0,16,0,71,71,0,6,19003,0,64,6225,0,0,0,0,0,0,0,False,False,False
2015-12-22,0,17,0,71,71,0,6,19026,0,64,6225,0,0,0,0,0,0,0,False,False,False
2015-12-23,0,16,0,71,71,0,6,19050,0,64,6225,0,0,0,0,0,0,0,False,False,False
2015-12-24,0,15,0,71,71,0,6,19075,0,64,6225,0,0,0,0,0,0,0,False,False,False
2015-12-25,0,14,0,71,71,0,6,19098,0,64,6225,0,0,0,0,0,0,0,False,False,False
2015-12-26,0,15,0,71,71,0,6,19122,0,64,6225,0,0,0,0,0,0,0,False,False,False
2015-12-27,0,14,0,71,71,0,6,19146,0,64,6225,0,0,0,0,0,0,0,False,False,False
2015-12-28,0,15,0,71,71,0,6,19170,0,64,6225,0,0,0,0,0,0,0,False,False,False
2015-12-29,0,14,0,71,71,0,6,19194,0,64,6225,0,0,0,0,0,0,0,False,False,False
2015-12-30,0,14,0,71,71,0,6,19218,0,64,6225,0,0,0,0,0,0,0,False,False,False
2015-12-31,0,15,0,71,71,0,6,19242,0,64,6225,0,0,0,0,0,0,0,False,False,False
2016-01-01,0,14,0,71,71,0,6,19266,0,64,6225,0,0,0,0,0,0,0,False,False,False
2016-01-02,0,14,0,71,71,0,6,19290,0,64,6225,0,0,0,0,0,0,0,False,False,False
2016-01-03,0,15,0,71,71,0,6,19314,0,64,6225,0,0,0,0,0,0,0,False,False,False
2016-01-04,0,15,0,71,71,0,6,19338,0,64,6225,0,0,0,0,0,0,0,False,False,False
2016-01-05,0,16,0,71,71,0,6,19362,0,64,6225,0,0,0,0,0,0,0,False,False,False
2016-01-06,0,16,0,71,71,0,6,19386,0,64,6225,0,0,0,0,0,0,0,False,False,False
2016-01-07,0,15,0,71,71,0,6,19410,0,64,6225,0,0,0,0,0,0,0,False,False,False
2016-01-08,0,15,0,71,71,0,6,19434,0,64,6225,0,0,0,0,0,0,0,False,False,False
2016-01-09,0,15,0,71,71,0,6,19457,0,64,6225,0,0,0,0,0,0,0,False,False,False
2016-01-10,0,16,0,71,71,0,6,19482,0,64,6225,0,0,0,0,0,0,0,False,False,False
2016-01-11,0,15,0,71,71,0,6,19506,0,64,6225,0,0,0,0,0,0,0,False,False,False
2016-01-12,0,16,0,71,71,0,6,19530,0,64,6225,0,0,0,0,0,0,0,False,False,False
2016-01-13,0,16,0,71,71,0,6,19554,0,64,6225,0,0,0,0,0,0,0,False,False,False
2016-01-14,0,16,0,71,71,0,6,19578,0,64,6225,0,0,0,0,0,0,0,False,False,False
2016-01-15,0,17,0,71,71,0,6,19602,0,64,6225,0,0,0,0,0,0,0,False,False,False
2016-01-16,0,16,0,71,71,0,6,19625,0,64,6225,0,0,0,0,0,0,0,False,False,False
2016-01-17,0,17,0,71,71,0,6,19650,0,64,6225,0,0,0,0,0,0,0,False,False,False
2016-01-18,0,17,0,71,71,0,6,19674,0,64,6225,0,0,0,0,0,0,0,False,False,False
2016-01-19,0,18,0,71,71,0,6,19697,0,64,6225,0,0,0,0,0,0,0,False,False,False
2016-01-20,0,18,0,71,71,0,6,19722,0,64,6225,0,0,0,0,0,0,0,False,False,False
2016-01-21,0,17,0,71,71,0,6,19745,0,64,6225,0,0,0,0,0,0,0,False,False,False
2016-01-22,0,18,0,71,71,0,6,19769,0,64,6225,0,0,0,0,0,0,0,False,False,False
2016-01-23,0,17,0,71,71,0,6,19793,0,64,6225,0,0,0,0,0,0,0,False,False,False
2016-01-24,0,16,0,71,71,0,6,19818,0,64,6225,0,0,0,0,0,0,0,False,False,False
2016-01-25,0,17,0,71,71,0,6,19841,0,64,6225,0,0,0,0,0,0,0,False,False,False
2016-01-26,0,16,0,71,71,0,6,19865,0,64,6225,0,0,0,0,0,0,0,False,False,False
2016-01-27,0,17,0,71,71,0,6,19890,0,64,6225,0,0,0,0,0,0,0,False,False,False
2016-01-28,0,17,0,71,71,0,6,19913,0,64,6225,0,0,0,0,0,0,0,False,False,False
2016-01-29,0,18,0,71,71,0,6,19937,0,64,6225,0,0,0,0,0,0,0,False,False,False
2016-01-30,0,18,0,71,71,0,6,19961,0,64,6225,0,0,0,0,0,0,0,False,False,False
2016-01-31,0,18,0,71,71,0,6,19985,0,64,6225,0,0,0,0,0,0,0,False,False,False
2016-02-01,0,17,0,71,71,0,6,20009,0,64,6225,0,0,0,0,0,0,0,False,False,False
2016-02-02,0,17,0,71,71,0,6,20033,0,64,6225,0,0,0,0,0,0,0,False,False,False
2016-02-03,0,15,0,71,71,0,6,20057,0,64,6225,0,0,0,0,0,0,0,False,False,False
2016-02-04,0,17,0,71,71,0,6,20081,0,64,6225,0,0,0,0,0,0,0,False,False,False
2016-02-05,0,17,0,71,71,0,6,20105,0,64,6225,0,0,0,0,0,0,0,False,False,False
2016-02-06,0,17,0,71,71,0,6,20129,0,64,6225,0,0,0,0,0,0,0,False,False,False
2016-02-07,0,17,0,71,71,0,6,20153,0,64,6225,0,0,0,0,0,0,0,False,False,False
2016-02-08,0,17,0,71,71,0,6,20177,0,64,6225,0,0,0,0,0,0,0,False,False,False
2016-02-09,0,17,0,71,71,0,6,20201,0,64,6225,0,0,0,0,0,0,0,False,False,False
2016-02-10,0,18,0,71,71,0,6,20225,0,64,6225,0,0,0,0,0,0,0,False,False,False
2016-02-11,0,18,0,71,71,0,6,20249,0,64,6225,0,0,0,0,0,0,0,False,False,False
2016-02-12,0,18,0,71,71,0,6,20273,0,64,6225,0,0,0,0,0,0,0,False,False,False
2016-02-13,0,17,0,71,71,0,6,20297,0,64,6225,0,0,0,0,0,0,0,False,False,False
2016-02-14,0,17,0,71,71,0,6,20321,0,64,6225,0,0,0,0,0,0,0,False,False,False
2016-02-15,0,17,0,71,71,0,6,20344,0,64,6225,0,0,0,0,0,0,0,False,False,False
2016-02-16,0,17,0,71,71,0,6,20369,0,64,6225,0,0,0,0,0,0,0,False,False,False
2016-02-17,0,17,0,71,71,0,6,20393,0,64,6225,0,0,0,0,0,0,0,False,False,False
2016-02-18,0,17,0,71,71,0,6,20416,0,64,6225,0,0,0,0,0,0,0,False,False,False
2016-02-19,0,17,0,71,71,0,6,20441,0,64,6225,0,0,0,0,0,0,0,False,False,False
2016-02-20,0,17,0,71,71,0,6,20465,0,64,6225,0,0,0,0,0,0,0,False,False,False
2016-02-21,0,17,0,71,71,0,6,20488,0,64,6225,0,0,0,0,0,0,0,False,False,False
2016-02-22,0,17,0,71,71,0,6,20512,0,64,6225,0,0,0,0,0,0,0,False,False,False
2016-02-23,0,17,0,71,71,0,6,20537,0,64,6225,0,0,0,0,0,0,0,False,False,False
2016-02-24,0,17,0,71,71,0,6,20561,0,64,6225,0,0,0,0,0,0,0,False,False,False
2016-02-25,0,17,0,71,71,0,6,20584,0,64,6225,0,0,0,0,0,0,0,False,False,False
2016-02-26,0,17,0,71,71,0,6,20609,0,64,6225,0,0,0,0,0,0,0,False,False,False
2016-02-27,0,17,0,71,71,0,6,20633,0,64,6225,0,0,0,0,0,0,0,False,False,False
2016-02-28,0,17,0,71,71,0,6,20656,0,64,6225,0,0,0,0,0,0,0,False,False,False
2016-02-29,0,17,0,71,71,0,6,20681,0,64,6225,0,0,0,0,0,0,0,False,False,False
2016-03-01,0,17,0,71,71,0,6,20705,0,64,6225,0,0,0,0,0,0,0,False,False,False
2016-03-02,0,17,0,71,71,0,6,20728,0,64,6225,0,0,0,0,0,0,0,False,False,False
2016-03-03,0,18,0,71,71,0,6,20752,0,64,6225,0,0,0,0,0,0,0,False,False,False
2016-03-04,0,18,0,71,71,0,6,20777,0,64,6225,0,0,0,0,0,0,0,False,False,False
2016-03-05,0,18,0,71,71,0,6,20800,0,64,6225,0,0,0,0,0,0,0,False,False,False
2016-03-06,0,24,0,71,71,0,6,20824,0,64,6225,0,0,0,0,0,0,0,False,False,False
2016-03-07,0,18,0,71,71,0,6,20849,0,64,6225,0,0,0,0,0,0,0,False,False,False
2016-03-08,0,18,0,71,71,0,6,20872,0,64,6225,0,0,0,0,0,0,0,False,False,False
2016-03-09,0,17,0,71,71,0,6,20896,0,64,6225,0,0,0,0,0,0,0,False,False,False
2016-03-10,0,18,0,71,71,0,6,20920,0,64,6225,0,0,0,0,0,0,0,False,False,False
2016-03-11,0,18,0,71,71,0,6,20944,0,64,6225,0,0,0,0,0,0,0,False,False,False
2016-03-12,0,18,0,71,71,0,6,20968,0,64,6225,0,0,0,0,0,0,0,False,False,False
2016-03-13,0,18,0,71,71,0,6,20992,0,64,6225,0,0,0,0,0,0,0,False,False,False
2016-03-14,0,18,0,71,71,0,6,21016,0,64,6225,0,0,0,0,0,0,0,False,False,False
2016-03-15,0,18,0,71,71,0,6,21039,0,64,6225,0,0,0,0,0,0,0,False,False,False
2016-03-16,0,18,0,71,71,0,6,21063,0,64,6225,0,0,0,0,0,0,0,False,False,False
2016-03-17,0,18,0,71,71,0,6,21087,0,64,6225,0,0,0,0,0,0,0,False,False,False
2016-03-18,0,18,0,71,71,0,6,21111,0,64,6225,0,0,0,0,0,0,0,False,False,False
2016-03-19,0,18,0,71,71,0,6,21135,0,64,6225,0,0,0,0,0,0,0,False,False,False
2016-03-20,0,18,0,71,71,0,6,21159,0,64,6225,0,0,0,0,0,0,0,False,False,False
2016-03-21,0,18,0,71,71,0,6,21183,0,64,6225,0,0,0,0,0,0,0,False,False,False
2016-03-22,0,18,0,71,71,0,6,21207,0,64,6225,0,0,0,0,0,0,0,False,False,False
2016-03-23,0,18,0,71,71,0,6,21231,0,64,6225,0,0,0,0,0,0,0,False,False,False
2016-03-24,0,18,0,71,71,0,6,21255,0,64,6225,0,0,0,0,0,0,0,False,False,False
2016-03-25,0,18,0,71,71,0,6,21279,0,64,6225,0,0,0,0,0,0,0,False,False,False
2016-03-26,0,18,0,71,71,0,6,21303,0,64,6225,0,0,0,0,0,0,0,False,False,False
2016-03-27,0,18,0,71,71,0,6,21327,0,64,6225,0,0,0,0,0,0,0,False,False,False
2016-03-28,0,18,0,71,71,0,6,21351,0,64,6225,0,0,0,0,0,0,0,False,False,False
2016-03-29,0,18,0,71,71,0,6,21375,0,64,6225,0,0,0,0,0,0,0,False,False,False
2016-03-30,0,18,0,71,71,0,6,21399,0,64,6225,0,0,0,0,0,0,0,False,False,False
2016-03-31,0,18,0,71,71,0,6,21422,0,64,6225,0,0,0,0,0,0,0,False,False,False
2016-04-01,0,18,0,71,71,0,6,21447,0,64,6225,0,0,0,0,0,0,0,False,False,False
2016-04-02,0,18,0,71,71,0,6,21470,0,64,6225,0,0,0,0,0,0,0,False,False,False
2016-04-03,0,18,0,71,71,0,6,21494,0,64,6225,0,0,0,0,0,0,0,False,False,False
2016-04-04,0,18,0,71,71,0,6,21519,0,64,6225,0,0,0,0,0,0,0,False,False,False
2016-04-05,0,18,0,71,71,0,6,21542,0,64,6225,0,0,0,0,0,0,0,False,False,False
2016-04-06,0,18,0,71,71,0,6,21566,0,64,6225,0,0,0,0,0,0,0,False,False,False
2016-04-07,0,18,0,71,71,0,6,21591,0,64,6225,0,0,0,0,0,0,0,False,False,False
2016-04-08,0,18,0,71,71,0,6,21614,0,64,6225,0,0,0,0,0,0,0,False,False,False
2016-04-09,0,18,0,71,71,0,6,21638,0,64,6225,0,0,0,0,0,0,0,False,False,False
2016-04-10,0,18,0,71,71,0,6,21663,0,64,6225,0,0,0,0,0,0,0,False,False,False
2016-04-11,0,18,0,71,71,0,6,21686,0,64,6225,0,0,0,0,0,0,0,False,False,False
2016-04-12,0,18,0,71,71,0,6,21710,0,64,6225,0,0,0,0,0,0,0,False,False,False
2016-04-13,0,18,0,71,71,0,6,21734,0,64,6225,0,0,0,0,0,0,0,False,False,False
2016-04-14,0,17,0,71,71,0,6,21758,0,64,6225,0,0,0,0,0,0,0,False,False,False
2016-04-15,0,18,0,71,71,0,6,21782,0,64,6225,0,0,0,0,0,0,0,False,False,False
2016-04-16,0,18,0,71,71,0,6,21806,0,64,6225,0,0,0,0,0,0,0,False,False,False
2016-04-17,0,17,0,71,71,0,6,21830,0,64,6225,0,0,0,0,0,0,0,False,False,False
2016-04-18,0,17,0,71,71,0,6,21854,0,64,6225,0,0,0,0,0,0,0,False,False,False
2016-04-19,0,17,0,71,71,0,6,21878,0,64,6225,0,0,0,0,0,0,0,False,False,False
2016-04-20,0,17,0,71,71,0,6,21902,0,64,6225,0,0,0,0,0,0,0,False,False,False
2016-04-21,0,17,0,71,71,0,6,21926,0,64,6225,0,0,0,0,0,0,0,False,False,False
2016-04-22,0,17,0,71,71,0,6,21950,0,64,6225,0,0,0,0,0,0,0,False,False,False
2016-04-23,0,17,0,71,71,0,6,21974,0,64,6225,0,0,0,0,0,0,0,False,False,False
2016-04-24,0,17,0,71,71,0,6,21998,0,64,6225,0,0,0,0,0,0,0,False,False,False
2016-04-25,0,17,0,71,71,0,6,22022,0,64,6225,0,0,0,0,0,0,0,False,False,False
2016-04-26,0,17,0,71,71,0,6,22046,0,64,6225,0,0,0,0,0,0,0,False,False,False
2016-04-27,0,17,0,71,71,0,6,22070,0,64,6225,0,0,0,0,0,0,0,False,False,False
2016-04-28,0,17,0,71,71,0,6,22094,0,64,6225,0,0,0,0,0,0,0,False,False,False
2016-04-29,0,17,0,71,71,0,6,22118,0,64,6225,0,0,0,0,0,0,0,False,False,False
2016-04-30,0,17,0,71,71,0,6,22142,0,64,6225,0,0,0,0,0,0,0,False,False,False
2016-05-01,0,17,0,71,71,0,6,22166,0,64,6225,0,0,0,0,0,0,0,False,False,False
2016-05-02,0,17,0,71,71,0,6,22190,0,64,6225,0,0,0,0,0,0,0,False,False,False
2016-05-03,0,18,0,71,71,0,6,22214,0,64,6225,0,0,0,0,0,0,0,False,False,False
2016-05-04,0,18,0,71,71,0,6,22238,0,64,6225,0,0,0,0,0,0,0,False,False,False
2016-05-05,0,18,0,71,71,0,6,22262,0,64,6225,0,0,0,0,0,0,0,False,False,False
2016-05-06,0,18,0,71,71,0,6,22285,0,64,6225,0,0,0,0,0,0,0,False,False,False
2016-05-07,0,18,0,71,71,0,6,22310,0,64,6225,0,0,0,0,0,0,0,False,False,False
2016-05-08,0,18,0,71,71,0,6,22334,0,64,6225,0,0,0,0,0,0,0,False,False,False
2016-05-09,0,18,0,71,71,0,6,22357,0,64,6225,0,0,0,0,0,0,0,False,False,False
2016-05-10,0,18,0,71,71,0,6,22382,0,64,6225,0,0,0,0,0,0,0,False,False,False
2016-05-11,0,18,0,71,71,0,6,22406,0,64,6225,0,0,0,0,0,0,0,False,False,False
2016-05-12,0,18,0,71,71,0,6,22429,0,64,6225,0,0,0,0,0,0,0,False,False,False
2016-05-13,0,18,0,71,71,0,6,22453,0,64,6225,0,0,0,0,0,0,0,False,False,False
2016-05-14,0,18,0,71,71,0,6,22478,0,64,6225,0,0,0,0,0,0,0,False,False,False
2016-05-15,0,18,0,71,71,0,6,22501,0,64,6225,0,0,0,0,0,0,0,False,False,False
2016-05-16,0,18,0,71,71,0,6,22525,0,64,6225,0,0,0,0,0,0,0,False,False,False
2016-05-17,0,18,0,71,71,0,6,22550,0,64,6225,0,0,0,0,0,0,0,False,False,False
2016-05-18,0,18,0,71,71,0,6,22573,0,64,6225,0,0,0,0,0,0,0,False,False,False
2016-05-19,0,18,0,71,71,0,6,22597,0,64,6225,0,0,0,0,0,0,0,False,False,False
2016-05-20,0,18,0,71,71,0,6,22622,0,64,6225,0,0,0,0,0,0,0,False,False,False
2016-05-21,0,18,0,71,71,0,6,22645,0,64,6225,0,0,0,0,0,0,0,False,False,False
2016-05-22,0,18,0,71,71,0,6,22669,0,64,6225,0,0,0,0,0,0,0,False,False,False
2016-05-23,0,18,0,71,71,0,6,22693,0,64,6225,0,0,0,0,0,0,0,False,False,False
2016-05-24,0,18,0,71,71,0,6,22717,0,64,6225,0,0,0,0,0,0,0,False,False,False
2016-05-25,0,18,0,71,71,0,6,22741,0,64,6225,0,0,0,0,0,0,0,False,False,False
2016-05-26,0,18,0,71,71,0,6,22765,0,64,6225,0,0,0,0,0,0,0,False,False,False
2016-05-27,0,18,0,71,71,0,6,22789,0,64,6225,0,0,0,0,0,0,0,False,False,False
2016-05-28,0,18,0,71,71,0,6,22813,0,64,6225,0,0,0,0,0,0,0,False,False,False
2016-05-29,0,18,0,71,71,0,6,22837,0,64,6225,0,0,0,0,0,0,0,False,False,False
2016-05-30,0,19,0,71,71,0,6,22861,0,64,6225,0,0,0,0,0,0,0,False,False,False
2016-05-31,0,19,0,71,71,0,6,22885,0,64,6225,0,0,0,0,0,0,0,False,False,False
2016-06-01,0,19,0,71,71,0,6,22909,0,64,6225,0,0,0,0,0,0,0,False,False,False
2016-06-02,0,19,0,71,71,0,6,22933,0,64,6225,0,0,0,0,0,0,0,False,False,False
2016-06-03,0,19,0,71,71,0,6,22957,0,64,6225,0,0,0,0,0,0,0,False,False,False
2016-06-04,0,19,0,71,71,0,6,22981,0,64,6225,0,0,0,0,0,0,0,False,False,False
2016-06-05,0,19,0,71,71,0,6,23005,0,64,6225,0,0,0,0,0,0,0,False,False,False
2016-06-06,0,19,0,71,71,0,6,23029,0,64,6225,0,0,0,0,0,0,0,False,False,False
2016-06-07,0,19,0,71,71,0,6,23053,0,64,6225,0,0,0,0,0,0,0,False,False,False
2016-06-08,0,19,0,71,71,0,6,23077,0,64,6225,0,0,0,0,0,0,0,False,False,False
2016-06-09,0,19,0,71,71,0,6,23101,0,64,6225,0,0,0,0,0,0,0,False,False,False
2016-06-10,0,19,0,71,71,0,6,23125,0,64,6225,0,0,0,0,0,0,0,False,False,False
2016-06-11,0,19,0,71,71,0,6,23149,0,64,6225,0,0,0,0,0,0,0,False,False,False
2016-06-12,0,18,0,71,71,0,6,23172,0,64,6225,0,0,0,0,0,0,0,False,False,False
2016-06-13,0,19,0,71,71,0,6,23197,0,64,6225,0,0,0,0,0,0,0,False,False,False
2016-06-14,0,18,0,71,71,0,6,23221,0,64,6225,0,0,0,0,0,0,0,False,False,False
2016-06-15,0,18,0,71,71,0,6,23244,0,64,6225,0,0,0,0,0,0,0,False,False,False
2016-06-16,0,19,0,71,71,0,6,23269,0,64,6225,0,0,0,0,0,0,0,False,False,False
2016-06-17,0,19,0,71,71,0,6,23293,0,64,6225,0,0,0,0,0,0,0,False,False,False
2016-06-18,0,19,0,71,71,0,6,23316,0,64,6225,0,0,0,0,0,0,0,False,False,False
2016-06-19,0,19,0,71,71,0,6,23340,0,64,6225,0,0,0,0,0,0,0,False,False,False
2016-06-20,0,19,0,71,71,0,6,23365,0,64,6225,0,0,0,0,0,0,0,False,False,False
2016-06-21,0,21,0,71,71,0,6,23388,0,64,6225,0,0,0,0,0,0,0,False,False,False
2016-06-22,0,21,0,71,71,0,6,23412,0,64,6225,0,0,0,0,0,0,0,False,False,False
2016-06-23,0,21,0,71,71,0,6,23437,0,64,6225,0,0,0,0,0,0,0,False,False,False
2016-06-24,0,22,0,71,71,0,6,23460,0,64,6225,0,0,0,0,0,0,0,False,False,False
2016-06-25,0,22,0,71,71,0,6,23484,0,64,6225,0,0,0,0,0,0,0,False,False,False
2016-06-26,0,21,0,71,71,0,6,23509,0,64,6225,0,0,0,0,0,0,0,False,False,False
2016-06-27,0,22,0,71,71,0,6,23532,0,64,6225,0,0,0,0,0,0,0,False,False,False
2016-06-28,0,22,0,71,71,0,6,23556,0,64,6225,0,0,0,0,0,0,0,False,False,False
2016-06-29,0,22,0,71,71,0,6,23580,0,64,6225,0,0,0,0,0,0,0,False,False,False
2016-06-30,0,22,0,71,71,0,6,23604,0,64,6225,0,0,0,0,0,0,0,False,False,False
