date,failure,Smart 194: Temperature_Celsius (Raw Value),Smart 1: Raw_Read_Error_Rate (Raw Value),Smart 12: Power_Cycle_Count (Raw Value),Smart 4: Start_Stop_Count (Raw Value),Smart 10: Spin_Retry_Count (Raw Value),Smart 192: Power-Off_Retract_Count (Raw Value),Smart 9: Power_On_Hours (Raw Value),Smart 7: Seek_Error_Rate (Raw Value),Smart 193: Load_Cycle_Count (Raw Value),Smart 3: Spin_Up_Time (Raw Value),Smart 11: Calibration_Retry_Count (Raw Value),Smart 200: Multi_Zone_Error_Rate (Raw Value),Smart 5: Reallocated_Sector_Ct (Raw Value),Smart 197: Current_Pending_Sector (Raw Value),Smart 198: Offline_Uncorrectable (Raw Value),Smart 199: UDMA_CRC_Error_Count (Raw Value),Smart 196: Reallocated_Event_Count (Raw Value),op_fail_30,op_fail_15,op_fail_1
2013-04-10,0,25,6,,,,,36562,,,,,,0,0,,,,False,False,False
2013-04-11,0,25,6,,,,,36586,,,,,,0,0,,,,False,False,False
2013-04-12,0,33,6,,,,,36609,,,,,,0,0,,,,False,False,False
2013-04-13,0,33,6,,,,,36633,,,,,,0,0,,,,False,False,False
2013-04-14,0,33,6,,,,,36656,,,,,,0,0,,,,False,False,False
2013-04-15,0,33,6,,,,,36680,,,,,,0,0,,,,False,False,False
2013-04-16,0,33,6,,,,,36704,,,,,,0,0,,,,False,False,False
2013-04-17,0,33,6,,,,,36727,,,,,,0,0,,,,False,False,False
2013-04-18,0,32,6,,,,,36751,,,,,,0,0,,,,False,False,False
2013-04-19,0,31,6,,,,,36775,,,,,,0,0,,,,False,False,False
2013-04-20,0,30,6,,,,,36798,,,,,,0,0,,,,False,False,False
2013-04-21,0,30,6,,,,,36822,,,,,,0,0,,,,False,False,False
2013-04-22,0,30,6,,,,,36845,,,,,,0,0,,,,False,False,False
2013-04-23,0,30,6,,,,,36869,,,,,,0,0,,,,False,False,False
2013-04-24,0,27,6,,,,,36893,,,,,,0,0,,,,False,False,False
2013-04-25,0,21,6,,,,,36916,,,,,,0,0,,,,False,False,False
2013-04-26,0,21,6,,,,,36940,,,,,,0,0,,,,False,False,False
2013-04-27,0,21,6,,,,,36964,,,,,,0,0,,,,False,False,False
2013-04-28,0,20,6,,,,,36988,,,,,,0,0,,,,False,False,False
2013-04-29,0,20,6,,,,,37012,,,,,,0,0,,,,False,False,False
2013-04-30,0,21,6,,,,,37036,,,,,,0,0,,,,False,False,False
2013-05-01,0,22,6,,,,,37060,,,,,,0,0,,,,False,False,False
2013-05-02,0,21,6,,,,,37084,,,,,,0,0,,,,False,False,False
2013-05-03,0,22,6,,,,,37107,,,,,,0,0,,,,False,False,False
2013-05-04,0,23,6,,,,,37131,,,,,,0,0,,,,False,False,False
2013-05-05,0,23,6,,,,,37155,,,,,,0,0,,,,False,False,False
2013-05-06,0,23,6,,,,,37178,,,,,,0,0,,,,False,False,False
2013-05-07,0,23,6,,,,,37202,,,,,,0,0,,,,False,False,False
2013-05-08,0,23,6,,,,,37226,,,,,,0,0,,,,False,False,False
2013-05-09,0,25,6,,,,,37249,,,,,,0,0,,,,False,False,False
2013-05-10,0,25,6,,,,,37273,,,,,,0,0,,,,False,False,False
2013-05-11,0,25,6,,,,,37296,,,,,,0,0,,,,False,False,False
2013-05-12,0,25,6,,,,,37320,,,,,,0,0,,,,False,False,False
2013-05-13,0,26,6,,,,,37344,,,,,,0,0,,,,False,False,False
2013-05-14,0,25,6,,,,,37367,,,,,,0,0,,,,False,False,False
2013-05-15,0,25,6,,,,,37391,,,,,,0,0,,,,False,False,False
2013-05-16,0,25,6,,,,,37414,,,,,,0,0,,,,False,False,False
2013-05-17,0,25,6,,,,,37438,,,,,,0,0,,,,False,False,False
2013-05-18,0,25,6,,,,,37462,,,,,,0,0,,,,False,False,False
2013-05-19,0,25,6,,,,,37485,,,,,,0,0,,,,False,False,False
2013-05-20,0,25,6,,,,,37509,,,,,,0,0,,,,False,False,False
2013-05-21,0,25,6,,,,,37532,,,,,,0,0,,,,False,False,False
2013-05-22,0,25,6,,,,,37556,,,,,,0,0,,,,False,False,False
2013-05-23,0,25,6,,,,,37580,,,,,,0,0,,,,False,False,False
2013-05-24,0,25,6,,,,,37604,,,,,,0,0,,,,False,False,False
2013-05-25,0,26,6,,,,,37627,,,,,,0,0,,,,False,False,False
2013-05-26,0,25,6,,,,,37651,,,,,,0,0,,,,False,False,False
2013-05-27,0,25,6,,,,,37674,,,,,,0,0,,,,False,False,False
2013-05-28,0,26,6,,,,,37698,,,,,,0,0,,,,False,False,False
2013-05-29,0,26,6,,,,,37722,,,,,,0,0,,,,False,False,False
2013-05-30,0,25,6,,,,,37745,,,,,,0,0,,,,False,False,False
2013-05-31,0,25,6,,,,,37769,,,,,,0,0,,,,False,False,False
2013-06-01,0,24,6,,,,,37793,,,,,,0,0,,,,False,False,False
2013-06-02,0,25,6,,,,,37816,,,,,,0,0,,,,False,False,False
2013-06-03,0,24,6,,,,,37840,,,,,,0,0,,,,False,False,False
2013-06-04,0,25,6,,,,,37864,,,,,,0,0,,,,False,False,False
2013-06-05,0,26,6,,,,,37887,,,,,,0,0,,,,False,False,False
2013-06-06,0,25,6,,,,,37911,,,,,,0,0,,,,False,False,False
2013-06-07,0,25,6,,,,,37934,,,,,,0,0,,,,False,False,False
2013-06-08,0,25,6,,,,,37958,,,,,,0,0,,,,False,False,False
2013-06-09,0,25,6,,,,,37982,,,,,,0,0,,,,False,False,False
2013-06-10,0,25,6,,,,,38005,,,,,,0,0,,,,False,False,False
2013-06-11,0,26,6,,,,,38029,,,,,,0,0,,,,False,False,False
2013-06-12,0,25,6,,,,,38053,,,,,,0,0,,,,False,False,False
2013-06-13,0,25,6,,,,,38076,,,,,,0,0,,,,False,False,False
2013-06-14,0,25,6,,,,,38100,,,,,,0,0,,,,False,False,False
2013-06-15,0,25,6,,,,,38124,,,,,,0,0,,,,False,False,False
2013-06-16,0,25,6,,,,,38147,,,,,,0,0,,,,False,False,False
2013-06-17,0,25,6,,,,,38171,,,,,,0,0,,,,False,False,False
2013-06-18,0,25,6,,,,,38194,,,,,,0,0,,,,False,False,False
2013-06-19,0,25,6,,,,,38218,,,,,,0,0,,,,False,False,False
2013-06-20,0,25,6,,,,,38242,,,,,,0,0,,,,False,False,False
2013-06-21,0,25,6,,,,,38265,,,,,,0,0,,,,False,False,False
2013-06-22,0,26,6,,,,,38289,,,,,,0,0,,,,False,False,False
2013-06-23,0,25,6,,,,,38313,,,,,,0,0,,,,False,False,False
2013-06-24,0,26,6,,,,,38336,,,,,,0,0,,,,False,False,False
2013-06-25,0,26,6,,,,,38360,,,,,,0,0,,,,False,False,False
2013-06-26,0,25,6,,,,,38384,,,,,,0,0,,,,False,False,False
2013-06-27,0,26,6,,,,,38407,,,,,,0,0,,,,False,False,False
2013-06-28,0,26,6,,,,,38431,,,,,,0,0,,,,False,False,False
2013-06-29,0,26,6,,,,,38454,,,,,,0,0,,,,False,False,False
2013-06-30,0,26,6,,,,,38478,,,,,,0,0,,,,False,False,False
2013-07-01,0,26,6,,,,,38502,,,,,,0,0,,,,False,False,False
2013-07-02,0,26,6,,,,,38525,,,,,,0,0,,,,False,False,False
2013-07-03,0,26,6,,,,,38549,,,,,,0,0,,,,False,False,False
2013-07-04,0,26,6,,,,,38573,,,,,,0,0,,,,False,False,False
2013-07-05,0,26,6,,,,,38596,,,,,,0,0,,,,False,False,False
2013-07-06,0,26,6,,,,,38620,,,,,,0,0,,,,False,False,False
2013-07-07,0,26,6,,,,,38644,,,,,,0,0,,,,False,False,False
2013-07-08,0,26,6,,,,,38667,,,,,,0,0,,,,False,False,False
2013-07-09,0,26,6,,,,,38691,,,,,,0,0,,,,False,False,False
2013-07-10,0,26,6,,,,,38714,,,,,,0,0,,,,False,False,False
2013-07-11,0,26,6,,,,,38738,,,,,,0,0,,,,False,False,False
2013-07-12,0,25,6,,,,,38762,,,,,,0,0,,,,False,False,False
2013-07-13,0,25,6,,,,,38785,,,,,,0,0,,,,False,False,False
2013-07-14,0,26,6,,,,,38809,,,,,,0,0,,,,False,False,False
2013-07-15,0,26,6,,,,,38833,,,,,,0,0,,,,False,False,False
2013-07-16,0,26,6,,,,,38856,,,,,,0,0,,,,False,False,False
2013-07-17,0,25,6,,,,,38880,,,,,,0,0,,,,False,False,False
2013-07-18,0,25,6,,,,,38903,,,,,,0,0,,,,False,False,False
2013-07-19,0,26,6,,,,,38927,,,,,,0,0,,,,False,False,False
2013-07-20,0,26,6,,,,,38951,,,,,,0,0,,,,False,False,False
2013-07-21,0,26,6,,,,,38975,,,,,,0,0,,,,False,False,False
2013-07-22,0,26,6,,,,,38998,,,,,,0,0,,,,False,False,False
2013-07-23,0,26,6,,,,,39022,,,,,,0,0,,,,False,False,False
2013-07-24,0,25,6,,,,,39046,,,,,,0,0,,,,False,False,False
2013-07-25,0,25,6,,,,,39069,,,,,,0,0,,,,False,False,False
2013-07-26,0,24,6,,,,,39093,,,,,,0,0,,,,False,False,False
2013-07-27,0,24,6,,,,,39116,,,,,,0,0,,,,False,False,False
2013-07-28,0,24,6,,,,,39140,,,,,,0,0,,,,False,False,False
2013-07-29,0,24,6,,,,,39164,,,,,,0,0,,,,False,False,False
2013-07-30,0,24,6,,,,,39187,,,,,,0,0,,,,False,False,False
2013-07-31,0,24,6,,,,,39211,,,,,,0,0,,,,False,False,False
2013-08-01,0,25,6,,,,,39235,,,,,,0,0,,,,False,False,False
2013-08-02,0,25,6,,,,,39258,,,,,,0,0,,,,False,False,False
2013-08-03,0,25,6,,,,,39282,,,,,,0,0,,,,False,False,False
2013-08-04,0,25,6,,,,,39305,,,,,,0,0,,,,False,False,False
2013-08-05,0,25,6,,,,,39329,,,,,,0,0,,,,False,False,False
2013-08-06,0,25,6,,,,,39353,,,,,,0,0,,,,False,False,False
2013-08-07,0,23,6,,,,,39376,,,,,,0,0,,,,False,False,False
2013-08-08,0,23,6,,,,,39400,,,,,,0,0,,,,False,False,False
2013-08-09,0,24,6,,,,,39424,,,,,,0,0,,,,False,False,False
2013-08-10,0,24,6,,,,,39447,,,,,,0,0,,,,False,False,False
2013-08-11,0,24,6,,,,,39471,,,,,,0,0,,,,False,False,False
2013-08-12,0,24,6,,,,,39495,,,,,,0,0,,,,False,False,False
2013-08-13,0,25,6,,,,,39518,,,,,,0,0,,,,False,False,False
2013-08-14,0,24,6,,,,,39542,,,,,,0,0,,,,False,False,False
2013-08-15,0,24,6,,,,,39565,,,,,,0,0,,,,False,False,False
2013-08-16,0,25,6,,,,,39589,,,,,,0,0,,,,False,False,False
2013-08-17,0,24,6,,,,,39613,,,,,,0,0,,,,False,False,False
2013-08-18,0,24,6,,,,,39636,,,,,,0,0,,,,False,False,False
2013-08-19,0,24,6,,,,,39660,,,,,,0,0,,,,False,False,False
2013-10-15,0,21,6,,,,,41009,,,,,,0,0,,,,False,False,False
2013-10-16,0,21,6,,,,,41032,,,,,,0,0,,,,False,False,False
2013-10-17,0,21,6,,,,,41056,,,,,,0,0,,,,False,False,False
2013-10-18,0,21,6,,,,,41079,,,,,,0,0,,,,False,False,False
2013-10-19,0,21,6,,,,,41103,,,,,,0,0,,,,False,False,False
2013-10-20,0,21,6,,,,,41127,,,,,,0,0,,,,False,False,False
2013-10-21,0,20,6,,,,,41151,,,,,,0,0,,,,False,False,False
2013-10-22,0,20,6,,,,,41174,,,,,,0,0,,,,False,False,False
2013-10-23,0,20,6,,,,,41198,,,,,,0,0,,,,False,False,False
2013-10-24,0,21,6,,,,,41221,,,,,,0,0,,,,False,False,False
2013-10-25,0,20,6,,,,,41245,,,,,,0,0,,,,False,False,False
2013-10-26,0,21,6,,,,,41269,,,,,,0,0,,,,False,False,False
2013-10-27,0,20,6,,,,,41292,,,,,,0,0,,,,False,False,False
2013-10-28,0,21,6,,,,,41316,,,,,,0,0,,,,False,False,False
2013-10-29,0,21,6,,,,,41340,,,,,,0,0,,,,False,False,False
2013-10-30,0,21,6,,,,,41363,,,,,,0,0,,,,False,False,False
2013-10-31,0,20,6,,,,,41387,,,,,,0,0,,,,False,False,False
2013-11-01,0,21,6,,,,,41411,,,,,,0,0,,,,False,False,False
2013-11-02,0,21,6,,,,,41434,,,,,,0,0,,,,False,False,False
2013-11-03,0,21,6,,,,,41458,,,,,,0,0,,,,False,False,False
2013-11-04,0,20,6,,,,,41482,,,,,,0,0,,,,False,False,False
2013-11-05,0,21,6,,,,,41506,,,,,,0,0,,,,False,False,False
2013-11-06,0,21,6,,,,,41530,,,,,,0,0,,,,False,False,False
2013-11-07,0,20,6,,,,,41554,,,,,,0,0,,,,False,False,False
2013-11-08,0,21,6,,,,,41577,,,,,,0,0,,,,False,False,False
2013-11-09,0,21,6,,,,,41601,,,,,,0,0,,,,False,False,False
2013-11-10,0,21,6,,,,,41624,,,,,,0,0,,,,False,False,False
2013-11-11,0,20,6,,,,,41648,,,,,,0,0,,,,False,False,False
2013-11-12,0,21,6,,,,,41672,,,,,,0,0,,,,False,False,False
2013-11-13,0,20,6,,,,,41695,,,,,,0,0,,,,False,False,False
2013-11-14,0,21,6,,,,,41719,,,,,,0,0,,,,False,False,False
2013-11-15,0,21,6,,,,,41743,,,,,,0,0,,,,False,False,False
2013-11-16,0,20,6,,,,,41766,,,,,,0,0,,,,False,False,False
2013-11-17,0,21,6,,,,,41790,,,,,,0,0,,,,False,False,False
2013-11-18,0,21,6,,,,,41814,,,,,,0,0,,,,False,False,False
2013-11-19,0,21,6,,,,,41837,,,,,,0,0,,,,False,False,False
2013-11-20,0,21,6,,,,,41861,,,,,,0,0,,,,False,False,False
2013-11-21,0,21,6,,,,,41885,,,,,,0,0,,,,False,False,False
2013-11-22,0,21,6,,,,,41908,,,,,,0,0,,,,False,False,False
2013-11-23,0,20,6,,,,,41932,,,,,,0,0,,,,False,False,False
2013-11-24,0,21,6,,,,,41956,,,,,,0,0,,,,False,False,False
2013-11-25,0,21,6,,,,,41980,,,,,,0,0,,,,False,False,False
2013-11-26,0,20,6,,,,,42003,,,,,,0,0,,,,False,False,False
2013-11-27,0,20,6,,,,,42027,,,,,,0,0,,,,False,False,False
2013-11-28,0,21,6,,,,,42051,,,,,,0,0,,,,False,False,False
2013-11-29,0,21,6,,,,,42075,,,,,,0,0,,,,False,False,False
2013-11-30,0,20,6,,,,,42098,,,,,,0,0,,,,False,False,False
2013-12-01,0,21,6,,,,,42122,,,,,,0,0,,,,False,False,False
2013-12-02,0,21,6,,,,,42146,,,,,,0,0,,,,False,False,False
2013-12-03,0,21,6,,,,,42169,,,,,,0,0,,,,False,False,False
2013-12-04,0,21,6,,,,,42193,,,,,,0,0,,,,False,False,False
2013-12-05,0,21,6,,,,,42217,,,,,,0,0,,,,False,False,False
2013-12-06,0,21,6,,,,,42240,,,,,,0,0,,,,False,False,False
2013-12-07,0,20,6,,,,,42264,,,,,,0,0,,,,False,False,False
2013-12-08,0,20,6,,,,,42288,,,,,,0,0,,,,False,False,False
2013-12-09,0,21,6,,,,,42311,,,,,,0,0,,,,False,False,False
2013-12-10,0,20,6,,,,,42335,,,,,,0,0,,,,False,False,False
2013-12-11,0,20,6,,,,,42359,,,,,,0,0,,,,False,False,False
2013-12-12,0,20,6,,,,,42382,,,,,,0,0,,,,False,False,False
2013-12-13,0,20,6,,,,,42406,,,,,,0,0,,,,False,False,False
2013-12-14,0,20,6,,,,,42430,,,,,,0,0,,,,False,False,False
2013-12-15,0,20,6,,,,,42453,,,,,,0,0,,,,False,False,False
2013-12-16,0,21,6,,,,,42477,,,,,,0,0,,,,False,False,False
2013-12-17,0,20,6,,,,,42501,,,,,,0,0,,,,False,False,False
2013-12-18,0,20,6,,,,,42524,,,,,,0,0,,,,False,False,False
2013-12-19,0,21,6,,,,,42548,,,,,,0,0,,,,False,False,False
2013-12-20,0,20,6,,,,,42572,,,,,,0,0,,,,False,False,False
2013-12-21,0,20,6,,,,,42595,,,,,,0,0,,,,False,False,False
2013-12-22,0,20,6,,,,,42619,,,,,,0,0,,,,False,False,False
2013-12-23,0,21,6,,,,,42643,,,,,,0,0,,,,False,False,False
2013-12-24,0,21,6,,,,,42666,,,,,,0,0,,,,False,False,False
2013-12-25,0,20,6,,,,,42690,,,,,,0,0,,,,False,False,False
2013-12-26,0,20,6,,,,,42714,,,,,,0,0,,,,False,False,False
2013-12-27,0,20,6,,,,,42737,,,,,,0,0,,,,False,False,False
2013-12-28,0,20,6,,,,,42761,,,,,,0,0,,,,False,False,False
2013-12-29,0,20,6,,,,,42785,,,,,,0,0,,,,False,False,False
2013-12-30,0,21,6,,,,,42808,,,,,,0,0,,,,False,False,False
2013-12-31,0,20,6,,,,,42832,,,,,,0,0,,,,False,False,False
2014-01-01,0,21,6,,,,,42856,,,,,,0,0,,,,False,False,False
2014-01-02,0,20,6,,,,,42879,,,,,,0,0,,,,False,False,False
2014-01-03,0,21,6,,,,,42903,,,,,,0,0,,,,False,False,False
2014-01-04,0,21,6,,,,,42927,,,,,,0,0,,,,False,False,False
2014-01-05,0,21,6,,,,,42950,,,,,,0,0,,,,False,False,False
2014-01-06,0,21,6,,,,,42974,,,,,,0,0,,,,False,False,False
2014-01-07,0,21,6,,,,,42998,,,,,,0,0,,,,False,False,False
2014-01-08,0,20,6,,,,,43021,,,,,,0,0,,,,False,False,False
2014-01-09,0,21,6,,,,,43045,,,,,,0,0,,,,False,False,False
2014-01-10,0,21,6,,,,,43069,,,,,,0,0,,,,False,False,False
2014-01-11,0,21,6,,,,,43092,,,,,,0,0,,,,False,False,False
2014-01-12,0,21,6,,,,,43116,,,,,,0,0,,,,False,False,False
2014-01-13,0,21,6,,,,,43140,,,,,,0,0,,,,False,False,False
2014-01-14,0,21,6,,,,,43163,,,,,,0,0,,,,False,False,False
2014-01-15,0,21,6,,,,,43187,,,,,,0,0,,,,False,False,False
2014-01-16,0,20,6,,,,,43211,,,,,,0,0,,,,False,False,False
2014-01-17,0,20,6,,,,,43234,,,,,,0,0,,,,False,False,False
2014-01-18,0,20,6,,,,,43258,,,,,,0,0,,,,False,False,False
2014-01-19,0,20,6,,,,,43282,,,,,,0,0,,,,False,False,False
2014-01-20,0,20,6,,,,,43306,,,,,,0,0,,,,False,False,False
2014-01-21,0,20,6,,,,,43329,,,,,,0,0,,,,False,False,False
2014-01-22,0,20,6,,,,,43353,,,,,,0,0,,,,False,False,False
2014-01-23,0,20,6,,,,,43377,,,,,,0,0,,,,False,False,False
2014-01-24,0,20,6,,,,,43400,,,,,,0,0,,,,False,False,False
2014-01-25,0,20,6,,,,,43424,,,,,,0,0,,,,False,False,False
2014-01-26,0,20,6,,,,,43448,,,,,,0,0,,,,False,False,False
2014-01-27,0,20,6,,,,,43471,,,,,,0,0,,,,False,False,False
2014-01-28,0,20,6,,,,,43495,,,,,,0,0,,,,False,False,False
2014-01-29,0,20,6,,,,,43519,,,,,,0,0,,,,False,False,False
2014-01-30,0,20,6,,,,,43542,,,,,,0,0,,,,False,False,False
2014-01-31,0,20,6,,,,,43566,,,,,,0,0,,,,False,False,False
2014-02-01,0,21,6,,,,,43590,,,,,,0,0,,,,False,False,False
2014-02-02,0,21,6,,,,,43613,,,,,,0,0,,,,False,False,False
2014-02-03,0,21,6,,,,,43637,,,,,,0,0,,,,False,False,False
2014-02-04,0,21,6,,,,,43661,,,,,,0,0,,,,False,False,False
2014-02-05,0,20,6,,,,,43684,,,,,,0,0,,,,False,False,False
2014-02-06,0,21,6,,,,,43708,,,,,,0,0,,,,False,False,False
2014-02-07,0,21,6,,,,,43732,,,,,,0,0,,,,False,False,False
2014-02-08,0,20,6,,,,,43755,,,,,,0,0,,,,False,False,False
2014-02-09,0,21,6,,,,,43779,,,,,,0,0,,,,False,False,False
2014-02-10,0,20,6,,,,,43803,,,,,,0,0,,,,False,False,False
2014-02-11,0,20,6,,,,,43826,,,,,,0,0,,,,False,False,False
2014-02-12,0,20,6,,,,,43850,,,,,,0,0,,,,False,False,False
2014-02-13,0,20,6,,,,,43874,,,,,,0,0,,,,False,False,False
2014-02-14,0,20,6,59,61,0,10,43897,0,61,6041,0,0,0,0,0,0,0,False,False,False
2014-02-15,0,20,6,59,61,0,10,43921,0,61,6041,0,0,0,0,0,0,0,False,False,False
2014-02-16,0,20,6,59,61,0,10,43944,0,61,6041,0,0,0,0,0,0,0,False,False,False
2014-02-17,0,20,6,59,61,0,10,43968,0,61,6041,0,0,0,0,0,0,0,False,False,False
2014-02-18,0,20,6,59,61,0,10,43992,0,61,6041,0,0,0,0,0,0,0,False,False,False
2014-02-19,0,20,6,59,61,0,10,44016,0,61,6041,0,0,0,0,0,0,0,False,False,False
2014-02-20,0,21,6,59,61,0,10,44039,0,61,6041,0,0,0,0,0,0,0,False,False,False
2014-02-21,0,20,6,59,61,0,10,44062,0,61,6041,0,0,0,0,0,0,0,False,False,False
2014-02-22,0,20,6,59,61,0,10,44087,0,61,6041,0,0,0,0,0,0,0,False,False,False
2014-02-23,0,20,6,59,61,0,10,44110,0,61,6041,0,0,0,0,0,0,0,False,False,False
2014-02-24,0,21,6,59,61,0,10,44133,0,61,6041,0,0,0,0,0,0,0,False,False,False
2014-02-25,0,21,6,59,61,0,10,44158,0,61,6041,0,0,0,0,0,0,0,False,False,False
2014-02-26,0,20,6,59,61,0,10,44181,0,61,6041,0,0,0,0,0,0,0,False,False,False
2014-02-27,0,20,6,59,61,0,10,44204,0,61,6041,0,0,0,0,0,0,0,False,False,False
2014-02-28,0,20,6,59,61,0,10,44229,0,61,6041,0,0,0,0,0,0,0,False,False,False
2014-03-01,0,20,6,59,61,0,10,44252,0,61,6041,0,0,0,0,0,0,0,False,False,False
2014-03-02,0,20,6,59,61,0,10,44276,0,61,6041,0,0,0,0,0,0,0,False,False,False
2014-03-03,0,20,6,59,61,0,10,44300,0,61,6041,0,0,0,0,0,0,0,False,False,False
2014-03-04,0,21,6,59,61,0,10,44323,0,61,6041,0,0,0,0,0,0,0,False,False,False
2014-03-05,0,20,6,59,61,0,10,44347,0,61,6041,0,0,0,0,0,0,0,False,False,False
2014-03-06,0,20,6,59,61,0,10,44370,0,61,6041,0,0,0,0,0,0,0,False,False,False
2014-03-07,0,20,6,59,61,0,10,44394,0,61,6041,0,0,0,0,0,0,0,False,False,False
2014-03-08,0,20,6,59,61,0,10,44418,0,61,6041,0,0,0,0,0,0,0,False,False,False
2014-03-09,0,20,6,59,61,0,10,44441,0,61,6041,0,0,0,0,0,0,0,False,False,False
2014-03-10,0,20,6,59,61,0,10,44466,0,61,6041,0,0,0,0,0,0,0,False,False,False
2014-03-11,0,20,6,59,61,0,10,44488,0,61,6041,0,0,0,0,0,0,0,False,False,False
2014-03-12,0,20,6,59,61,0,10,44509,0,61,6041,0,0,0,0,0,0,0,False,False,False
2014-03-13,0,20,6,60,62,0,10,44533,0,62,6050,0,0,0,0,0,0,0,False,False,False
2014-03-14,0,20,6,60,62,0,10,44556,0,62,6050,0,0,0,0,0,0,0,False,False,False
2014-03-15,0,20,6,60,62,0,10,44580,0,62,6050,0,0,0,0,0,0,0,False,False,False
2014-03-16,0,20,6,60,62,0,10,44604,0,62,6050,0,0,0,0,0,0,0,False,False,False
2014-03-17,0,20,6,60,62,0,10,44628,0,62,6050,0,0,0,0,0,0,0,False,False,False
2014-03-18,0,20,6,60,62,0,10,44652,0,62,6050,0,0,0,0,0,0,0,False,False,False
2014-03-19,0,20,6,60,62,0,10,44676,0,62,6050,0,0,0,0,0,0,0,False,False,False
2014-03-20,0,20,6,60,62,0,10,44700,0,62,6050,0,0,0,0,0,0,0,False,False,False
2014-03-21,0,20,6,60,62,0,10,44724,0,62,6050,0,0,0,0,0,0,0,False,False,False
2014-03-22,0,21,6,60,62,0,10,44747,0,62,6050,0,0,0,0,0,0,0,False,False,False
2014-03-23,0,21,6,60,62,0,10,44772,0,62,6050,0,0,0,0,0,0,0,False,False,False
2014-03-24,0,20,6,60,62,0,10,44795,0,62,6050,0,0,0,0,0,0,0,False,False,False
2014-03-25,0,21,6,60,62,0,10,44819,0,62,6050,0,0,0,0,0,0,0,False,False,False
2014-03-26,0,21,6,60,62,0,10,44843,0,62,6050,0,0,0,0,0,0,0,False,False,False
2014-03-27,0,20,6,60,62,0,10,44866,0,62,6050,0,0,0,0,0,0,0,False,False,False
2014-03-28,0,20,6,60,62,0,10,44890,0,62,6050,0,0,0,0,0,0,0,False,False,False
2014-03-29,0,20,6,60,62,0,10,44913,0,62,6050,0,0,0,0,0,0,0,False,False,False
2014-03-30,0,20,6,60,62,0,10,44938,0,62,6050,0,0,0,0,0,0,0,False,False,False
2014-03-31,0,20,6,60,62,0,10,44961,0,62,6050,0,0,0,0,0,0,0,False,False,False
2014-04-01,0,20,6,60,62,0,10,44984,0,62,6050,0,0,0,0,0,0,0,False,False,False
2014-04-02,0,20,6,60,62,0,10,45008,0,62,6050,0,0,0,0,0,0,0,False,False,False
2014-04-03,0,21,6,60,62,0,10,45032,0,62,6050,0,0,0,0,0,0,0,False,False,False
2014-04-04,0,21,6,60,62,0,10,45055,0,62,6050,0,0,0,0,0,0,0,False,False,False
2014-04-05,0,21,6,60,62,0,10,45080,0,62,6050,0,0,0,0,0,0,0,False,False,False
2014-04-06,0,21,6,60,62,0,10,45103,0,62,6050,0,0,0,0,0,0,0,False,False,False
2014-04-07,0,20,6,60,62,0,10,45126,0,62,6050,0,0,0,0,0,0,0,False,False,False
2014-04-08,0,20,6,60,62,0,10,45150,0,62,6050,0,0,0,0,0,0,0,False,False,False
2014-04-09,0,21,6,60,62,0,10,45174,0,62,6050,0,0,0,0,0,0,0,False,False,False
2014-04-10,0,20,6,60,62,0,10,45197,0,62,6050,0,0,0,0,0,0,0,False,False,False
2014-04-11,0,20,6,60,62,0,10,45221,0,62,6050,0,0,0,0,0,0,0,False,False,False
2014-04-12,0,20,6,60,62,0,10,45245,0,62,6050,0,0,0,0,0,0,0,False,False,False
2014-04-13,0,20,6,60,62,0,10,45268,0,62,6050,0,0,0,0,0,0,0,False,False,False
2014-04-14,0,20,6,60,62,0,10,45292,0,62,6050,0,0,0,0,0,0,0,False,False,False
2014-04-15,0,20,6,60,62,0,10,45316,0,62,6050,0,0,0,0,0,0,0,False,False,False
2014-04-16,0,20,6,60,62,0,10,45340,0,62,6050,0,0,0,0,0,0,0,False,False,False
2014-04-17,0,20,6,60,62,0,10,45363,0,62,6050,0,0,0,0,0,0,0,False,False,False
2014-04-18,0,20,6,60,62,0,10,45387,0,62,6050,0,0,0,0,0,0,0,False,False,False
2014-04-19,0,20,6,60,62,0,10,45411,0,62,6050,0,0,0,0,0,0,0,False,False,False
2014-04-20,0,20,6,60,62,0,10,45434,0,62,6050,0,0,0,0,0,0,0,False,False,False
2014-04-21,0,20,6,60,62,0,10,45458,0,62,6050,0,0,0,0,0,0,0,False,False,False
2014-04-22,0,20,6,60,62,0,10,45482,0,62,6050,0,0,0,0,0,0,0,False,False,False
2014-04-23,0,20,6,60,62,0,10,45505,0,62,6050,0,0,0,0,0,0,0,False,False,False
2014-04-24,0,20,6,60,62,0,10,45529,0,62,6050,0,0,0,0,0,0,0,False,False,False
2014-04-25,0,20,6,60,62,0,10,45553,0,62,6050,0,0,0,0,0,0,0,False,False,False
2014-04-26,0,20,6,60,62,0,10,45577,0,62,6050,0,0,0,0,0,0,0,False,False,False
2014-04-27,0,20,6,60,62,0,10,45600,0,62,6050,0,0,0,0,0,0,0,False,False,False
2014-04-28,0,20,6,60,62,0,10,45623,0,62,6050,0,0,0,0,0,0,0,False,False,False
2014-04-29,0,20,6,60,62,0,10,45647,0,62,6050,0,0,0,0,0,0,0,False,False,False
2014-04-30,0,20,6,60,62,0,10,45671,0,62,6050,0,0,0,0,0,0,0,False,False,False
2014-05-01,0,20,6,60,62,0,10,45694,0,62,6050,0,0,0,0,0,0,0,False,False,False
2014-05-02,0,20,6,60,62,0,10,45718,0,62,6050,0,0,0,0,0,0,0,False,False,False
2014-05-03,0,20,6,60,62,0,10,45742,0,62,6050,0,0,0,0,0,0,0,False,False,False
2014-05-04,0,20,6,60,62,0,10,45766,0,62,6050,0,0,0,0,0,0,0,False,False,False
2014-05-05,0,20,6,60,62,0,10,45790,0,62,6050,0,0,0,0,0,0,0,False,False,False
2014-05-06,0,19,6,60,62,0,10,45813,0,62,6050,0,0,0,0,0,0,0,False,False,False
2014-05-07,0,20,6,60,62,0,10,45837,0,62,6050,0,0,0,0,0,0,0,False,False,False
2014-05-08,0,19,6,60,62,0,10,45861,0,62,6050,0,0,0,0,0,0,0,False,False,False
2014-05-09,0,20,6,60,62,0,10,45884,0,62,6050,0,0,0,0,0,0,0,False,False,False
2014-05-10,0,20,6,60,62,0,10,45908,0,62,6050,0,0,0,0,0,0,0,False,False,False
2014-05-11,0,20,6,60,62,0,10,45931,0,62,6050,0,0,0,0,0,0,0,False,False,False
2014-05-12,0,20,6,60,62,0,10,45955,0,62,6050,0,0,0,0,0,0,0,False,False,False
2014-05-13,0,20,6,60,62,0,10,45979,0,62,6050,0,0,0,0,0,0,0,False,False,False
2014-05-14,0,20,6,60,62,0,10,46002,0,62,6050,0,0,0,0,0,0,0,False,False,False
2014-05-15,0,20,6,60,62,0,10,46027,0,62,6050,0,0,0,0,0,0,0,False,False,False
2014-05-16,0,20,6,60,62,0,10,46050,0,62,6050,0,0,0,0,0,0,0,False,False,False
2014-05-17,0,19,6,60,62,0,10,46074,0,62,6050,0,0,0,0,0,0,0,False,False,False
2014-05-18,0,20,6,60,62,0,10,46098,0,62,6050,0,0,0,0,0,0,0,False,False,False
2014-05-19,0,19,6,60,62,0,10,46121,0,62,6050,0,0,0,0,0,0,0,False,False,False
2014-05-20,0,28,6,61,63,0,10,46140,0,63,6208,0,0,0,0,0,0,0,False,False,False
2014-05-21,0,28,6,61,63,0,10,46164,0,63,6208,0,0,0,0,0,0,0,False,False,False
2014-05-22,0,27,6,61,63,0,10,46187,0,63,6208,0,0,0,0,0,0,0,False,False,False
2014-05-23,0,27,6,61,63,0,10,46211,0,63,6208,0,0,0,0,0,0,0,False,False,False
2014-05-24,0,28,6,61,63,0,10,46235,0,63,6208,0,0,0,0,0,0,0,False,False,False
2014-05-25,0,28,6,61,63,0,10,46259,0,63,6208,0,0,0,0,0,0,0,False,False,False
2014-05-26,0,28,6,61,63,0,10,46282,0,63,6208,0,0,0,0,0,0,0,False,False,False
2014-05-27,0,27,6,61,63,0,10,46306,0,63,6208,0,0,0,0,0,0,0,False,False,False
2014-05-28,0,28,6,61,63,0,10,46330,0,63,6208,0,0,0,0,0,0,0,False,False,False
2014-05-29,0,28,6,61,63,0,10,46353,0,63,6208,0,0,0,0,0,0,0,False,False,False
2014-05-30,0,27,6,61,63,0,10,46377,0,63,6208,0,0,0,0,0,0,0,False,False,False
2014-05-31,0,29,6,61,63,0,10,46401,0,63,6208,0,0,0,0,0,0,0,False,False,False
2014-06-01,0,27,6,61,63,0,10,46424,0,63,6208,0,0,0,0,0,0,0,False,False,False
2014-06-02,0,27,6,61,63,0,10,46449,0,63,6208,0,0,0,0,0,0,0,False,False,False
2014-06-03,0,29,6,61,63,0,10,46472,0,63,6208,0,0,0,0,0,0,0,False,False,False
2014-06-04,0,29,6,61,63,0,10,46495,0,63,6208,0,0,0,0,0,0,0,False,False,False
2014-06-05,0,29,6,61,63,0,10,46519,0,63,6208,0,0,0,0,0,0,0,False,False,False
2014-06-06,0,29,6,61,63,0,10,46543,0,63,6208,0,0,0,0,0,0,0,False,False,False
2014-06-07,0,30,6,61,63,0,10,46566,0,63,6208,0,0,0,0,0,0,0,False,False,False
2014-06-08,0,29,6,61,63,0,10,46590,0,63,6208,0,0,0,0,0,0,0,False,False,False
2014-06-09,0,29,6,61,63,0,10,46614,0,63,6208,0,0,0,0,0,0,0,False,False,False
2014-06-10,0,30,6,61,63,0,10,46637,0,63,6208,0,0,0,0,0,0,0,False,False,False
2014-06-11,0,29,6,61,63,0,10,46661,0,63,6208,0,0,0,0,0,0,0,False,False,False
2014-06-12,0,29,6,61,63,0,10,46684,0,63,6208,0,0,0,0,0,0,0,False,False,False
2014-06-13,0,31,6,61,63,0,10,46708,0,63,6208,0,0,0,0,0,0,0,False,False,False
2014-06-14,0,27,6,61,63,0,10,46732,0,63,6208,0,0,0,0,0,0,0,False,False,False
2014-06-15,0,29,6,61,63,0,10,46755,0,63,6208,0,0,0,0,0,0,0,False,False,False
2014-06-16,0,28,6,61,63,0,10,46779,0,63,6208,0,0,0,0,0,0,0,False,False,False
2014-06-17,0,30,6,61,63,0,10,46803,0,63,6208,0,0,0,0,0,0,0,False,False,False
2014-06-18,0,29,6,61,63,0,10,46827,0,63,6208,0,0,0,0,0,0,0,False,False,False
2014-06-19,0,29,6,61,63,0,10,46851,0,63,6208,0,0,0,0,0,0,0,False,False,False
2014-06-20,0,27,6,61,63,0,10,46874,0,63,6208,0,0,0,0,0,0,0,False,False,False
2014-06-21,0,27,6,61,63,0,10,46898,0,63,6208,0,0,0,0,0,0,0,False,False,False
2014-06-22,0,27,6,61,63,0,10,46922,0,63,6208,0,0,0,0,0,0,0,False,False,False
2014-06-23,0,26,6,61,63,0,10,46945,0,63,6208,0,0,0,0,0,0,0,False,False,False
2014-06-24,0,30,6,61,63,0,10,46969,0,63,6208,0,0,0,0,0,0,0,False,False,False
2014-06-25,0,28,6,61,63,0,10,46992,0,63,6208,0,0,0,0,0,0,0,False,False,False
2014-06-26,0,29,6,61,63,0,10,47017,0,63,6208,0,0,0,0,0,0,0,False,False,False
2014-06-27,0,28,6,61,63,0,10,47040,0,63,6208,0,0,0,0,0,0,0,False,False,False
2014-06-28,0,29,6,61,63,0,10,47063,0,63,6208,0,0,0,0,0,0,0,False,False,False
2014-06-29,0,29,6,61,63,0,10,47088,0,63,6208,0,0,0,0,0,0,0,False,False,False
2014-06-30,0,29,6,61,63,0,10,47111,0,63,6208,0,0,0,0,0,0,0,False,False,False
2014-07-01,0,30,6,61,63,0,10,47135,0,63,6208,0,0,0,0,0,0,0,False,False,False
2014-07-02,0,27,6,61,63,0,10,47159,0,63,6208,0,0,0,0,0,0,0,False,False,False
2014-07-03,0,27,6,61,63,0,10,47182,0,63,6208,0,0,0,0,0,0,0,False,False,False
2014-07-04,0,27,6,61,63,0,10,47206,0,63,6208,0,0,0,0,0,0,0,False,False,False
2014-07-05,0,27,6,61,63,0,10,47229,0,63,6208,0,0,0,0,0,0,0,False,False,False
2014-07-06,0,27,6,61,63,0,10,47253,0,63,6208,0,0,0,0,0,0,0,False,False,False
2014-07-07,0,26,6,61,63,0,10,47277,0,63,6208,0,0,0,0,0,0,0,False,False,False
2014-07-08,0,30,6,61,63,0,10,47300,0,63,6208,0,0,0,0,0,0,0,False,False,False
2014-07-09,0,28,6,61,63,0,10,47324,0,63,6208,0,0,0,0,0,0,0,False,False,False
2014-07-10,0,27,6,61,63,0,10,47348,0,63,6208,0,0,0,0,0,0,0,False,False,False
2014-07-11,0,28,6,61,63,0,10,47371,0,63,6208,0,0,0,0,0,0,0,False,False,False
2014-07-12,0,27,6,61,63,0,10,47396,0,63,6208,0,0,0,0,0,0,0,False,False,False
2014-07-13,0,27,6,61,63,0,10,47419,0,63,6208,0,0,0,0,0,0,0,False,False,False
2014-07-14,0,27,6,61,63,0,10,47443,0,63,6208,0,0,0,0,0,0,0,False,False,False
2014-07-15,0,30,6,61,63,0,10,47467,0,63,6208,0,0,0,0,0,0,0,False,False,False
2014-07-16,0,28,6,61,63,0,10,47490,0,63,6208,0,0,0,0,0,0,0,False,False,False
2014-07-17,0,27,6,61,63,0,10,47514,0,63,6208,0,0,0,0,0,0,0,False,False,False
2014-07-18,0,27,6,61,63,0,10,47538,0,63,6208,0,0,0,0,0,0,0,False,False,False
2014-07-19,0,26,6,61,63,0,10,47561,0,63,6208,0,0,0,0,0,0,0,False,False,False
2014-07-20,0,27,6,61,63,0,10,47585,0,63,6208,0,0,0,0,0,0,0,False,False,False
2014-07-21,0,26,6,61,63,0,10,47608,0,63,6208,0,0,0,0,0,0,0,False,False,False
2014-07-22,0,34,6,61,63,0,10,47633,0,63,6208,0,0,0,0,0,0,0,False,False,False
2014-07-23,0,28,6,61,63,0,10,47656,0,63,6208,0,0,0,0,0,0,0,False,False,False
2014-07-24,0,27,6,61,63,0,10,47680,0,63,6208,0,0,0,0,0,0,0,False,False,False
2014-07-25,0,28,6,61,63,0,10,47704,0,63,6208,0,0,0,0,0,0,0,False,False,False
2014-07-26,0,28,6,61,63,0,10,47727,0,63,6208,0,0,0,0,0,0,0,False,False,False
2014-07-27,0,28,6,61,63,0,10,47751,0,63,6208,0,0,0,0,0,0,0,False,False,False
2014-07-28,0,28,6,61,63,0,10,47774,0,63,6208,0,0,0,0,0,0,0,False,False,False
2014-07-29,0,27,6,61,63,0,10,47798,0,63,6208,0,0,0,0,0,0,0,False,False,False
2014-07-30,0,28,6,61,63,0,10,47822,0,63,6208,0,0,0,0,0,0,0,False,False,False
2014-07-31,0,27,6,61,63,0,10,47845,0,63,6208,0,0,0,0,0,0,0,False,False,False
2014-08-01,0,27,6,61,63,0,10,47870,0,63,6208,0,0,0,0,0,0,0,False,False,False
2014-08-02,0,28,6,61,63,0,10,47893,0,63,6208,0,0,0,0,0,0,0,False,False,False
2014-08-03,0,28,6,61,63,0,10,47917,0,63,6208,0,0,0,0,0,0,0,False,False,False
2014-08-04,0,27,6,61,63,0,10,47940,0,63,6208,0,0,0,0,0,0,0,False,False,False
2014-08-05,0,27,6,61,63,0,10,47964,0,63,6208,0,0,0,0,0,0,0,False,False,False
2014-08-06,0,28,6,61,63,0,10,47988,0,63,6208,0,0,0,0,0,0,0,False,False,False
2014-08-07,0,27,6,61,63,0,10,48011,0,63,6208,0,0,0,0,0,0,0,False,False,False
2014-08-08,0,28,6,61,63,0,10,48035,0,63,6208,0,0,0,0,0,0,0,False,False,False
2014-08-09,0,28,6,61,63,0,10,48059,0,63,6208,0,0,0,0,0,0,0,False,False,False
2014-08-10,0,30,6,61,63,0,10,48082,0,63,6208,0,0,0,0,0,0,0,False,False,False
2014-08-11,0,30,6,61,63,0,10,48107,0,63,6208,0,0,0,0,0,0,0,False,False,False
2014-08-12,0,31,6,61,63,0,10,48130,0,63,6208,0,0,0,0,0,0,0,False,False,False
2014-08-13,0,27,6,61,63,0,10,48153,0,63,6208,0,0,0,0,0,0,0,False,False,False
2014-08-14,0,26,6,61,63,0,10,48178,0,63,6208,0,0,0,0,0,0,0,False,False,False
2014-08-15,0,26,6,61,63,0,10,48201,0,63,6208,0,0,0,0,0,0,0,False,False,False
2014-08-16,0,27,6,61,63,0,10,48224,0,63,6208,0,0,0,0,0,0,0,False,False,False
2014-08-17,0,27,6,61,63,0,10,48248,0,63,6208,0,0,0,0,0,0,0,False,False,False
2014-08-18,0,27,6,61,63,0,10,48272,0,63,6208,0,0,0,0,0,0,0,False,False,False
2014-08-19,0,27,6,61,63,0,10,48295,0,63,6208,0,0,0,0,0,0,0,False,False,False
2014-08-20,0,27,6,61,63,0,10,48319,0,63,6208,0,0,0,0,0,0,0,False,False,False
2014-08-21,0,27,6,61,63,0,10,48343,0,63,6208,0,0,0,0,0,0,0,False,False,False
2014-08-22,0,27,6,61,63,0,10,48367,0,63,6208,0,0,0,0,0,0,0,False,False,False
2014-08-23,0,27,6,61,63,0,10,48390,0,63,6208,0,0,0,0,0,0,0,False,False,False
2014-08-24,0,27,6,61,63,0,10,48414,0,63,6208,0,0,0,0,0,0,0,False,False,False
2014-08-25,0,27,6,61,63,0,10,48438,0,63,6208,0,0,0,0,0,0,0,False,False,False
2014-08-26,0,28,6,61,63,0,10,48461,0,63,6208,0,0,0,0,0,0,0,False,False,False
2014-08-27,0,27,6,61,63,0,10,48485,0,63,6208,0,0,0,0,0,0,0,False,False,False
2014-08-28,0,29,6,61,63,0,10,48509,0,63,6208,0,0,0,0,0,0,0,False,False,False
2014-08-29,0,28,6,61,63,0,10,48533,0,63,6208,0,0,0,0,0,0,0,False,False,False
2014-08-30,0,29,6,61,63,0,10,48556,0,63,6208,0,0,0,0,0,0,0,False,False,False
2014-08-31,0,29,6,61,63,0,10,48581,0,63,6208,0,0,0,0,0,0,0,False,False,False
2014-09-01,0,29,6,61,63,0,10,48604,0,63,6208,0,0,0,0,0,0,0,False,False,False
2014-09-02,0,28,6,61,63,0,10,48627,0,63,6208,0,0,0,0,0,0,0,False,False,False
2014-09-03,0,29,6,61,63,0,10,48652,0,63,6208,0,0,0,0,0,0,0,False,False,False
2014-09-04,0,29,6,61,63,0,10,48675,0,63,6208,0,0,0,0,0,0,0,False,False,False
2014-09-05,0,28,6,61,63,0,10,48698,0,63,6208,0,0,0,0,0,0,0,False,False,False
2014-09-06,0,28,6,61,63,0,10,48723,0,63,6208,0,0,0,0,0,0,0,False,False,False
2014-09-07,0,28,6,61,63,0,10,48746,0,63,6208,0,0,0,0,0,0,0,False,False,False
2014-09-08,0,29,6,61,63,0,10,48770,0,63,6208,0,0,0,0,0,0,0,False,False,False
2014-09-09,0,28,6,61,63,0,10,48793,0,63,6208,0,0,0,0,0,0,0,False,False,False
2014-09-10,0,29,6,61,63,0,10,48817,0,63,6208,0,0,0,0,0,0,0,False,False,False
2014-09-11,0,29,6,61,63,0,10,48841,0,63,6208,0,0,0,0,0,0,0,False,False,False
2014-09-12,0,29,6,61,63,0,10,48864,0,63,6208,0,0,0,0,0,0,0,False,False,False
2014-09-13,0,29,6,61,63,0,10,48888,0,63,6208,0,0,0,0,0,0,0,False,False,False
2014-09-14,0,29,6,61,63,0,10,48912,0,63,6208,0,0,0,0,0,0,0,False,False,False
2014-09-15,0,29,6,61,63,0,10,48935,0,63,6208,0,0,0,0,0,0,0,False,False,False
2014-09-16,0,33,6,61,63,0,10,48960,0,63,6208,0,0,0,0,0,0,0,False,False,False
2014-09-17,0,29,6,61,63,0,10,48983,0,63,6208,0,0,0,0,0,0,0,False,False,False
2014-09-18,0,29,6,61,63,0,10,49007,0,63,6208,0,0,0,0,0,0,0,False,False,False
2014-09-19,0,29,6,61,63,0,10,49030,0,63,6208,0,0,0,0,0,0,0,False,False,False
2014-09-20,0,30,6,61,63,0,10,49054,0,63,6208,0,0,0,0,0,0,0,False,False,False
2014-09-21,0,29,6,61,63,0,10,49078,0,63,6208,0,0,0,0,0,0,0,False,False,False
2014-09-22,0,29,6,61,63,0,10,49101,0,63,6208,0,0,0,0,0,0,0,False,False,False
2014-09-23,0,33,6,61,63,0,10,49125,0,63,6208,0,0,0,0,0,0,0,False,False,False
2014-09-24,0,28,6,61,63,0,10,49149,0,63,6208,0,0,0,0,0,0,0,False,False,False
2014-09-25,0,29,6,61,63,0,10,49172,0,63,6208,0,0,0,0,0,0,0,False,False,False
2014-09-26,0,28,6,61,63,0,10,49196,0,63,6208,0,0,0,0,0,0,0,False,False,False
2014-09-27,0,28,6,61,63,0,10,49220,0,63,6208,0,0,0,0,0,0,0,False,False,False
2014-09-28,0,28,6,61,63,0,10,49243,0,63,6208,0,0,0,0,0,0,0,False,False,False
2014-09-29,0,28,6,61,63,0,10,49267,0,63,6208,0,0,0,0,0,0,0,False,False,False
2014-09-30,0,27,6,61,63,0,10,49291,0,63,6208,0,0,0,0,0,0,0,False,False,False
2014-10-01,0,29,6,61,63,0,10,49315,0,63,6208,0,0,0,0,0,0,0,False,False,False
2014-10-02,0,27,6,61,63,0,10,49338,0,63,6208,0,0,0,0,0,0,0,False,False,False
2014-10-03,0,27,6,61,63,0,10,49362,0,63,6208,0,0,0,0,0,0,0,False,False,False
2014-10-04,0,27,6,61,63,0,10,49386,0,63,6208,0,0,0,0,0,0,0,False,False,False
2014-10-05,0,27,6,61,63,0,10,49409,0,63,6208,0,0,0,0,0,0,0,False,False,False
2014-10-06,0,27,6,61,63,0,10,49434,0,63,6208,0,0,0,0,0,0,0,False,False,False
2014-10-07,0,27,6,61,63,0,10,49457,0,63,6208,0,0,0,0,0,0,0,False,False,False
2014-10-08,0,27,6,61,63,0,10,49481,0,63,6208,0,0,0,0,0,0,0,False,False,False
2014-10-09,0,27,6,61,63,0,10,49505,0,63,6208,0,0,0,0,0,0,0,False,False,False
2014-10-10,0,27,6,61,63,0,10,49528,0,63,6208,0,0,0,0,0,0,0,False,False,False
2014-10-11,0,27,6,61,63,0,10,49552,0,63,6208,0,0,0,0,0,0,0,False,False,False
2014-10-12,0,26,6,61,63,0,10,49575,0,63,6208,0,0,0,0,0,0,0,False,False,False
2014-10-13,0,27,6,61,63,0,10,49599,0,63,6208,0,0,0,0,0,0,0,False,False,False
2014-10-14,0,27,6,61,63,0,10,49623,0,63,6208,0,0,0,0,0,0,0,False,False,False
2014-10-15,0,26,6,61,63,0,10,49646,0,63,6208,0,0,0,0,0,0,0,False,False,False
2014-10-16,0,26,6,61,63,0,10,49671,0,63,6208,0,0,0,0,0,0,0,False,False,False
2014-10-17,0,26,6,61,63,0,10,49694,0,63,6208,0,0,0,0,0,0,0,False,False,False
2014-10-18,0,26,6,61,63,0,10,49718,0,63,6208,0,0,0,0,0,0,0,False,False,False
2014-10-19,0,26,6,61,63,0,10,49742,0,63,6208,0,0,0,0,0,0,0,False,False,False
2014-10-20,0,27,6,61,63,0,10,49766,0,63,6208,0,0,0,0,0,0,0,False,False,False
2014-10-21,0,27,6,61,63,0,10,49790,0,63,6208,0,0,0,0,0,0,0,False,False,False
2014-10-22,0,26,6,61,63,0,10,49814,0,63,6208,0,0,0,0,0,0,0,False,False,False
2014-10-23,0,26,6,61,63,0,10,49838,0,63,6208,0,0,0,0,0,0,0,False,False,False
2014-10-24,0,26,6,61,63,0,10,49862,0,63,6208,0,0,0,0,0,0,0,False,False,False
2014-10-25,0,26,6,61,63,0,10,49886,0,63,6208,0,0,0,0,0,0,0,False,False,False
2014-10-26,0,26,6,61,63,0,10,49910,0,63,6208,0,0,0,0,0,0,0,False,False,False
2014-10-27,0,26,6,61,63,0,10,49933,0,63,6208,0,0,0,0,0,0,0,False,False,False
2014-10-28,0,27,6,61,63,0,10,49958,0,63,6208,0,0,0,0,0,0,0,False,False,False
2014-10-29,0,27,6,61,63,0,10,49982,0,63,6208,0,0,0,0,0,0,0,False,False,False
2014-10-30,0,27,6,61,63,0,10,50005,0,63,6208,0,0,0,0,0,0,0,False,False,False
2014-10-31,0,27,6,61,63,0,10,50030,0,63,6208,0,0,0,0,0,0,0,False,False,False
2014-11-01,0,27,6,61,63,0,10,50054,0,63,6208,0,0,0,0,0,0,0,False,False,False
2014-11-03,0,27,6,61,63,0,10,50103,0,63,6208,0,0,0,0,0,0,0,False,False,False
2014-11-04,0,27,6,61,63,0,10,50126,0,63,6208,0,0,0,0,0,0,0,False,False,False
2014-11-05,0,27,6,61,63,0,10,50150,0,63,6208,0,0,0,0,0,0,0,False,False,False
2014-11-06,0,26,6,61,63,0,10,50175,0,63,6208,0,0,0,0,0,0,0,False,False,False
2014-11-07,0,27,6,61,63,0,10,50198,0,63,6208,0,0,0,0,0,0,0,False,False,False
2014-11-08,0,27,6,61,63,0,10,50222,0,63,6208,0,0,0,0,0,0,0,False,False,False
2014-11-09,0,26,6,61,63,0,10,50247,0,63,6208,0,0,0,0,0,0,0,False,False,False
2014-11-10,0,27,6,61,63,0,10,50270,0,63,6208,0,0,0,0,0,0,0,False,False,False
2014-11-11,0,27,6,61,63,0,10,50294,0,63,6208,0,0,0,0,0,0,0,False,False,False
2014-11-12,0,27,6,61,63,0,10,50319,0,63,6208,0,0,0,0,0,0,0,False,False,False
2014-11-13,0,27,6,61,63,0,10,50342,0,63,6208,0,0,0,0,0,0,0,False,False,False
2014-11-14,0,27,6,61,63,0,10,50366,0,63,6208,0,0,0,0,0,0,0,False,False,False
2014-11-15,0,27,6,61,63,0,10,50390,0,63,6208,0,0,0,0,0,0,0,False,False,False
2014-11-16,0,27,6,61,63,0,10,50414,0,63,6208,0,0,0,0,0,0,0,False,False,False
2014-11-17,0,27,6,61,63,0,10,50438,0,63,6208,0,0,0,0,0,0,0,False,False,False
2014-11-18,0,27,6,61,63,0,10,50462,0,63,6208,0,0,0,0,0,0,0,False,False,False
2014-11-19,0,27,6,61,63,0,10,50486,0,63,6208,0,0,0,0,0,0,0,False,False,False
2014-11-20,0,27,6,62,64,0,10,50510,0,64,6200,0,0,0,0,0,0,0,False,False,False
2014-11-21,0,28,6,62,64,0,10,50533,0,64,6200,0,0,0,0,0,0,0,False,False,False
2014-11-22,0,28,6,62,64,0,10,50557,0,64,6200,0,0,0,0,0,0,0,False,False,False
2014-11-23,0,27,6,62,64,0,10,50581,0,64,6200,0,0,0,0,0,0,0,False,False,False
2014-11-24,0,27,6,62,64,0,10,50604,0,64,6200,0,0,0,0,0,0,0,False,False,False
2014-11-25,0,27,6,62,64,0,10,50628,0,64,6200,0,0,0,0,0,0,0,False,False,False
2014-11-26,0,27,6,62,64,0,10,50652,0,64,6200,0,0,0,0,0,0,0,False,False,False
2014-11-27,0,27,6,62,64,0,10,50676,0,64,6200,0,0,0,0,0,0,0,False,False,False
2014-11-28,0,27,6,62,64,0,10,50699,0,64,6200,0,0,0,0,0,0,0,False,False,False
2014-11-29,0,27,6,62,64,0,10,50723,0,64,6200,0,0,0,0,0,0,0,False,False,False
2014-11-30,0,27,6,62,64,0,10,50747,0,64,6200,0,0,0,0,0,0,0,False,False,False
2014-12-01,0,27,6,62,64,0,10,50770,0,64,6200,0,0,0,0,0,0,0,False,False,False
2014-12-02,0,28,6,62,64,0,10,50794,0,64,6200,0,0,0,0,0,0,0,False,False,False
2014-12-03,0,28,6,62,64,0,10,50818,0,64,6200,0,0,0,0,0,0,0,False,False,False
2014-12-04,0,27,6,62,64,0,10,50842,0,64,6200,0,0,0,0,0,0,0,False,False,False
2014-12-05,0,27,6,62,64,0,10,50865,0,64,6200,0,0,0,0,0,0,0,False,False,False
2014-12-06,0,28,6,62,64,0,10,50889,0,64,6200,0,0,0,0,0,0,0,False,False,False
2014-12-07,0,28,6,62,64,0,10,50913,0,64,6200,0,0,0,0,0,0,0,False,False,False
2014-12-08,0,29,6,62,64,0,10,50936,0,64,6200,0,0,0,0,0,0,0,False,False,False
2014-12-09,0,29,6,62,64,0,10,50960,0,64,6200,0,0,0,0,0,0,0,False,False,False
2014-12-10,0,28,6,62,64,0,10,50984,0,64,6200,0,0,0,0,0,0,0,False,False,False
2014-12-11,0,28,6,62,64,0,10,51008,0,64,6200,0,0,0,0,0,0,0,False,False,False
2014-12-12,0,27,6,62,64,0,10,51031,0,64,6200,0,0,0,0,0,0,0,False,False,False
2014-12-13,0,28,6,62,64,0,10,51055,0,64,6200,0,0,0,0,0,0,0,False,False,False
2014-12-14,0,28,6,62,64,0,10,51079,0,64,6200,0,0,0,0,0,0,0,False,False,False
2014-12-15,0,28,6,62,64,0,10,51102,0,64,6200,0,0,0,0,0,0,0,False,False,False
2014-12-16,0,30,6,62,64,0,10,51126,0,64,6200,0,0,0,0,0,0,0,False,False,False
2014-12-17,0,29,6,62,64,0,10,51150,0,64,6200,0,0,0,0,0,0,0,False,False,False
2014-12-18,0,28,6,62,64,0,10,51173,0,64,6200,0,0,0,0,0,0,0,False,False,False
2014-12-19,0,28,6,62,64,0,10,51197,0,64,6200,0,0,0,0,0,0,0,False,False,False
2014-12-20,0,29,6,62,64,0,10,51221,0,64,6200,0,0,0,0,0,0,0,False,False,False
2014-12-21,0,27,6,62,64,0,10,51244,0,64,6200,0,0,0,0,0,0,0,False,False,False
2014-12-22,0,29,6,62,64,0,10,51268,0,64,6200,0,0,0,0,0,0,0,False,False,False
2014-12-23,0,29,6,62,64,0,10,51292,0,64,6200,0,0,0,0,0,0,0,False,False,False
2014-12-24,0,28,6,62,64,0,10,51316,0,64,6200,0,0,0,0,0,0,0,False,False,False
2014-12-25,0,29,6,62,64,0,10,51339,0,64,6200,0,0,0,0,0,0,0,False,False,False
2014-12-26,0,29,6,62,64,0,10,51363,0,64,6200,0,0,0,0,0,0,0,False,False,False
2014-12-27,0,28,6,62,64,0,10,51387,0,64,6200,0,0,0,0,0,0,0,False,False,False
2014-12-28,0,28,6,62,64,0,10,51410,0,64,6200,0,0,0,0,0,0,0,False,False,False
2014-12-29,0,28,6,62,64,0,10,51435,0,64,6200,0,0,0,0,0,0,0,False,False,False
2014-12-30,0,30,6,62,64,0,10,51458,0,64,6200,0,0,0,0,0,0,0,False,False,False
2014-12-31,0,28,6,62,64,0,10,51481,0,64,6200,0,0,0,0,0,0,0,False,False,False
2015-01-01,0,28,6,62,64,0,10,51505,0,64,6200,0,0,0,0,0,0,0,False,False,False
2015-01-02,0,29,6,62,64,0,10,51529,0,64,6200,0,0,0,0,0,0,0,False,False,False
2015-01-03,0,29,6,62,64,0,10,51553,0,64,6200,0,0,0,0,0,0,0,False,False,False
2015-01-04,0,29,6,62,64,0,10,51576,0,64,6200,0,0,0,0,0,0,0,False,False,False
2015-01-05,0,29,6,62,64,0,10,51600,0,64,6200,0,0,0,0,0,0,0,False,False,False
2015-01-06,0,30,6,62,64,0,10,51624,0,64,6200,0,0,0,0,0,0,0,False,False,False
2015-01-07,0,29,6,62,64,0,10,51647,0,64,6200,0,0,0,0,0,0,0,False,False,False
2015-01-08,0,28,6,62,64,0,10,51671,0,64,6200,0,0,0,0,0,0,0,False,False,False
2015-01-09,0,27,6,62,64,0,10,51695,0,64,6200,0,0,0,0,0,0,0,False,False,False
2015-01-10,0,28,6,62,64,0,10,51719,0,64,6200,0,0,0,0,0,0,0,False,False,False
2015-01-11,0,29,6,62,64,0,10,51742,0,64,6200,0,0,0,0,0,0,0,False,False,False
2015-01-12,0,28,6,62,64,0,10,51766,0,64,6200,0,0,0,0,0,0,0,False,False,False
2015-01-13,0,30,6,62,64,0,10,51790,0,64,6200,0,0,0,0,0,0,0,False,False,False
2015-01-14,0,29,6,62,64,0,10,51813,0,64,6200,0,0,0,0,0,0,0,False,False,False
2015-01-15,0,29,6,62,64,0,10,51838,0,64,6200,0,0,0,0,0,0,0,False,False,False
2015-01-16,0,29,6,62,64,0,10,51861,0,64,6200,0,0,0,0,0,0,0,False,False,False
2015-01-17,0,29,6,62,64,0,10,51884,0,64,6200,0,0,0,0,0,0,0,False,False,False
2015-01-18,0,29,6,62,64,0,10,51909,0,64,6200,0,0,0,0,0,0,0,False,False,False
2015-01-19,0,29,6,62,64,0,10,51932,0,64,6200,0,0,0,0,0,0,0,False,False,False
2015-01-20,0,30,6,62,64,0,10,51956,0,64,6200,0,0,0,0,0,0,0,False,False,False
2015-01-21,0,29,6,62,64,0,10,51979,0,64,6200,0,0,0,0,0,0,0,False,False,False
2015-01-22,0,29,6,62,64,0,10,52003,0,64,6200,0,0,0,0,0,0,0,False,False,False
2015-01-23,0,29,6,62,64,0,10,52027,0,64,6200,0,0,0,0,0,0,0,False,False,False
2015-01-24,0,29,6,62,64,0,10,52050,0,64,6200,0,0,0,0,0,0,0,False,False,False
2015-01-25,0,29,6,62,64,0,10,52075,0,64,6200,0,0,0,0,0,0,0,False,False,False
2015-01-26,0,29,6,62,64,0,10,52098,0,64,6200,0,0,0,0,0,0,0,False,False,False
2015-01-27,0,31,6,62,64,0,10,52122,0,64,6200,0,0,0,0,0,0,0,False,False,False
2015-01-28,0,30,6,62,64,0,10,52146,0,64,6200,0,0,0,0,0,0,0,False,False,False
2015-01-29,0,30,6,62,64,0,10,52169,0,64,6200,0,0,0,0,0,0,0,False,False,False
2015-01-30,0,29,6,62,64,0,10,52193,0,64,6200,0,0,0,0,0,0,0,False,False,False
2015-01-31,0,29,6,62,64,0,10,52216,0,64,6200,0,0,0,0,0,0,0,False,False,False
2015-02-01,0,29,6,62,64,0,10,52240,0,64,6200,0,0,0,0,0,0,0,False,False,False
2015-02-02,0,29,6,62,64,0,10,52264,0,64,6200,0,0,0,0,0,0,0,False,False,False
2015-02-03,0,30,6,62,64,0,10,52287,0,64,6200,0,0,0,0,0,0,0,False,False,False
2015-02-04,0,29,6,62,64,0,10,52311,0,64,6200,0,0,0,0,0,0,0,False,False,False
2015-02-05,0,29,6,62,64,0,10,52335,0,64,6200,0,0,0,0,0,0,0,False,False,False
2015-02-06,0,30,6,62,64,0,10,52359,0,64,6200,0,0,0,0,0,0,0,False,False,False
2015-02-07,0,30,6,62,64,0,10,52383,0,64,6200,0,0,0,0,0,0,0,False,False,False
2015-02-08,0,30,6,62,64,0,10,52406,0,64,6200,0,0,0,0,0,0,0,False,False,False
2015-02-09,0,30,6,62,64,0,10,52430,0,64,6200,0,0,0,0,0,0,0,False,False,False
2015-02-10,0,30,6,62,64,0,10,52454,0,64,6200,0,0,0,0,0,0,0,False,False,False
2015-02-11,0,30,6,62,64,0,10,52477,0,64,6200,0,0,0,0,0,0,0,False,False,False
2015-02-12,0,30,6,62,64,0,10,52501,0,64,6200,0,0,0,0,0,0,0,False,False,False
2015-02-13,0,29,6,62,64,0,10,52524,0,64,6200,0,0,0,0,0,0,0,False,False,False
2015-02-14,0,30,6,62,64,0,10,52549,0,64,6200,0,0,0,0,0,0,0,False,False,False
2015-02-15,0,29,6,62,64,0,10,52572,0,64,6200,0,0,0,0,0,0,0,False,False,False
2015-02-16,0,30,6,62,64,0,10,52596,0,64,6200,0,0,0,0,0,0,0,False,False,False
2015-02-17,0,30,6,62,64,0,10,52620,0,64,6200,0,0,0,0,0,0,0,False,False,False
2015-02-18,0,29,6,62,64,0,10,52643,0,64,6200,0,0,0,0,0,0,0,False,False,False
2015-02-19,0,29,6,62,64,0,10,52667,0,64,6200,0,0,0,0,0,0,0,False,False,False
2015-02-20,0,29,6,62,64,0,10,52691,0,64,6200,0,0,0,0,0,0,0,False,False,False
2015-02-21,0,29,6,62,64,0,10,52715,0,64,6200,0,0,0,0,0,0,0,False,False,False
2015-02-22,0,29,6,62,64,0,10,52738,0,64,6200,0,0,0,0,0,0,0,False,False,False
2015-02-23,0,29,6,62,64,0,10,52762,0,64,6200,0,0,0,0,0,0,0,False,False,False
2015-02-24,0,30,6,62,64,0,10,52786,0,64,6200,0,0,0,0,0,0,0,False,False,False
2015-02-25,0,29,6,62,64,0,10,52809,0,64,6200,0,0,0,0,0,0,0,False,False,False
2015-02-26,0,29,6,62,64,0,10,52833,0,64,6200,0,0,0,0,0,0,0,False,False,False
2015-02-27,0,30,6,62,64,0,10,52857,0,64,6200,0,0,0,0,0,0,0,False,False,False
2015-02-28,0,29,6,62,64,0,10,52880,0,64,6200,0,0,0,0,0,0,0,False,False,False
2015-03-01,0,29,6,62,64,0,10,52904,0,64,6200,0,0,0,0,0,0,0,False,False,False
2015-03-02,0,29,6,62,64,0,10,52928,0,64,6200,0,0,0,0,0,0,0,False,False,False
2015-03-03,0,30,6,62,64,0,10,52951,0,64,6200,0,0,0,0,0,0,0,False,False,False
2015-03-04,0,29,6,62,64,0,10,52975,0,64,6200,0,0,0,0,0,0,0,False,False,False
2015-03-05,0,29,6,62,64,0,10,52999,0,64,6200,0,0,0,0,0,0,0,False,False,False
2015-03-06,0,29,6,62,64,0,10,53022,0,64,6200,0,0,0,0,0,0,0,False,False,False
2015-03-07,0,29,6,62,64,0,10,53046,0,64,6200,0,0,0,0,0,0,0,False,False,False
2015-03-08,0,30,6,62,64,0,10,53070,0,64,6200,0,0,0,0,0,0,0,False,False,False
2015-03-09,0,30,6,62,64,0,10,53094,0,64,6200,0,0,0,0,0,0,0,False,False,False
2015-03-10,0,30,6,62,64,0,10,53116,0,64,6200,0,0,0,0,0,0,0,False,False,False
2015-03-11,0,29,6,62,64,0,10,53140,0,64,6200,0,0,0,0,0,0,0,False,False,False
2015-03-12,0,29,6,62,64,0,10,53163,0,64,6200,0,0,0,0,0,0,0,False,False,False
2015-03-13,0,30,6,62,64,0,10,53187,0,64,6200,0,0,0,0,0,0,0,False,False,False
2015-03-14,0,30,6,62,64,0,10,53211,0,64,6200,0,0,0,0,0,0,0,False,False,False
2015-03-15,0,30,6,62,64,0,10,53234,0,64,6200,0,0,0,0,0,0,0,False,False,False
2015-03-16,0,30,6,62,64,0,10,53259,0,64,6200,0,0,0,0,0,0,0,False,False,False
2015-03-17,0,30,6,62,64,0,10,53282,0,64,6200,0,0,0,0,0,0,0,False,False,False
2015-03-18,0,30,6,62,64,0,10,53305,0,64,6200,0,0,0,0,0,0,0,False,False,False
2015-03-19,0,30,6,62,64,0,10,53330,0,64,6200,0,0,0,0,0,0,0,False,False,False
2015-03-20,0,29,6,62,64,0,10,53353,0,64,6200,0,0,0,0,0,0,0,False,False,False
2015-03-21,0,29,6,62,64,0,10,53377,0,64,6200,0,0,0,0,0,0,0,False,False,False
2015-03-22,0,29,6,62,64,0,10,53400,0,64,6200,0,0,0,0,0,0,0,False,False,False
2015-03-23,0,29,6,62,64,0,10,53424,0,64,6200,0,0,0,0,0,0,0,False,False,False
2015-03-24,0,29,6,62,64,0,10,53448,0,64,6200,0,0,0,0,0,0,0,False,False,False
2015-03-25,0,29,6,62,64,0,10,53471,0,64,6200,0,0,0,0,0,0,0,False,False,False
2015-03-26,0,29,6,62,64,0,10,53495,0,64,6200,0,0,0,0,0,0,0,False,False,False
2015-03-27,0,29,6,62,64,0,10,53519,0,64,6200,0,0,0,0,0,0,0,False,False,False
2015-03-28,0,29,6,62,64,0,10,53542,0,64,6200,0,0,0,0,0,0,0,False,False,False
2015-03-29,0,28,6,62,64,0,10,53567,0,64,6200,0,0,0,0,0,0,0,False,False,False
2015-03-30,0,28,6,62,64,0,10,53591,0,64,6200,0,0,0,0,0,0,0,False,False,False
2015-04-02,0,29,6,63,65,0,10,53661,0,65,6200,0,0,0,0,0,0,0,False,False,False
2015-04-03,0,29,6,63,65,0,10,53685,0,65,6200,0,0,0,0,0,0,0,False,False,False
2015-04-04,0,29,6,63,65,0,10,53709,0,65,6200,0,0,0,0,0,0,0,False,False,False
2015-04-05,0,29,6,63,65,0,10,53733,0,65,6200,0,0,0,0,0,0,0,False,False,False
2015-04-06,0,29,6,63,65,0,10,53757,0,65,6200,0,0,0,0,0,0,0,False,False,False
2015-04-07,0,29,6,63,65,0,10,53780,0,65,6200,0,0,0,0,0,0,0,False,False,False
2015-04-10,0,29,6,63,65,0,10,53852,0,65,6200,0,0,0,0,0,0,0,False,False,False
2015-04-11,0,28,6,63,65,0,10,53875,0,65,6200,0,0,0,0,0,0,0,False,False,False
2015-04-12,0,28,6,63,65,0,10,53900,0,65,6200,0,0,0,0,0,0,0,False,False,False
2015-04-13,0,27,6,63,65,0,10,53924,0,65,6200,0,0,0,0,0,0,0,False,False,False
2015-04-14,0,29,6,63,65,0,10,53947,0,65,6200,0,0,0,0,0,0,0,False,False,False
2015-04-15,0,28,6,63,65,0,10,53971,0,65,6200,0,0,0,0,0,0,0,False,False,False
2015-04-16,0,29,6,63,65,0,10,53995,0,65,6200,0,0,0,0,0,0,0,False,False,False
2015-04-17,0,29,6,63,65,0,10,54019,0,65,6200,0,0,0,0,0,0,0,False,False,False
2015-04-18,0,28,6,63,65,0,10,54043,0,65,6200,0,0,0,0,0,0,0,False,False,False
2015-04-19,0,30,6,63,65,0,10,54066,0,65,6200,0,0,0,0,0,0,0,False,False,False
2015-04-20,0,30,6,63,65,0,10,54089,0,65,6200,0,0,0,0,0,0,0,False,False,False
2015-04-21,0,30,6,63,65,0,10,54112,0,65,6200,0,0,0,0,0,0,0,False,False,False
2015-04-22,0,30,6,63,65,0,10,54136,0,65,6200,0,0,0,0,0,0,0,False,False,False
2015-04-23,0,29,6,63,65,0,10,54160,0,65,6200,0,0,0,0,0,0,0,False,False,False
2015-04-24,0,30,6,63,65,0,10,54183,0,65,6200,0,0,0,0,0,0,0,False,False,False
2015-04-25,0,30,6,63,65,0,10,54207,0,65,6200,0,0,0,0,0,0,0,False,False,False
2015-04-26,0,30,6,63,65,0,10,54230,0,65,6200,0,0,0,0,0,0,0,False,False,False
2015-04-27,0,30,6,63,65,0,10,54254,0,65,6200,0,0,0,0,0,0,0,False,False,False
2015-04-28,0,30,6,63,65,0,10,54278,0,65,6200,0,0,0,0,0,0,0,False,False,False
2015-04-29,0,30,6,63,65,0,10,54301,0,65,6200,0,0,0,0,0,0,0,False,False,False
2015-04-30,0,30,6,63,65,0,10,54324,0,65,6200,0,0,0,0,0,0,0,False,False,False
2015-05-01,0,32,6,63,65,0,10,54348,0,65,6200,0,0,0,0,0,0,0,False,False,False
2015-05-02,0,31,6,63,65,0,10,54372,0,65,6200,0,0,0,0,0,0,0,False,False,False
2015-05-03,0,31,6,63,65,0,10,54395,0,65,6200,0,0,0,0,0,0,0,False,False,False
2015-05-04,0,31,6,63,65,0,10,54419,0,65,6200,0,0,0,0,0,0,0,False,False,False
2015-05-05,0,32,6,63,65,0,10,54443,0,65,6200,0,0,0,0,0,0,0,False,False,False
2015-05-06,0,30,6,63,65,0,10,54466,0,65,6200,0,0,0,0,0,0,0,False,False,False
2015-05-07,0,30,6,63,65,0,10,54489,0,65,6200,0,0,0,0,0,0,0,False,False,False
2015-05-08,0,31,6,63,65,0,10,54513,0,65,6200,0,0,0,0,0,0,0,False,False,False
2015-05-09,0,32,6,63,65,0,10,54537,0,65,6200,0,0,0,0,0,0,0,False,False,False
2015-05-10,0,31,6,63,65,0,10,54560,0,65,6200,0,0,0,0,0,0,0,False,False,False
2015-05-11,0,31,6,63,65,0,10,54584,0,65,6200,0,0,0,0,0,0,0,False,False,False
2015-05-12,0,33,6,63,65,0,10,54608,0,65,6200,0,0,0,0,0,0,0,False,False,False
2015-05-13,0,32,6,63,65,0,10,54631,0,65,6200,0,0,0,0,0,0,0,False,False,False
2015-05-14,0,31,6,63,65,0,10,54654,0,65,6200,0,0,0,0,0,0,0,False,False,False
2015-05-15,0,32,6,63,65,0,10,54678,0,65,6200,0,0,0,0,0,0,0,False,False,False
2015-05-16,0,31,6,63,65,0,10,54701,0,65,6200,0,0,0,0,0,0,0,False,False,False
2015-05-17,0,31,6,63,65,0,10,54725,0,65,6200,0,0,0,0,0,0,0,False,False,False
2015-05-18,0,31,6,63,65,0,10,54748,0,65,6200,0,0,0,0,0,0,0,False,False,False
2015-05-19,0,33,6,63,65,0,10,54772,0,65,6200,0,0,0,0,0,0,0,False,False,False
2015-05-20,0,31,6,63,65,0,10,54795,0,65,6200,0,0,0,0,0,0,0,False,False,False
2015-05-21,0,32,6,63,65,0,10,54818,0,65,6200,0,0,0,0,0,0,0,False,False,False
2015-05-22,0,32,6,63,65,0,10,54842,0,65,6200,0,0,0,0,0,0,0,False,False,False
2015-05-23,0,32,6,63,65,0,10,54865,0,65,6200,0,0,0,0,0,0,0,False,False,False
2015-05-24,0,32,6,63,65,0,10,54888,0,65,6200,0,0,0,0,0,0,0,False,False,False
2015-05-25,0,30,6,63,65,0,10,54912,0,65,6200,0,0,0,0,0,0,0,False,False,False
2015-05-26,0,32,6,63,65,0,10,54935,0,65,6200,0,0,0,0,0,0,0,False,False,False
2015-05-27,0,30,6,63,65,0,10,54958,0,65,6200,0,0,0,0,0,0,0,False,False,False
2015-05-28,0,31,6,63,65,0,10,54981,0,65,6200,0,0,0,0,0,0,0,False,False,False
2015-05-29,0,30,6,63,65,0,10,55005,0,65,6200,0,0,0,0,0,0,0,False,False,False
2015-05-30,0,30,6,63,65,0,10,55028,0,65,6200,0,0,0,0,0,0,0,False,False,False
2015-05-31,0,30,6,63,65,0,10,55051,0,65,6200,0,0,0,0,0,0,0,False,False,False
2015-06-01,0,30,6,63,65,0,10,55075,0,65,6200,0,0,0,0,0,0,0,False,False,False
2015-06-02,0,31,6,63,65,0,10,55098,0,65,6200,0,0,0,0,0,0,0,False,False,False
2015-06-03,0,30,6,63,65,0,10,55121,0,65,6200,0,0,0,0,0,0,0,False,False,False
2015-06-04,0,30,6,63,65,0,10,55144,0,65,6200,0,0,0,0,0,0,0,False,False,False
2015-06-05,0,31,6,63,65,0,10,55168,0,65,6200,0,0,0,0,0,0,0,False,False,False
2015-06-06,0,30,6,63,65,0,10,55192,0,65,6200,0,0,0,0,0,0,0,False,False,False
2015-06-07,0,31,6,63,65,0,10,55215,0,65,6200,0,0,0,0,0,0,0,False,False,False
2015-06-08,0,30,6,63,65,0,10,55239,0,65,6200,0,0,0,0,0,0,0,False,False,False
2015-06-09,0,31,6,63,65,0,10,55262,0,65,6200,0,0,0,0,0,0,0,False,False,False
2015-06-10,0,30,6,63,65,0,10,55285,0,65,6200,0,0,0,0,0,0,0,False,False,False
2015-06-11,0,31,6,63,65,0,10,55310,0,65,6200,0,0,0,0,0,0,0,False,False,False
2015-06-12,0,31,6,63,65,0,10,55333,0,65,6200,0,0,0,0,0,0,0,False,False,False
2015-06-13,0,30,6,63,65,0,10,55356,0,65,6200,0,0,0,0,0,0,0,False,False,False
2015-06-14,0,30,6,64,66,0,10,55380,0,66,6141,0,0,0,0,0,0,0,False,False,False
2015-06-15,0,30,6,64,66,0,10,55403,0,66,6141,0,0,0,0,0,0,0,False,False,False
2015-06-16,0,31,6,64,66,0,10,55427,0,66,6141,0,0,0,0,0,0,0,False,False,False
2015-06-17,0,30,6,64,66,0,10,55450,0,66,6141,0,0,0,0,0,0,0,False,False,False
2015-06-18,0,30,6,64,66,0,10,55474,0,66,6141,0,0,0,0,0,0,0,False,False,False
2015-06-19,0,31,6,64,66,0,10,55497,0,66,6141,0,0,0,0,0,0,0,False,False,False
2015-06-20,0,30,6,64,66,0,10,55520,0,66,6141,0,0,0,0,0,0,0,False,False,False
2015-06-21,0,31,6,64,66,0,10,55544,0,66,6141,0,0,0,0,0,0,0,False,False,False
2015-06-22,0,32,6,64,66,0,10,55567,0,66,6141,0,0,0,0,0,0,0,False,False,False
2015-06-23,0,31,6,64,66,0,10,55591,0,66,6141,0,0,0,0,0,0,0,False,False,False
2015-06-24,0,31,6,64,66,0,10,55615,0,66,6141,0,0,0,0,0,0,0,False,False,False
2015-06-25,0,31,6,64,66,0,10,55638,0,66,6141,0,0,0,0,0,0,0,False,False,False
2015-06-26,0,30,6,64,66,0,10,55662,0,66,6141,0,0,0,0,0,0,0,False,False,False
2015-06-27,0,31,6,64,66,0,10,55685,0,66,6141,0,0,0,0,0,0,0,False,False,False
2015-06-28,0,30,6,64,66,0,10,55710,0,66,6141,0,0,0,0,0,0,0,False,False,False
2015-06-29,0,30,6,64,66,0,10,55733,0,66,6141,0,0,0,0,0,0,0,False,False,False
2015-06-30,0,31,6,64,66,0,10,55757,0,66,6141,0,0,0,0,0,0,0,False,False,False
2015-07-01,0,30,6,64,66,0,10,55781,0,66,6141,0,0,0,0,0,0,0,False,False,False
2015-07-02,0,30,6,64,66,0,10,55805,0,66,6141,0,0,0,0,0,0,0,False,False,False
2015-07-03,0,30,6,64,66,0,10,55829,0,66,6141,0,0,0,0,0,0,0,False,False,False
2015-07-04,0,30,6,64,66,0,10,55853,0,66,6141,0,0,0,0,0,0,0,False,False,False
2015-07-05,0,30,6,64,66,0,10,55877,0,66,6141,0,0,0,0,0,0,0,False,False,False
2015-07-06,0,30,6,64,66,0,10,55900,0,66,6141,0,0,0,0,0,0,0,False,False,False
2015-07-07,0,30,6,64,66,0,10,55925,0,66,6141,0,0,0,0,0,0,0,False,False,False
2015-07-08,0,29,6,64,66,0,10,55948,0,66,6141,0,0,0,0,0,0,0,False,False,False
2015-07-09,0,30,6,64,66,0,10,55972,0,66,6141,0,0,0,0,0,0,0,False,False,False
2015-07-10,0,30,6,64,66,0,10,55996,0,66,6141,0,0,0,0,0,0,0,False,False,False
2015-07-11,0,30,6,64,66,0,10,56020,0,66,6141,0,0,0,0,0,0,0,False,False,False
2015-07-12,0,30,6,64,66,0,10,56044,0,66,6141,0,0,0,0,0,0,0,False,False,False
2015-07-13,0,31,6,64,66,0,10,56068,0,66,6141,0,0,0,0,0,0,0,False,False,False
2015-07-14,0,31,6,64,66,0,10,56092,0,66,6141,0,0,0,0,0,0,0,False,False,False
2015-07-15,0,30,6,64,66,0,10,56116,0,66,6141,0,0,0,0,0,0,0,False,False,False
2015-07-16,0,30,6,64,66,0,10,56139,0,66,6141,0,0,0,0,0,0,0,False,False,False
2015-07-17,0,30,6,64,66,0,10,56164,0,66,6141,0,0,0,0,0,0,0,False,False,False
2015-07-18,0,28,6,64,66,0,10,56188,0,66,6141,0,0,0,0,0,0,0,False,False,False
2015-07-19,0,30,6,64,66,0,10,56211,0,66,6141,0,0,0,0,0,0,0,False,False,False
2015-07-20,0,29,6,64,66,0,10,56235,0,66,6141,0,0,0,0,0,0,0,False,False,False
2015-07-21,0,31,6,64,66,0,10,56260,0,66,6141,0,0,0,0,0,0,0,False,False,False
2015-12-16,0,32,6,65,68,0,10,56332,0,68,6133,0,0,0,0,0,0,0,False,False,False
2015-12-17,0,31,6,65,68,0,10,56356,0,68,6133,0,0,0,0,0,0,0,False,False,False
2015-12-18,0,31,6,65,68,0,10,56379,0,68,6133,0,0,0,0,0,0,0,False,False,False
2015-12-19,0,31,6,65,68,0,10,56403,0,68,6133,0,0,0,0,0,0,0,False,False,False
2015-12-20,0,31,6,65,68,0,10,56428,0,68,6133,0,0,0,0,0,0,0,False,False,False
2015-12-21,0,31,6,65,68,0,10,56451,0,68,6133,0,0,0,0,0,0,0,False,False,False
2016-02-24,0,33,6,67,70,0,10,56546,0,70,6125,0,0,0,0,0,0,0,False,False,False
2016-02-26,0,31,6,68,71,0,10,56590,0,71,6125,0,0,0,0,0,0,0,False,False,False
2016-03-02,0,31,6,69,72,0,10,56709,0,72,7125,0,0,0,0,0,0,0,False,False,False
2016-03-03,0,32,6,70,73,0,10,56732,0,73,7125,0,0,0,0,0,0,0,False,False,False
2016-03-04,0,31,6,70,73,0,10,56756,0,73,7125,0,0,0,0,0,0,0,False,False,False
2016-03-26,0,31,6,71,74,0,10,56825,0,74,7133,0,0,0,0,0,0,0,False,False,False
2016-03-27,0,30,6,71,74,0,10,56850,0,74,7133,0,0,0,0,0,0,0,False,False,False
2016-03-30,0,30,6,73,76,0,10,56921,0,76,7141,0,0,0,0,0,0,0,False,False,False
2016-04-07,0,30,6,75,78,0,10,56949,0,78,7125,0,0,0,0,0,0,0,False,False,False
2016-04-08,0,31,6,77,80,0,10,56973,0,80,7108,0,0,0,0,0,0,0,False,False,False
2016-04-09,0,33,6,77,80,0,10,56998,0,80,7108,0,0,0,0,0,0,0,False,False,False
2016-04-10,0,32,6,77,80,0,10,57021,0,80,7108,0,0,0,0,0,0,0,False,False,False
2016-04-11,0,30,6,77,80,0,10,57045,0,80,7108,0,0,0,0,0,0,0,False,False,False
