date,failure,Smart 194: Temperature_Celsius (Raw Value),Smart 8: Seek_Time_Performance (Raw Value),Smart 1: Raw_Read_Error_Rate (Raw Value),Smart 12: Power_Cycle_Count (Raw Value),Smart 4: Start_Stop_Count (Raw Value),Smart 10: Spin_Retry_Count (Raw Value),Smart 192: Power-Off_Retract_Count (Raw Value),Smart 9: Power_On_Hours (Raw Value),Smart 2: Throughput_Performance (Raw Value),Smart 7: Seek_Error_Rate (Raw Value),Smart 193: Load_Cycle_Count (Raw Value),Smart 3: Spin_Up_Time (Raw Value),Smart 5: Reallocated_Sector_Ct (Raw Value),Smart 197: Current_Pending_Sector (Raw Value),Smart 198: Offline_Uncorrectable (Raw Value),Smart 199: UDMA_CRC_Error_Count (Raw Value),Smart 196: Reallocated_Event_Count (Raw Value),op_fail_30,op_fail_15,op_fail_1
2013-04-10,0,25,,0,,,,,2741,,,,,0,0,,,,False,False,False
2013-04-11,0,26,,0,,,,,2765,,,,,0,0,,,,False,False,False
2013-04-12,0,28,,0,,,,,2784,,,,,0,0,,,,False,False,False
2013-04-13,0,27,,0,,,,,2808,,,,,0,0,,,,False,False,False
2013-04-14,0,27,,0,,,,,2832,,,,,0,0,,,,False,False,False
2013-04-15,0,27,,0,,,,,2856,,,,,0,0,,,,False,False,False
2013-04-16,0,28,,0,,,,,2880,,,,,0,0,,,,False,False,False
2013-04-17,0,28,,0,,,,,2904,,,,,0,0,,,,False,False,False
2013-04-18,0,28,,0,,,,,2928,,,,,0,0,,,,False,False,False
2013-04-19,0,28,,0,,,,,2952,,,,,0,0,,,,False,False,False
2013-04-20,0,27,,0,,,,,2976,,,,,0,0,,,,False,False,False
2013-04-21,0,28,,0,,,,,3000,,,,,0,0,,,,False,False,False
2013-04-22,0,28,,0,,,,,3024,,,,,0,0,,,,False,False,False
2013-04-23,0,24,,0,,,,,3048,,,,,0,0,,,,False,False,False
2013-04-24,0,25,,0,,,,,3072,,,,,0,0,,,,False,False,False
2013-04-25,0,23,,0,,,,,3096,,,,,0,0,,,,False,False,False
2013-04-26,0,25,,0,,,,,3120,,,,,0,0,,,,False,False,False
2013-04-27,0,24,,0,,,,,3144,,,,,0,0,,,,False,False,False
2013-04-28,0,26,,0,,,,,3168,,,,,0,0,,,,False,False,False
2013-04-29,0,24,,0,,,,,3192,,,,,0,0,,,,False,False,False
2013-04-30,0,30,,0,,,,,3216,,,,,0,0,,,,False,False,False
2013-05-01,0,30,,0,,,,,3240,,,,,0,0,,,,False,False,False
2013-05-02,0,26,,0,,,,,3264,,,,,0,0,,,,False,False,False
2013-05-03,0,26,,0,,,,,3288,,,,,0,0,,,,False,False,False
2013-05-04,0,24,,0,,,,,3312,,,,,0,0,,,,False,False,False
2013-05-05,0,22,,0,,,,,3336,,,,,0,0,,,,False,False,False
2013-05-06,0,23,,0,,,,,3360,,,,,0,0,,,,False,False,False
2013-05-07,0,22,,0,,,,,3384,,,,,0,0,,,,False,False,False
2013-05-08,0,30,,0,,,,,3408,,,,,0,0,,,,False,False,False
2013-05-09,0,30,,0,,,,,3432,,,,,0,0,,,,False,False,False
2013-05-10,0,31,,1,,,,,3456,,,,,0,0,,,,False,False,False
2013-05-11,0,31,,0,,,,,3480,,,,,0,0,,,,False,False,False
2013-05-12,0,31,,0,,,,,3504,,,,,0,0,,,,False,False,False
2013-05-13,0,31,,0,,,,,3528,,,,,0,0,,,,False,False,False
2013-05-14,0,30,,0,,,,,3552,,,,,0,0,,,,False,False,False
2013-05-15,0,29,,0,,,,,3576,,,,,0,0,,,,False,False,False
2013-05-16,0,29,,0,,,,,3600,,,,,0,0,,,,False,False,False
2013-05-17,0,27,,0,,,,,3624,,,,,0,0,,,,False,False,False
2013-05-18,0,30,,0,,,,,3648,,,,,0,0,,,,False,False,False
2013-05-19,0,30,,0,,,,,3672,,,,,0,0,,,,False,False,False
2013-05-20,0,30,,0,,,,,3696,,,,,0,0,,,,False,False,False
2013-05-21,0,31,,0,,,,,3720,,,,,0,0,,,,False,False,False
2013-05-22,0,30,,0,,,,,3744,,,,,0,0,,,,False,False,False
2013-05-23,0,31,,0,,,,,3768,,,,,0,0,,,,False,False,False
2013-05-24,0,29,,0,,,,,3792,,,,,0,0,,,,False,False,False
2013-05-25,0,26,,0,,,,,3816,,,,,0,0,,,,False,False,False
2013-05-26,0,28,,0,,,,,3840,,,,,0,0,,,,False,False,False
2013-05-27,0,28,,0,,,,,3864,,,,,0,0,,,,False,False,False
2013-05-28,0,28,,0,,,,,3888,,,,,0,0,,,,False,False,False
2013-05-29,0,28,,0,,,,,3912,,,,,0,0,,,,False,False,False
2013-05-30,0,28,,0,,,,,3936,,,,,0,0,,,,False,False,False
2013-05-31,0,28,,0,,,,,3960,,,,,0,0,,,,False,False,False
2013-06-01,0,28,,0,,,,,3984,,,,,0,0,,,,False,False,False
2013-06-02,0,29,,0,,,,,4008,,,,,0,0,,,,False,False,False
2013-06-03,0,31,,0,,,,,4032,,,,,0,0,,,,False,False,False
2013-06-04,0,31,,0,,,,,4056,,,,,0,0,,,,False,False,False
2013-06-05,0,27,,0,,,,,4080,,,,,0,0,,,,False,False,False
2013-06-06,0,23,,0,,,,,4104,,,,,0,0,,,,False,False,False
2013-06-07,0,26,,0,,,,,4128,,,,,0,0,,,,False,False,False
2013-06-08,0,23,,0,,,,,4152,,,,,0,0,,,,False,False,False
2013-06-09,0,24,,0,,,,,4176,,,,,0,0,,,,False,False,False
2013-06-10,0,23,,0,,,,,4200,,,,,0,0,,,,False,False,False
2013-06-11,0,22,,0,,,,,4224,,,,,0,0,,,,False,False,False
2013-06-12,0,25,,0,,,,,4248,,,,,0,0,,,,False,False,False
2013-06-13,0,31,,0,,,,,4272,,,,,0,0,,,,False,False,False
2013-06-14,0,30,,0,,,,,4296,,,,,0,0,,,,False,False,False
2013-06-15,0,30,,0,,,,,4320,,,,,0,0,,,,False,False,False
2013-06-16,0,31,,0,,,,,4344,,,,,0,0,,,,False,False,False
2013-06-17,0,23,,0,,,,,4368,,,,,0,0,,,,False,False,False
2013-06-18,0,23,,0,,,,,4392,,,,,0,0,,,,False,False,False
2013-06-19,0,27,,0,,,,,4416,,,,,0,0,,,,False,False,False
2013-06-20,0,22,,0,,,,,4440,,,,,0,0,,,,False,False,False
2013-06-21,0,23,,0,,,,,4464,,,,,0,0,,,,False,False,False
2013-06-22,0,23,,0,,,,,4488,,,,,0,0,,,,False,False,False
2013-06-23,0,30,,0,,,,,4512,,,,,0,0,,,,False,False,False
2013-06-24,0,30,,0,,,,,4536,,,,,0,0,,,,False,False,False
2013-06-25,0,31,,0,,,,,4560,,,,,0,0,,,,False,False,False
2013-06-26,0,31,,0,,,,,4584,,,,,0,0,,,,False,False,False
2013-06-27,0,29,,0,,,,,4608,,,,,0,0,,,,False,False,False
2013-06-28,0,29,,0,,,,,4632,,,,,0,0,,,,False,False,False
2013-06-29,0,30,,0,,,,,4656,,,,,0,0,,,,False,False,False
2013-06-30,0,30,,0,,,,,4680,,,,,0,0,,,,False,False,False
2013-07-01,0,29,,0,,,,,4704,,,,,0,0,,,,False,False,False
2013-07-02,0,30,,0,,,,,4728,,,,,0,0,,,,False,False,False
2013-07-03,0,30,,0,,,,,4752,,,,,0,0,,,,False,False,False
2013-07-04,0,30,,0,,,,,4776,,,,,0,0,,,,False,False,False
2013-07-05,0,29,,0,,,,,4800,,,,,0,0,,,,False,False,False
2013-07-06,0,30,,0,,,,,4824,,,,,0,0,,,,False,False,False
2013-07-07,0,30,,0,,,,,4848,,,,,0,0,,,,False,False,False
2013-07-08,0,29,,0,,,,,4872,,,,,0,0,,,,False,False,False
2013-07-09,0,30,,0,,,,,4896,,,,,0,0,,,,False,False,False
2013-07-10,0,29,,0,,,,,4920,,,,,0,0,,,,False,False,False
2013-07-11,0,29,,0,,,,,4944,,,,,0,0,,,,False,False,False
2013-07-12,0,30,,0,,,,,4968,,,,,0,0,,,,False,False,False
2013-07-13,0,30,,0,,,,,4992,,,,,0,0,,,,False,False,False
2013-07-14,0,30,,0,,,,,5016,,,,,0,0,,,,False,False,False
2013-07-15,0,29,,0,,,,,5040,,,,,0,0,,,,False,False,False
2013-07-16,0,29,,0,,,,,5064,,,,,0,0,,,,False,False,False
2013-07-17,0,29,,0,,,,,5088,,,,,0,0,,,,False,False,False
2013-07-18,0,27,,0,,,,,5112,,,,,0,0,,,,False,False,False
2013-07-19,0,27,,0,,,,,5136,,,,,0,0,,,,False,False,False
2013-07-20,0,27,,0,,,,,5160,,,,,0,0,,,,False,False,False
2013-07-21,0,28,,0,,,,,5184,,,,,0,0,,,,False,False,False
2013-07-22,0,27,,0,,,,,5208,,,,,0,0,,,,False,False,False
2013-07-23,0,28,,0,,,,,5232,,,,,0,0,,,,False,False,False
2013-07-24,0,26,,0,,,,,5256,,,,,0,0,,,,False,False,False
2013-07-25,0,26,,0,,,,,5280,,,,,0,0,,,,False,False,False
2013-07-26,0,26,,0,,,,,5304,,,,,0,0,,,,False,False,False
2013-07-27,0,25,,0,,,,,5328,,,,,0,0,,,,False,False,False
2013-07-28,0,26,,0,,,,,5352,,,,,0,0,,,,False,False,False
2013-07-29,0,26,,0,,,,,5376,,,,,0,0,,,,False,False,False
2013-07-30,0,28,,0,,,,,5400,,,,,0,0,,,,False,False,False
2013-07-31,0,28,,0,,,,,5424,,,,,0,0,,,,False,False,False
2013-08-01,0,30,,0,,,,,5448,,,,,0,0,,,,False,False,False
2013-08-02,0,30,,0,,,,,5472,,,,,0,0,,,,False,False,False
2013-08-03,0,29,,0,,,,,5496,,,,,0,0,,,,False,False,False
2013-08-04,0,27,,0,,,,,5520,,,,,0,0,,,,False,False,False
2013-08-05,0,28,,0,,,,,5544,,,,,0,0,,,,False,False,False
2013-08-06,0,30,,0,,,,,5568,,,,,0,0,,,,False,False,False
2013-08-07,0,29,,0,,,,,5592,,,,,0,0,,,,False,False,False
2013-08-08,0,28,,0,,,,,5616,,,,,0,0,,,,False,False,False
2013-08-09,0,28,,0,,,,,5640,,,,,0,0,,,,False,False,False
2013-08-10,0,28,,0,,,,,5664,,,,,0,0,,,,False,False,False
2013-08-11,0,29,,0,,,,,5688,,,,,0,0,,,,False,False,False
2013-08-12,0,27,,0,,,,,5712,,,,,0,0,,,,False,False,False
2013-08-13,0,25,,0,,,,,5736,,,,,0,0,,,,False,False,False
2013-08-14,0,29,,0,,,,,5760,,,,,0,0,,,,False,False,False
2013-08-15,0,28,,0,,,,,5784,,,,,0,0,,,,False,False,False
2013-08-16,0,28,,0,,,,,5808,,,,,0,0,,,,False,False,False
2013-08-17,0,29,,0,,,,,5832,,,,,0,0,,,,False,False,False
2013-08-18,0,29,,0,,,,,5856,,,,,0,0,,,,False,False,False
2013-08-19,0,28,,0,,,,,5880,,,,,0,0,,,,False,False,False
2013-10-15,0,31,,0,,,,,7248,,,,,0,0,,,,False,False,False
2013-10-16,0,30,,0,,,,,7272,,,,,0,0,,,,False,False,False
2013-10-17,0,29,,0,,,,,7296,,,,,0,0,,,,False,False,False
2013-10-18,0,29,,0,,,,,7320,,,,,0,0,,,,False,False,False
2013-10-19,0,29,,0,,,,,7344,,,,,0,0,,,,False,False,False
2013-10-20,0,29,,0,,,,,7368,,,,,0,0,,,,False,False,False
2013-10-21,0,30,,0,,,,,7392,,,,,0,0,,,,False,False,False
2013-10-22,0,30,,0,,,,,7416,,,,,0,0,,,,False,False,False
2013-10-23,0,29,,0,,,,,7440,,,,,0,0,,,,False,False,False
2013-10-24,0,30,,0,,,,,7464,,,,,0,0,,,,False,False,False
2013-10-25,0,30,,0,,,,,7488,,,,,0,0,,,,False,False,False
2013-10-26,0,29,,0,,,,,7512,,,,,0,0,,,,False,False,False
2013-10-27,0,28,,0,,,,,7536,,,,,0,0,,,,False,False,False
2013-10-28,0,28,,0,,,,,7560,,,,,0,0,,,,False,False,False
2013-10-29,0,29,,0,,,,,7584,,,,,0,0,,,,False,False,False
2013-10-30,0,28,,0,,,,,7608,,,,,0,0,,,,False,False,False
2013-10-31,0,30,,0,,,,,7632,,,,,0,0,,,,False,False,False
2013-11-01,0,29,,0,,,,,7656,,,,,0,0,,,,False,False,False
2013-11-02,0,30,,0,,,,,7680,,,,,0,0,,,,False,False,False
2013-11-03,0,29,,0,,,,,7704,,,,,0,0,,,,False,False,False
2013-11-04,0,31,,0,,,,,7729,,,,,0,0,,,,False,False,False
2013-11-05,0,29,,0,,,,,7753,,,,,0,0,,,,False,False,False
2013-11-06,0,29,,0,,,,,7777,,,,,0,0,,,,False,False,False
2013-11-07,0,28,,0,,,,,7802,,,,,0,0,,,,False,False,False
2013-11-08,0,27,,0,,,,,7825,,,,,0,0,,,,False,False,False
2013-11-09,0,31,,0,,,,,7849,,,,,0,0,,,,False,False,False
2013-11-10,0,30,,0,,,,,7873,,,,,0,0,,,,False,False,False
2013-11-11,0,28,,0,,,,,7897,,,,,0,0,,,,False,False,False
2013-11-12,0,30,,0,,,,,7921,,,,,0,0,,,,False,False,False
2013-11-13,0,27,,0,,,,,7945,,,,,0,0,,,,False,False,False
2013-11-14,0,29,,0,,,,,7969,,,,,0,0,,,,False,False,False
2013-11-15,0,31,,0,,,,,7993,,,,,0,0,,,,False,False,False
2013-11-16,0,31,,0,,,,,8017,,,,,0,0,,,,False,False,False
2013-11-17,0,31,,0,,,,,8041,,,,,0,0,,,,False,False,False
2013-11-18,0,28,,0,,,,,8065,,,,,0,0,,,,False,False,False
2013-11-19,0,29,,0,,,,,8089,,,,,0,0,,,,False,False,False
2013-11-20,0,29,,0,,,,,8113,,,,,0,0,,,,False,False,False
2013-11-21,0,31,,0,,,,,8138,,,,,0,0,,,,False,False,False
2013-11-22,0,30,,0,,,,,8161,,,,,0,0,,,,False,False,False
2013-11-23,0,31,,0,,,,,8186,,,,,0,0,,,,False,False,False
2013-11-24,0,31,,0,,,,,8209,,,,,0,0,,,,False,False,False
2013-11-25,0,31,,0,,,,,8233,,,,,0,0,,,,False,False,False
2013-11-26,0,30,,0,,,,,8257,,,,,0,0,,,,False,False,False
2013-11-27,0,31,,0,,,,,8282,,,,,0,0,,,,False,False,False
2013-11-28,0,30,,0,,,,,8305,,,,,0,0,,,,False,False,False
2013-11-29,0,29,,0,,,,,8329,,,,,0,0,,,,False,False,False
2013-11-30,0,31,,0,,,,,8353,,,,,0,0,,,,False,False,False
2013-12-01,0,32,,0,,,,,8377,,,,,0,0,,,,False,False,False
2013-12-02,0,32,,0,,,,,8401,,,,,0,0,,,,False,False,False
2013-12-03,0,30,,0,,,,,8426,,,,,0,0,,,,False,False,False
2013-12-04,0,31,,0,,,,,8450,,,,,0,0,,,,False,False,False
2013-12-05,0,32,,0,,,,,8473,,,,,0,0,,,,False,False,False
2013-12-06,0,30,,0,,,,,8497,,,,,0,0,,,,False,False,False
2013-12-07,0,31,,0,,,,,8522,,,,,0,0,,,,False,False,False
2013-12-08,0,31,,0,,,,,8545,,,,,0,0,,,,False,False,False
2013-12-09,0,31,,0,,,,,8570,,,,,0,0,,,,False,False,False
2013-12-10,0,32,,0,,,,,8593,,,,,0,0,,,,False,False,False
2013-12-11,0,31,,0,,,,,8618,,,,,0,0,,,,False,False,False
2013-12-12,0,31,,0,,,,,8641,,,,,0,0,,,,False,False,False
2013-12-13,0,31,,0,,,,,8665,,,,,0,0,,,,False,False,False
2013-12-14,0,32,,0,,,,,8690,,,,,0,0,,,,False,False,False
2013-12-15,0,31,,0,,,,,8713,,,,,0,0,,,,False,False,False
2013-12-16,0,30,,0,,,,,8737,,,,,0,0,,,,False,False,False
2013-12-17,0,31,,0,,,,,8761,,,,,0,0,,,,False,False,False
2013-12-18,0,31,,0,,,,,8785,,,,,0,0,,,,False,False,False
2013-12-19,0,32,,0,,,,,8810,,,,,0,0,,,,False,False,False
2013-12-20,0,31,,0,,,,,8834,,,,,0,0,,,,False,False,False
2013-12-21,0,30,,0,,,,,8857,,,,,0,0,,,,False,False,False
2013-12-22,0,31,,0,,,,,8881,,,,,0,0,,,,False,False,False
2013-12-23,0,30,,0,,,,,8905,,,,,0,0,,,,False,False,False
2013-12-24,0,31,,0,,,,,8929,,,,,0,0,,,,False,False,False
2013-12-25,0,31,,0,,,,,8953,,,,,0,0,,,,False,False,False
2013-12-26,0,31,,0,,,,,8977,,,,,0,0,,,,False,False,False
2013-12-27,0,32,,0,,,,,9001,,,,,0,0,,,,False,False,False
2013-12-28,0,30,,0,,,,,9025,,,,,0,0,,,,False,False,False
2013-12-29,0,31,,0,,,,,9049,,,,,0,0,,,,False,False,False
2013-12-30,0,31,,0,,,,,9073,,,,,0,0,,,,False,False,False
2013-12-31,0,31,,0,,,,,9098,,,,,0,0,,,,False,False,False
2014-01-01,0,29,,0,,,,,9122,,,,,0,0,,,,False,False,False
2014-01-02,0,31,,0,,,,,9146,,,,,0,0,,,,False,False,False
2014-01-03,0,31,,0,,,,,9169,,,,,0,0,,,,False,False,False
2014-01-04,0,31,,0,,,,,9193,,,,,0,0,,,,False,False,False
2014-01-05,0,31,,0,,,,,9218,,,,,0,0,,,,False,False,False
2014-01-06,0,30,,0,,,,,9241,,,,,0,0,,,,False,False,False
2014-01-07,0,31,,0,,,,,9265,,,,,0,0,,,,False,False,False
2014-01-08,0,31,,0,,,,,9289,,,,,0,0,,,,False,False,False
2014-01-09,0,31,,0,,,,,9313,,,,,0,0,,,,False,False,False
2014-01-10,0,31,,0,,,,,9337,,,,,0,0,,,,False,False,False
2014-01-11,0,30,,0,,,,,9362,,,,,0,0,,,,False,False,False
2014-01-12,0,31,,0,,,,,9386,,,,,0,0,,,,False,False,False
2014-01-13,0,31,,0,,,,,9410,,,,,0,0,,,,False,False,False
2014-01-14,0,31,,0,,,,,9434,,,,,0,0,,,,False,False,False
2014-01-15,0,30,,0,,,,,9457,,,,,0,0,,,,False,False,False
2014-01-16,0,30,,0,,,,,9481,,,,,0,0,,,,False,False,False
2014-01-17,0,31,,0,,,,,9505,,,,,0,0,,,,False,False,False
2014-01-18,0,31,,0,,,,,9530,,,,,0,0,,,,False,False,False
2014-01-19,0,31,,0,,,,,9554,,,,,0,0,,,,False,False,False
2014-01-20,0,31,,0,,,,,9577,,,,,0,0,,,,False,False,False
2014-01-21,0,31,,0,,,,,9602,,,,,0,0,,,,False,False,False
2014-01-22,0,31,,0,,,,,9625,,,,,0,0,,,,False,False,False
2014-01-23,0,31,,0,,,,,9650,,,,,0,0,,,,False,False,False
2014-01-24,0,31,,0,,,,,9673,,,,,0,0,,,,False,False,False
2014-01-25,0,30,,0,,,,,9697,,,,,0,0,,,,False,False,False
2014-01-26,0,31,,0,,,,,9722,,,,,0,0,,,,False,False,False
2014-01-27,0,31,,0,,,,,9745,,,,,0,0,,,,False,False,False
2014-01-28,0,30,,0,,,,,9770,,,,,0,0,,,,False,False,False
2014-01-29,0,31,,0,,,,,9793,,,,,0,0,,,,False,False,False
2014-01-30,0,31,,0,,,,,9817,,,,,0,0,,,,False,False,False
2014-01-31,0,31,,0,,,,,9841,,,,,0,0,,,,False,False,False
2014-02-01,0,31,,0,,,,,9865,,,,,0,0,,,,False,False,False
2014-02-02,0,31,,0,,,,,9889,,,,,0,0,,,,False,False,False
2014-02-03,0,32,,0,,,,,9913,,,,,0,0,,,,False,False,False
2014-02-04,0,31,,0,,,,,9937,,,,,0,0,,,,False,False,False
2014-02-05,0,32,,0,,,,,9961,,,,,0,0,,,,False,False,False
2014-02-06,0,31,,0,,,,,9984,,,,,0,0,,,,False,False,False
2014-02-07,0,32,,0,,,,,10008,,,,,0,0,,,,False,False,False
2014-02-08,0,32,,0,,,,,10032,,,,,0,0,,,,False,False,False
2014-02-09,0,31,,0,,,,,10056,,,,,0,0,,,,False,False,False
2014-02-10,0,33,,0,,,,,10080,,,,,0,0,,,,False,False,False
2014-02-11,0,32,,0,,,,,10104,,,,,0,0,,,,False,False,False
2014-02-12,0,32,,0,,,,,10128,,,,,0,0,,,,False,False,False
2014-02-13,0,32,,0,,,,,10152,,,,,0,0,,,,False,False,False
2014-02-14,0,32,36,0,20,20,0,95,10176,108,0,95,561,0,0,0,0,0,False,False,False
2014-02-15,0,32,36,0,20,20,0,95,10200,108,0,95,561,0,0,0,0,0,False,False,False
2014-02-16,0,33,36,0,20,20,0,95,10223,108,0,95,561,0,0,0,0,0,False,False,False
2014-02-17,0,32,36,0,20,20,0,95,10248,108,0,95,561,0,0,0,0,0,False,False,False
2014-02-18,0,32,36,0,20,20,0,95,10272,108,0,95,561,0,0,0,0,0,False,False,False
2014-02-19,0,32,36,0,20,20,0,95,10295,108,0,95,561,0,0,0,0,0,False,False,False
2014-02-20,0,31,36,0,20,20,0,95,10320,108,0,95,561,0,0,0,0,0,False,False,False
2014-02-21,0,31,36,0,20,20,0,95,10344,108,0,95,561,0,0,0,0,0,False,False,False
2014-02-22,0,32,36,0,20,20,0,95,10368,108,0,95,561,0,0,0,0,0,False,False,False
2014-02-23,0,31,36,0,20,20,0,95,10391,108,0,95,561,0,0,0,0,0,False,False,False
2014-02-24,0,31,36,0,20,20,0,95,10416,108,0,95,561,0,0,0,0,0,False,False,False
2014-02-25,0,31,36,0,20,20,0,95,10440,108,0,95,561,0,0,0,0,0,False,False,False
2014-02-26,0,32,36,0,20,20,0,95,10464,108,0,95,561,0,0,0,0,0,False,False,False
2014-02-27,0,31,36,0,20,20,0,95,10488,108,0,95,561,0,0,0,0,0,False,False,False
2014-02-28,0,31,36,0,21,21,0,96,10512,108,0,96,561,0,0,0,0,0,False,False,False
2014-03-01,0,31,36,0,21,21,0,96,10536,108,0,96,561,0,0,0,0,0,False,False,False
2014-03-02,0,31,36,0,21,21,0,96,10559,108,0,96,561,0,0,0,0,0,False,False,False
2014-03-03,0,32,36,0,21,21,0,96,10584,108,0,96,561,0,0,0,0,0,False,False,False
2014-03-04,0,32,36,0,21,21,0,96,10608,108,0,96,561,0,0,0,0,0,False,False,False
2014-03-05,0,32,36,0,21,21,0,96,10631,108,0,96,561,0,0,0,0,0,False,False,False
2014-03-06,0,32,36,0,21,21,0,96,10656,108,0,96,561,0,0,0,0,0,False,False,False
2014-03-07,0,31,36,0,21,21,0,96,10680,108,0,96,561,0,0,0,0,0,False,False,False
2014-03-08,0,31,36,0,21,21,0,96,10703,108,0,96,561,0,0,0,0,0,False,False,False
2014-03-09,0,31,36,0,21,21,0,96,10728,108,0,96,561,0,0,0,0,0,False,False,False
2014-03-10,0,32,36,0,21,21,0,96,10752,108,0,96,561,0,0,0,0,0,False,False,False
2014-03-11,0,31,36,0,21,21,0,96,10775,108,0,96,561,0,0,0,0,0,False,False,False
2014-03-12,0,31,36,0,21,21,0,96,10798,108,0,96,561,0,0,0,0,0,False,False,False
2014-03-13,0,31,36,0,21,21,0,96,10823,108,0,96,561,0,0,0,0,0,False,False,False
2014-03-14,0,31,36,0,21,21,0,96,10847,108,0,96,561,0,0,0,0,0,False,False,False
2014-03-15,0,31,36,0,21,21,0,96,10871,108,0,96,561,0,0,0,0,0,False,False,False
2014-03-16,0,31,36,0,21,21,0,96,10895,108,0,96,561,0,0,0,0,0,False,False,False
2014-03-17,0,32,36,0,21,21,0,96,10919,108,0,96,561,0,0,0,0,0,False,False,False
2014-03-18,0,31,36,0,21,21,0,96,10943,108,0,96,561,0,0,0,0,0,False,False,False
2014-03-19,0,31,36,0,21,21,0,96,10966,108,0,96,561,0,0,0,0,0,False,False,False
2014-03-20,0,31,36,0,21,21,0,96,10991,108,0,96,561,0,0,0,0,0,False,False,False
2014-03-21,0,31,36,0,21,21,0,96,11015,108,0,96,561,0,0,0,0,0,False,False,False
2014-03-22,0,32,36,0,21,21,0,96,11038,108,0,96,561,0,0,0,0,0,False,False,False
2014-03-23,0,32,36,0,21,21,0,96,11063,108,0,96,561,0,0,0,0,0,False,False,False
2014-03-24,0,31,36,0,21,21,0,96,11087,108,0,96,561,0,0,0,0,0,False,False,False
2014-03-25,0,32,36,0,21,21,0,96,11111,108,0,96,561,0,0,0,0,0,False,False,False
2014-03-26,0,31,36,0,21,21,0,96,11135,108,0,96,561,0,0,0,0,0,False,False,False
2014-03-27,0,31,36,0,21,21,0,96,11159,108,0,96,561,0,0,0,0,0,False,False,False
2014-03-28,0,31,36,0,21,21,0,96,11183,108,0,96,561,0,0,0,0,0,False,False,False
2014-03-29,0,31,36,0,21,21,0,96,11206,108,0,96,561,0,0,0,0,0,False,False,False
2014-03-30,0,32,36,0,21,21,0,96,11231,108,0,96,561,0,0,0,0,0,False,False,False
2014-03-31,0,32,36,0,21,21,0,96,11255,108,0,96,561,0,0,0,0,0,False,False,False
2014-04-01,0,31,36,0,21,21,0,96,11278,108,0,96,561,0,0,0,0,0,False,False,False
2014-04-02,0,31,36,0,21,21,0,96,11303,108,0,96,561,0,0,0,0,0,False,False,False
2014-04-03,0,32,36,0,21,21,0,96,11327,108,0,96,561,0,0,0,0,0,False,False,False
2014-04-04,0,31,36,0,21,21,0,96,11351,108,0,96,561,0,0,0,0,0,False,False,False
2014-04-05,0,31,36,0,21,21,0,96,11375,108,0,96,561,0,0,0,0,0,False,False,False
2014-04-06,0,32,36,0,21,21,0,96,11399,108,0,96,561,0,0,0,0,0,False,False,False
2014-04-07,0,31,36,0,21,21,0,96,11423,108,0,96,561,0,0,0,0,0,False,False,False
2014-04-08,0,30,36,0,21,21,0,96,11446,108,0,96,561,0,0,0,0,0,False,False,False
2014-04-09,0,30,36,0,21,21,0,96,11471,108,0,96,561,0,0,0,0,0,False,False,False
2014-04-10,0,31,36,0,21,21,0,96,11495,108,0,96,561,0,0,0,0,0,False,False,False
2014-04-11,0,31,36,0,21,21,0,96,11518,108,0,96,561,0,0,0,0,0,False,False,False
2014-04-12,0,32,36,0,21,21,0,96,11543,108,0,96,561,0,0,0,0,0,False,False,False
2014-04-13,0,32,36,0,21,21,0,96,11567,108,0,96,561,0,0,0,0,0,False,False,False
2014-04-14,0,31,36,0,21,21,0,96,11591,108,0,96,561,0,0,0,0,0,False,False,False
2014-04-15,0,32,36,0,21,21,0,96,11615,108,0,96,561,0,0,0,0,0,False,False,False
2014-04-16,0,32,36,0,21,21,0,96,11639,108,0,96,561,0,0,0,0,0,False,False,False
2014-04-17,0,32,36,0,21,21,0,96,11663,108,0,96,561,0,0,0,0,0,False,False,False
2014-04-18,0,32,36,0,21,21,0,96,11686,108,0,96,561,0,0,0,0,0,False,False,False
2014-04-19,0,32,36,0,21,21,0,96,11711,108,0,96,561,0,0,0,0,0,False,False,False
2014-04-20,0,31,36,0,21,21,0,96,11735,108,0,96,561,0,0,0,0,0,False,False,False
2014-04-21,0,32,36,0,21,21,0,96,11758,108,0,96,561,0,0,0,0,0,False,False,False
2014-04-22,0,32,36,0,21,21,0,96,11783,108,0,96,561,0,0,0,0,0,False,False,False
2014-04-23,0,32,36,0,21,21,0,96,11807,108,0,96,561,0,0,0,0,0,False,False,False
2014-04-24,0,32,36,0,21,21,0,96,11830,108,0,96,561,0,0,0,0,0,False,False,False
2014-04-25,0,32,36,0,21,21,0,96,11855,108,0,96,561,0,0,0,0,0,False,False,False
2014-04-26,0,32,36,0,21,21,0,96,11879,108,0,96,561,0,0,0,0,0,False,False,False
2014-04-27,0,32,36,0,21,21,0,96,11903,108,0,96,561,0,0,0,0,0,False,False,False
2014-04-28,0,32,36,0,21,21,0,96,11926,108,0,96,561,0,0,0,0,0,False,False,False
2014-04-29,0,32,36,0,21,21,0,96,11951,108,0,96,561,0,0,0,0,0,False,False,False
2014-04-30,0,31,36,0,21,21,0,96,11975,108,0,96,561,0,0,0,0,0,False,False,False
2014-05-01,0,32,36,0,21,21,0,96,11998,108,0,96,561,0,0,0,0,0,False,False,False
2014-05-02,0,31,36,0,21,21,0,96,12023,108,0,96,561,0,0,0,0,0,False,False,False
2014-05-03,0,31,36,0,21,21,0,96,12047,108,0,96,561,0,0,0,0,0,False,False,False
2014-05-04,0,31,36,0,21,21,0,96,12070,108,0,96,561,0,0,0,0,0,False,False,False
2014-05-05,0,31,36,0,21,21,0,96,12095,108,0,96,561,0,0,0,0,0,False,False,False
2014-05-06,0,31,36,0,21,21,0,96,12119,108,0,96,561,0,0,0,0,0,False,False,False
2014-05-07,0,32,36,0,21,21,0,96,12143,108,0,96,561,0,0,0,0,0,False,False,False
2014-05-08,0,31,36,0,21,21,0,96,12167,108,0,96,561,0,0,0,0,0,False,False,False
2014-05-09,0,30,36,0,21,21,0,96,12191,108,0,96,561,0,0,0,0,0,False,False,False
2014-05-10,0,32,36,0,21,21,0,96,12215,108,0,96,561,0,0,0,0,0,False,False,False
2014-05-11,0,32,36,0,21,21,0,96,12238,108,0,96,561,0,0,0,0,0,False,False,False
2014-05-12,0,31,36,0,21,21,0,96,12263,108,0,96,561,0,0,0,0,0,False,False,False
2014-05-13,0,31,36,0,21,21,0,96,12287,108,0,96,561,0,0,0,0,0,False,False,False
2014-05-14,0,30,36,0,21,21,0,96,12310,108,0,96,561,0,0,0,0,0,False,False,False
2014-05-15,0,30,36,0,21,21,0,96,12335,108,0,96,561,0,0,0,0,0,False,False,False
2014-05-16,0,30,36,0,21,21,0,96,12359,108,0,96,561,0,0,0,0,0,False,False,False
2014-05-17,0,31,36,0,21,21,0,96,12382,108,0,96,561,0,0,0,0,0,False,False,False
2014-05-18,0,31,36,0,21,21,0,96,12407,108,0,96,561,0,0,0,0,0,False,False,False
2014-05-19,0,31,36,0,21,21,0,96,12431,108,0,96,561,0,0,0,0,0,False,False,False
2014-05-20,0,31,36,0,21,21,0,96,12455,108,0,96,561,0,0,0,0,0,False,False,False
2014-05-21,0,31,36,0,21,21,0,96,12478,108,0,96,561,0,0,0,0,0,False,False,False
2014-05-22,0,31,37,0,21,21,0,96,12503,108,0,96,561,0,0,0,0,0,False,False,False
2014-05-23,0,31,37,0,21,21,0,97,12527,108,0,97,561,0,0,0,0,0,False,False,False
2014-05-24,0,31,37,0,21,21,0,98,12550,108,0,98,561,0,0,0,0,0,False,False,False
2014-05-25,0,31,37,0,21,21,0,99,12575,108,0,99,561,0,0,0,0,0,False,False,False
2014-05-26,0,29,37,0,21,21,0,100,12599,108,0,100,561,0,0,0,0,0,False,False,False
2014-05-27,0,30,37,0,21,21,0,100,12622,108,0,100,561,0,0,0,0,0,False,False,False
2014-05-28,0,31,37,0,21,21,0,101,12647,108,0,101,561,0,0,0,0,0,False,False,False
2014-05-29,0,31,37,0,21,21,0,102,12671,108,0,102,561,0,0,0,0,0,False,False,False
2014-05-30,0,31,37,0,21,21,0,102,12695,108,0,102,561,0,0,0,0,0,False,False,False
2014-05-31,0,31,37,0,21,21,0,102,12719,108,0,102,561,0,0,0,0,0,False,False,False
2014-06-01,0,31,37,0,21,21,0,102,12743,108,0,102,561,0,0,0,0,0,False,False,False
2014-06-02,0,31,37,0,21,21,0,102,12767,108,0,102,561,0,0,0,0,0,False,False,False
2014-06-03,0,31,37,0,21,21,0,102,12790,108,0,102,561,0,0,0,0,0,False,False,False
2014-06-04,0,31,37,0,21,21,0,102,12815,108,0,102,561,0,0,0,0,0,False,False,False
2014-06-05,0,31,37,0,21,21,0,102,12839,108,0,102,561,0,0,0,0,0,False,False,False
2014-06-06,0,31,37,0,21,21,0,102,12863,108,0,102,561,0,0,0,0,0,False,False,False
2014-06-07,0,31,37,0,21,21,0,102,12887,108,0,102,561,0,0,0,0,0,False,False,False
2014-06-08,0,32,37,0,21,21,0,102,12911,108,0,102,561,0,0,0,0,0,False,False,False
2014-06-09,0,32,37,0,21,21,0,102,12935,108,0,102,561,0,0,0,0,0,False,False,False
2014-06-10,0,32,37,0,21,21,0,102,12959,108,0,102,561,0,0,0,0,0,False,False,False
2014-06-11,0,31,37,0,21,21,0,102,12983,108,0,102,561,0,0,0,0,0,False,False,False
2014-06-12,0,32,37,0,21,21,0,102,13007,108,0,102,561,0,0,0,0,0,False,False,False
2014-06-13,0,31,37,0,21,21,0,102,13031,108,0,102,561,0,0,0,0,0,False,False,False
2014-06-14,0,31,37,0,21,21,0,102,13055,108,0,102,561,0,0,0,0,0,False,False,False
2014-06-15,0,31,37,0,21,21,0,102,13079,108,0,102,561,0,0,0,0,0,False,False,False
2014-06-16,0,31,37,0,21,21,0,102,13102,108,0,102,561,0,0,0,0,0,False,False,False
2014-06-17,0,31,37,0,21,21,0,102,13127,108,0,102,561,0,0,0,0,0,False,False,False
2014-06-18,0,32,37,0,21,21,0,102,13151,108,0,102,561,0,0,0,0,0,False,False,False
2014-06-19,0,32,37,0,21,21,0,102,13174,108,0,102,561,0,0,0,0,0,False,False,False
2014-06-20,0,32,37,0,21,21,0,102,13199,108,0,102,561,0,0,0,0,0,False,False,False
2014-06-21,0,31,37,0,21,21,0,102,13223,108,0,102,561,0,0,0,0,0,False,False,False
2014-06-22,0,31,37,0,21,21,0,102,13247,108,0,102,561,0,0,0,0,0,False,False,False
2014-06-23,0,32,37,0,21,21,0,102,13271,108,0,102,561,0,0,0,0,0,False,False,False
2014-06-24,0,32,37,0,21,21,0,102,13295,108,0,102,561,0,0,0,0,0,False,False,False
2014-06-25,0,31,37,0,21,21,0,102,13319,108,0,102,561,0,0,0,0,0,False,False,False
2014-06-26,0,32,37,0,21,21,0,102,13342,108,0,102,561,0,0,0,0,0,False,False,False
2014-06-27,0,31,37,0,21,21,0,102,13367,108,0,102,561,0,0,0,0,0,False,False,False
2014-06-28,0,31,37,0,21,21,0,102,13391,108,0,102,561,0,0,0,0,0,False,False,False
2014-06-29,0,31,37,0,21,21,0,102,13415,108,0,102,561,0,0,0,0,0,False,False,False
2014-06-30,0,31,37,0,21,21,0,102,13439,108,0,102,561,0,0,0,0,0,False,False,False
2014-07-01,0,32,37,0,21,21,0,102,13463,108,0,102,561,0,0,0,0,0,False,False,False
2014-07-02,0,32,37,0,21,21,0,102,13487,108,0,102,561,0,0,0,0,0,False,False,False
2014-07-03,0,31,37,0,21,21,0,102,13511,108,0,102,561,0,0,0,0,0,False,False,False
2014-07-04,0,31,37,0,21,21,0,102,13535,108,0,102,561,0,0,0,0,0,False,False,False
2014-07-05,0,31,37,0,21,21,0,102,13559,108,0,102,561,0,0,0,0,0,False,False,False
2014-07-06,0,31,37,0,21,21,0,102,13583,108,0,102,561,0,0,0,0,0,False,False,False
2014-07-07,0,32,37,0,21,21,0,102,13607,108,0,102,561,0,0,0,0,0,False,False,False
2014-07-08,0,32,37,0,21,21,0,102,13631,108,0,102,561,0,0,0,0,0,False,False,False
2014-07-09,0,31,37,0,21,21,0,102,13654,108,0,102,561,0,0,0,0,0,False,False,False
2014-07-10,0,31,37,0,21,21,0,102,13679,108,0,102,561,0,0,0,0,0,False,False,False
2014-07-11,0,24,37,0,21,21,0,102,13703,108,0,102,561,0,0,0,0,0,False,False,False
2014-07-12,0,24,37,0,21,21,0,102,13727,108,0,102,561,0,0,0,0,0,False,False,False
2014-07-13,0,24,37,0,21,21,0,102,13751,108,0,102,561,0,0,0,0,0,False,False,False
2014-07-14,0,25,37,0,21,21,0,102,13775,108,0,102,561,0,0,0,0,0,False,False,False
2014-07-15,0,24,37,0,21,21,0,102,13799,108,0,102,561,0,0,0,0,0,False,False,False
2014-07-16,0,25,37,0,21,21,0,102,13823,108,0,102,561,0,0,0,0,0,False,False,False
2014-07-17,0,24,37,0,21,21,0,102,13847,108,0,102,561,0,0,0,0,0,False,False,False
2014-07-18,0,24,37,0,21,21,0,102,13871,108,0,102,561,0,0,0,0,0,False,False,False
2014-07-19,0,24,37,0,21,21,0,102,13894,108,0,102,561,0,0,0,0,0,False,False,False
2014-07-20,0,24,37,0,21,21,0,102,13919,108,0,102,561,0,0,0,0,0,False,False,False
2014-07-21,0,24,37,0,21,21,0,102,13943,108,0,102,561,0,0,0,0,0,False,False,False
2014-07-22,0,24,37,0,21,21,0,102,13967,108,0,102,561,0,0,0,0,0,False,False,False
2014-07-23,0,24,37,0,21,21,0,103,13991,108,0,103,561,0,0,0,0,0,False,False,False
2014-07-24,0,24,37,0,21,21,0,104,14015,108,0,104,561,0,0,0,0,0,False,False,False
2014-07-25,0,25,37,0,21,21,0,104,14039,108,0,104,561,0,0,0,0,0,False,False,False
2014-07-26,0,24,37,0,21,21,0,104,14063,108,0,104,561,0,0,0,0,0,False,False,False
2014-07-27,0,24,37,0,21,21,0,104,14087,108,0,104,561,0,0,0,0,0,False,False,False
2014-07-28,0,24,37,0,21,21,0,104,14111,108,0,104,561,0,0,0,0,0,False,False,False
2014-07-29,0,25,37,0,21,21,0,104,14135,108,0,104,561,0,0,0,0,0,False,False,False
2014-07-30,0,24,37,0,21,21,0,104,14159,108,0,104,561,0,0,0,0,0,False,False,False
2014-07-31,0,24,37,0,21,21,0,104,14183,108,0,104,561,0,0,0,0,0,False,False,False
2014-08-01,0,24,37,0,21,21,0,104,14206,108,0,104,561,0,0,0,0,0,False,False,False
2014-08-02,0,24,37,0,21,21,0,104,14231,108,0,104,561,0,0,0,0,0,False,False,False
2014-08-03,0,24,37,0,21,21,0,104,14255,108,0,104,561,0,0,0,0,0,False,False,False
2014-08-04,0,24,37,0,21,21,0,104,14279,108,0,104,561,0,0,0,0,0,False,False,False
2014-08-05,0,24,37,0,21,21,0,104,14303,108,0,104,561,0,0,0,0,0,False,False,False
2014-08-06,0,24,37,0,21,21,0,104,14327,108,0,104,561,0,0,0,0,0,False,False,False
2014-08-07,0,24,37,0,21,21,0,104,14351,108,0,104,561,0,0,0,0,0,False,False,False
2014-08-08,0,24,37,0,21,21,0,104,14375,108,0,104,561,0,0,0,0,0,False,False,False
2014-08-09,0,23,37,0,21,21,0,104,14399,108,0,104,561,0,0,0,0,0,False,False,False
2014-08-10,0,24,37,0,21,21,0,104,14423,108,0,104,561,0,0,0,0,0,False,False,False
2014-08-11,0,24,37,0,21,21,0,104,14446,108,0,104,561,0,0,0,0,0,False,False,False
2014-08-12,0,23,37,0,21,21,0,104,14471,108,0,104,561,0,0,0,0,0,False,False,False
2014-08-13,0,23,37,0,21,21,0,104,14495,108,0,104,561,0,0,0,0,0,False,False,False
2014-08-14,0,24,37,0,21,21,0,104,14519,108,0,104,561,0,0,0,0,0,False,False,False
2014-08-15,0,24,37,0,21,21,0,104,14543,108,0,104,561,0,0,0,0,0,False,False,False
2014-08-16,0,24,37,0,21,21,0,104,14567,108,0,104,561,0,0,0,0,0,False,False,False
2014-08-17,0,24,37,0,21,21,0,104,14591,108,0,104,561,0,0,0,0,0,False,False,False
2014-08-18,0,24,37,0,21,21,0,104,14615,108,0,104,561,0,0,0,0,0,False,False,False
2014-08-19,0,24,37,0,21,21,0,104,14639,108,0,104,561,0,0,0,0,0,False,False,False
2014-08-20,0,24,37,0,21,21,0,104,14663,108,0,104,561,0,0,0,0,0,False,False,False
2014-08-21,0,23,37,0,21,21,0,104,14687,108,0,104,561,0,0,0,0,0,False,False,False
2014-08-22,0,24,37,0,21,21,0,104,14711,108,0,104,561,0,0,0,0,0,False,False,False
2014-08-23,0,25,36,0,21,21,0,105,14735,108,0,105,561,0,0,0,0,0,False,False,False
2014-08-24,0,25,36,0,21,21,0,106,14759,108,0,106,561,0,0,0,0,0,False,False,False
2014-08-25,0,24,36,0,21,21,0,106,14783,108,0,106,561,0,0,0,0,0,False,False,False
2014-08-26,0,24,36,0,21,21,0,106,14807,108,0,106,561,0,0,0,0,0,False,False,False
2014-08-27,0,24,36,0,21,21,0,106,14831,108,0,106,561,0,0,0,0,0,False,False,False
2014-08-28,0,25,36,0,21,21,0,106,14855,108,0,106,561,0,0,0,0,0,False,False,False
2014-08-29,0,24,36,0,21,21,0,106,14879,108,0,106,561,0,0,0,0,0,False,False,False
2014-08-30,0,25,36,0,21,21,0,106,14903,108,0,106,561,0,0,0,0,0,False,False,False
2014-08-31,0,24,36,0,21,21,0,106,14927,108,0,106,561,0,0,0,0,0,False,False,False
2014-09-01,0,25,36,0,21,21,0,106,14951,108,0,106,561,0,0,0,0,0,False,False,False
2014-09-02,0,25,36,0,21,21,0,106,14975,108,0,106,561,0,0,0,0,0,False,False,False
2014-09-03,0,25,36,0,21,21,0,106,14999,108,0,106,561,0,0,0,0,0,False,False,False
2014-09-04,0,25,36,0,21,21,0,106,15023,108,0,106,561,0,0,0,0,0,False,False,False
2014-09-05,0,25,36,0,21,21,0,106,15047,108,0,106,561,0,0,0,0,0,False,False,False
2014-09-06,0,25,36,0,21,21,0,106,15071,108,0,106,561,0,0,0,0,0,False,False,False
2014-09-07,0,24,36,0,21,21,0,106,15094,108,0,106,561,0,0,0,0,0,False,False,False
2014-09-08,0,25,36,0,21,21,0,106,15119,108,0,106,561,0,0,0,0,0,False,False,False
2014-09-09,0,25,36,0,21,21,0,106,15143,108,0,106,561,0,0,0,0,0,False,False,False
2014-09-10,0,24,36,0,21,21,0,106,15167,108,0,106,561,0,0,0,0,0,False,False,False
2014-09-11,0,25,36,0,21,21,0,106,15191,108,0,106,561,0,0,0,0,0,False,False,False
2014-09-12,0,24,36,0,21,21,0,106,15215,108,0,106,561,0,0,0,0,0,False,False,False
2014-09-13,0,24,36,0,21,21,0,106,15239,108,0,106,561,0,0,0,0,0,False,False,False
2014-09-14,0,25,36,0,21,21,0,106,15263,108,0,106,561,0,0,0,0,0,False,False,False
2014-09-15,0,25,36,0,21,21,0,106,15287,108,0,106,561,0,0,0,0,0,False,False,False
2014-09-16,0,24,36,0,21,21,0,106,15311,108,0,106,561,0,0,0,0,0,False,False,False
2014-09-17,0,25,36,0,21,21,0,106,15335,108,0,106,561,0,0,0,0,0,False,False,False
2014-09-18,0,26,36,0,21,21,0,106,15359,108,0,106,561,0,0,0,0,0,False,False,False
2014-09-19,0,25,36,0,21,21,0,106,15383,108,0,106,561,0,0,0,0,0,False,False,False
2014-09-20,0,25,36,0,21,21,0,106,15407,108,0,106,561,0,0,0,0,0,False,False,False
2014-09-21,0,25,36,0,21,21,0,106,15431,108,0,106,561,0,0,0,0,0,False,False,False
2014-09-22,0,25,36,0,21,21,0,106,15455,108,0,106,561,0,0,0,0,0,False,False,False
2014-09-23,0,25,36,0,21,21,0,106,15479,108,0,106,561,0,0,0,0,0,False,False,False
2014-09-24,0,25,36,0,21,21,0,106,15503,108,0,106,561,0,0,0,0,0,False,False,False
2014-09-25,0,26,36,0,21,21,0,106,15527,108,0,106,561,0,0,0,0,0,False,False,False
2014-09-26,0,25,36,0,21,21,0,106,15551,108,0,106,561,0,0,0,0,0,False,False,False
2014-09-27,0,25,36,0,21,21,0,106,15575,108,0,106,561,0,0,0,0,0,False,False,False
2014-09-28,0,25,36,0,21,21,0,106,15599,108,0,106,561,0,0,0,0,0,False,False,False
2014-09-29,0,25,36,0,21,21,0,106,15623,108,0,106,561,0,0,0,0,0,False,False,False
2014-09-30,0,25,36,0,21,21,0,106,15646,108,0,106,561,0,0,0,0,0,False,False,False
2014-10-01,0,25,36,0,21,21,0,106,15671,108,0,106,561,0,0,0,0,0,False,False,False
2014-10-02,0,25,36,0,21,21,0,106,15695,108,0,106,561,0,0,0,0,0,False,False,False
2014-10-03,0,25,36,0,21,21,0,106,15719,108,0,106,561,0,0,0,0,0,False,False,False
2014-10-04,0,25,36,0,21,21,0,106,15743,108,0,106,561,0,0,0,0,0,False,False,False
2014-10-05,0,25,36,0,21,21,0,106,15767,108,0,106,561,0,0,0,0,0,False,False,False
2014-10-06,0,24,36,0,21,21,0,106,15791,108,0,106,561,0,0,0,0,0,False,False,False
2014-10-07,0,25,36,0,21,21,0,106,15815,108,0,106,561,0,0,0,0,0,False,False,False
2014-10-08,0,25,36,0,21,21,0,106,15839,108,0,106,561,0,0,0,0,0,False,False,False
2014-10-09,0,25,36,0,21,21,0,106,15863,108,0,106,561,0,0,0,0,0,False,False,False
2014-10-10,0,26,36,0,21,21,0,106,15887,108,0,106,561,0,0,0,0,0,False,False,False
2014-10-11,0,25,36,0,21,21,0,106,15911,108,0,106,561,0,0,0,0,0,False,False,False
2014-10-12,0,25,36,0,21,21,0,106,15935,108,0,106,561,0,0,0,0,0,False,False,False
2014-10-13,0,26,36,0,21,21,0,106,15959,108,0,106,561,0,0,0,0,0,False,False,False
2014-10-14,0,25,36,0,21,21,0,106,15983,108,0,106,561,0,0,0,0,0,False,False,False
2014-10-15,0,25,36,0,21,21,0,106,16007,108,0,106,561,0,0,0,0,0,False,False,False
2014-10-16,0,25,36,0,21,21,0,106,16031,108,0,106,561,0,0,0,0,0,False,False,False
2014-10-17,0,25,36,0,21,21,0,106,16055,108,0,106,561,0,0,0,0,0,False,False,False
2014-10-18,0,25,36,0,21,21,0,106,16079,108,0,106,561,0,0,0,0,0,False,False,False
2014-10-19,0,25,36,0,21,21,0,106,16103,108,0,106,561,0,0,0,0,0,False,False,False
2014-10-20,0,24,36,0,21,21,0,106,16127,108,0,106,561,0,0,0,0,0,False,False,False
2014-10-21,0,25,36,0,21,21,0,106,16151,108,0,106,561,0,0,0,0,0,False,False,False
2014-10-22,0,24,36,0,21,21,0,106,16175,108,0,106,561,0,0,0,0,0,False,False,False
2014-10-23,0,25,36,0,21,21,0,106,16199,108,0,106,561,0,0,0,0,0,False,False,False
2014-10-24,0,25,36,0,21,21,0,106,16223,108,0,106,561,0,0,0,0,0,False,False,False
2014-10-25,0,25,36,0,21,21,0,106,16247,108,0,106,561,0,0,0,0,0,False,False,False
2014-10-26,0,25,36,0,21,21,0,106,16271,108,0,106,561,0,0,0,0,0,False,False,False
2014-10-27,0,25,36,0,21,21,0,106,16295,108,0,106,561,0,0,0,0,0,False,False,False
2014-10-28,0,24,36,0,21,21,0,106,16319,108,0,106,561,0,0,0,0,0,False,False,False
2014-10-29,0,24,36,0,21,21,0,106,16343,108,0,106,561,0,0,0,0,0,False,False,False
2014-10-30,0,24,36,0,21,21,0,106,16367,108,0,106,561,0,0,0,0,0,False,False,False
2014-10-31,0,25,36,0,21,21,0,106,16391,108,0,106,561,0,0,0,0,0,False,False,False
2014-11-01,0,26,36,0,21,21,0,106,16415,108,0,106,561,0,0,0,0,0,False,False,False
2014-11-03,0,25,37,0,21,21,0,107,16464,108,0,107,561,0,0,0,0,0,False,False,False
2014-11-04,0,30,37,0,21,21,0,108,16488,108,0,108,561,0,0,0,0,0,False,False,False
2014-11-05,0,30,37,0,21,21,0,108,16512,108,0,108,561,0,0,0,0,0,False,False,False
2014-11-06,0,31,37,0,21,21,0,108,16536,108,0,108,561,0,0,0,0,0,False,False,False
2014-11-07,0,29,37,0,21,21,0,108,16560,108,0,108,561,0,0,0,0,0,False,False,False
2014-11-08,0,31,37,0,21,21,0,108,16584,108,0,108,561,0,0,0,0,0,False,False,False
2014-11-09,0,30,37,0,21,21,0,108,16608,108,0,108,561,0,0,0,0,0,False,False,False
2014-11-10,0,29,37,0,21,21,0,108,16632,108,0,108,561,0,0,0,0,0,False,False,False
2014-11-11,0,30,37,0,21,21,0,108,16656,108,0,108,561,0,0,0,0,0,False,False,False
2014-11-12,0,26,37,0,21,21,0,108,16680,108,0,108,561,0,0,0,0,0,False,False,False
2014-11-13,0,29,37,0,21,21,0,108,16704,108,0,108,561,0,0,0,0,0,False,False,False
2014-11-14,0,29,37,0,21,21,0,108,16728,108,0,108,561,0,0,0,0,0,False,False,False
2014-11-15,0,31,37,0,21,21,0,108,16752,108,0,108,561,0,0,0,0,0,False,False,False
2014-11-16,0,30,37,0,21,21,0,108,16776,108,0,108,561,0,0,0,0,0,False,False,False
2014-11-17,0,29,37,0,21,21,0,108,16800,108,0,108,561,0,0,0,0,0,False,False,False
2014-11-18,0,31,37,0,21,21,0,108,16824,108,0,108,561,0,0,0,0,0,False,False,False
2014-11-19,0,29,37,0,21,21,0,108,16848,108,0,108,561,0,0,0,0,0,False,False,False
2014-11-20,0,30,37,0,21,21,0,108,16872,108,0,108,561,0,0,0,0,0,False,False,False
2014-11-21,0,28,37,0,21,21,0,108,16896,108,0,108,561,0,0,0,0,0,False,False,False
2014-11-22,0,30,37,0,21,21,0,108,16920,108,0,108,561,0,0,0,0,0,False,False,False
2014-11-23,0,29,37,0,21,21,0,108,16944,108,0,108,561,0,0,0,0,0,False,False,False
2014-11-24,0,30,37,0,21,21,0,108,16968,108,0,108,561,0,0,0,0,0,False,False,False
2014-11-25,0,29,37,0,21,21,0,108,16992,108,0,108,561,0,0,0,0,0,False,False,False
2014-11-26,0,32,37,0,21,21,0,108,17016,108,0,108,561,0,0,0,0,0,False,False,False
2014-11-27,0,32,37,0,21,21,0,108,17040,108,0,108,561,0,0,0,0,0,False,False,False
2014-11-28,0,31,37,0,21,21,0,108,17064,108,0,108,561,0,0,0,0,0,False,False,False
2014-11-29,0,31,37,0,21,21,0,108,17088,108,0,108,561,0,0,0,0,0,False,False,False
2014-11-30,0,31,37,0,21,21,0,108,17112,108,0,108,561,0,0,0,0,0,False,False,False
2014-12-01,0,30,37,0,21,21,0,108,17136,108,0,108,561,0,0,0,0,0,False,False,False
2014-12-02,0,30,37,0,21,21,0,108,17160,108,0,108,561,0,0,0,0,0,False,False,False
2014-12-03,0,28,37,0,21,21,0,108,17184,108,0,108,561,0,0,0,0,0,False,False,False
2014-12-04,0,28,37,0,21,21,0,108,17208,108,0,108,561,0,0,0,0,0,False,False,False
2014-12-05,0,29,37,0,21,21,0,108,17232,108,0,108,561,0,0,0,0,0,False,False,False
2014-12-06,0,30,37,0,21,21,0,108,17256,108,0,108,561,0,0,0,0,0,False,False,False
2014-12-07,0,28,37,0,21,21,0,108,17280,108,0,108,561,0,0,0,0,0,False,False,False
2014-12-08,0,30,37,0,21,21,0,108,17304,108,0,108,561,0,0,0,0,0,False,False,False
2014-12-09,0,32,37,0,21,21,0,108,17328,108,0,108,561,0,0,0,0,0,False,False,False
2014-12-10,0,32,37,0,21,21,0,108,17352,108,0,108,561,0,0,0,0,0,False,False,False
2014-12-11,0,30,37,0,21,21,0,108,17376,108,0,108,561,0,0,0,0,0,False,False,False
2014-12-12,0,30,37,0,21,21,0,108,17400,108,0,108,561,0,0,0,0,0,False,False,False
2014-12-13,0,28,37,0,21,21,0,108,17424,108,0,108,561,0,0,0,0,0,False,False,False
2014-12-14,0,32,37,0,21,21,0,108,17448,108,0,108,561,0,0,0,0,0,False,False,False
2014-12-15,0,32,37,0,21,21,0,108,17472,108,0,108,561,0,0,0,0,0,False,False,False
2014-12-16,0,30,37,0,21,21,0,108,17496,108,0,108,561,0,0,0,0,0,False,False,False
2014-12-17,0,28,37,0,21,21,0,108,17520,108,0,108,561,0,0,0,0,0,False,False,False
2014-12-18,0,31,37,0,21,21,0,108,17544,108,0,108,561,0,0,0,0,0,False,False,False
2014-12-19,0,28,37,0,21,21,0,108,17568,108,0,108,561,0,0,0,0,0,False,False,False
2014-12-20,0,28,37,0,21,21,0,108,17592,108,0,108,561,0,0,0,0,0,False,False,False
2014-12-21,0,28,37,0,21,21,0,108,17616,108,0,108,561,0,0,0,0,0,False,False,False
2014-12-22,0,28,37,0,21,21,0,108,17640,108,0,108,561,0,0,0,0,0,False,False,False
2014-12-23,0,28,37,0,21,21,0,108,17664,108,0,108,561,0,0,0,0,0,False,False,False
2014-12-24,0,28,37,0,21,21,0,108,17688,108,0,108,561,0,0,0,0,0,False,False,False
2014-12-25,0,28,37,0,21,21,0,108,17712,108,0,108,561,0,0,0,0,0,False,False,False
2014-12-26,0,28,37,0,21,21,0,109,17736,108,0,109,561,0,0,0,0,0,False,False,False
2014-12-27,0,27,37,0,21,21,0,109,17760,108,0,109,561,0,0,0,0,0,False,False,False
2014-12-28,0,27,37,0,21,21,0,109,17784,108,0,109,561,0,0,0,0,0,False,False,False
2014-12-29,0,27,37,0,21,21,0,109,17808,108,0,109,561,0,0,0,0,0,False,False,False
2014-12-30,0,27,37,0,21,21,0,109,17832,108,0,109,561,0,0,0,0,0,False,False,False
2014-12-31,0,27,37,0,21,21,0,109,17856,108,0,109,561,0,0,0,0,0,False,False,False
2015-01-01,0,28,37,0,21,21,0,109,17880,108,0,109,561,0,0,0,0,0,False,False,False
2015-01-02,0,28,37,0,21,21,0,109,17904,108,0,109,561,0,0,0,0,0,False,False,False
2015-01-03,0,27,37,0,21,21,0,109,17928,108,0,109,561,0,0,0,0,0,False,False,False
2015-01-04,0,28,37,0,21,21,0,109,17952,108,0,109,561,0,0,0,0,0,False,False,False
2015-01-05,0,28,37,0,21,21,0,109,17976,108,0,109,561,0,0,0,0,0,False,False,False
2015-01-06,0,31,37,0,21,21,0,109,18000,108,0,109,561,0,0,0,0,0,False,False,False
2015-01-07,0,30,37,0,21,21,0,109,18024,108,0,109,561,0,0,0,0,0,False,False,False
2015-01-08,0,31,37,0,21,21,0,109,18048,108,0,109,561,0,0,0,0,0,False,False,False
2015-01-09,0,32,37,0,21,21,0,109,18072,108,0,109,561,0,0,0,0,0,False,False,False
2015-01-10,0,31,37,0,21,21,0,109,18096,108,0,109,561,0,0,0,0,0,False,False,False
2015-01-11,0,29,37,0,21,21,0,109,18120,108,0,109,561,0,0,0,0,0,False,False,False
2015-01-12,0,31,37,0,21,21,0,109,18145,108,0,109,561,0,0,0,0,0,False,False,False
2015-01-13,0,31,37,0,21,21,0,109,18168,108,0,109,561,0,0,0,0,0,False,False,False
2015-01-14,0,32,37,0,21,21,0,109,18192,108,0,109,561,0,0,0,0,0,False,False,False
2015-01-15,0,31,37,0,21,21,0,109,18216,108,0,109,561,0,0,0,0,0,False,False,False
2015-01-16,0,32,37,0,21,21,0,109,18240,108,0,109,561,0,0,0,0,0,False,False,False
2015-01-17,0,32,37,0,21,21,0,109,18264,108,0,109,561,0,0,0,0,0,False,False,False
2015-01-18,0,31,37,0,21,21,0,109,18288,108,0,109,561,0,0,0,0,0,False,False,False
2015-01-19,0,32,37,0,21,21,0,109,18312,108,0,109,561,0,0,0,0,0,False,False,False
2015-01-20,0,31,37,0,21,21,0,109,18336,108,0,109,561,0,0,0,0,0,False,False,False
2015-01-21,0,31,37,0,21,21,0,109,18360,108,0,109,561,0,0,0,0,0,False,False,False
2015-01-22,0,31,37,0,21,21,0,109,18384,108,0,109,561,0,0,0,0,0,False,False,False
2015-01-23,0,31,37,0,21,21,0,109,18408,108,0,109,561,0,0,0,0,0,False,False,False
2015-01-24,0,31,37,0,21,21,0,109,18432,108,0,109,561,0,0,0,0,0,False,False,False
2015-01-25,0,27,37,0,21,21,0,109,18456,108,0,109,561,0,0,0,0,0,False,False,False
2015-01-26,0,29,37,0,21,21,0,109,18480,108,0,109,561,0,0,0,0,0,False,False,False
2015-01-27,0,28,37,0,21,21,0,109,18504,108,0,109,561,0,0,0,0,0,False,False,False
2015-01-28,0,27,37,0,21,21,0,109,18528,108,0,109,561,0,0,0,0,0,False,False,False
2015-01-29,0,31,37,0,21,21,0,109,18552,108,0,109,561,0,0,0,0,0,False,False,False
2015-01-30,0,31,37,0,21,21,0,109,18576,108,0,109,561,0,0,0,0,0,False,False,False
2015-01-31,0,31,37,0,21,21,0,109,18600,108,0,109,561,0,0,0,0,0,False,False,False
2015-02-01,0,31,37,0,21,21,0,109,18624,108,0,109,561,0,0,0,0,0,False,False,False
2015-02-02,0,32,37,0,21,21,0,109,18648,108,0,109,561,0,0,0,0,0,False,False,False
2015-02-03,0,32,37,0,21,21,0,109,18672,108,0,109,561,0,0,0,0,0,False,False,False
2015-02-04,0,33,37,0,21,21,0,109,18697,108,0,109,561,0,0,0,0,0,False,False,False
2015-02-05,0,27,37,0,21,21,0,109,18720,108,0,109,561,0,0,0,0,0,False,False,False
2015-02-06,0,31,37,0,21,21,0,109,18744,108,0,109,561,0,0,0,0,0,False,False,False
2015-02-07,0,31,37,0,21,21,0,109,18768,108,0,109,561,0,0,0,0,0,False,False,False
2015-02-08,0,30,37,0,21,21,0,109,18792,108,0,109,561,0,0,0,0,0,False,False,False
2015-02-09,0,30,37,0,21,21,0,109,18816,108,0,109,561,0,0,0,0,0,False,False,False
2015-02-10,0,31,37,0,21,21,0,109,18840,108,0,109,561,0,0,0,0,0,False,False,False
2015-02-11,0,31,37,0,21,21,0,109,18864,108,0,109,561,0,0,0,0,0,False,False,False
2015-02-12,0,31,37,0,21,21,0,109,18888,108,0,109,561,0,0,0,0,0,False,False,False
2015-02-13,0,31,37,0,21,21,0,109,18912,108,0,109,561,0,0,0,0,0,False,False,False
2015-02-14,0,31,37,0,21,21,0,109,18936,108,0,109,561,0,0,0,0,0,False,False,False
2015-02-15,0,32,37,0,21,21,0,109,18960,108,0,109,561,0,0,0,0,0,False,False,False
2015-02-16,0,32,37,0,21,21,0,109,18984,108,0,109,561,0,0,0,0,0,False,False,False
2015-02-17,0,30,37,0,21,21,0,109,19008,108,0,109,561,0,0,0,0,0,False,False,False
2015-02-18,0,32,37,0,21,21,0,109,19032,108,0,109,561,0,0,0,0,0,False,False,False
2015-02-19,0,33,37,0,21,21,0,110,19056,108,0,110,561,0,0,0,0,0,False,False,False
2015-02-20,0,32,37,0,21,21,0,110,19080,108,0,110,561,0,0,0,0,0,False,False,False
2015-02-21,0,33,37,0,21,21,0,111,19104,108,0,111,561,0,0,0,0,0,False,False,False
2015-02-22,0,31,37,0,21,21,0,111,19128,108,0,111,561,0,0,0,0,0,False,False,False
2015-02-23,0,32,37,0,21,21,0,111,19152,108,0,111,561,0,0,0,0,0,False,False,False
2015-02-24,0,33,37,0,21,21,0,111,19176,108,0,111,561,0,0,0,0,0,False,False,False
2015-02-25,0,32,37,0,21,21,0,111,19200,108,0,111,561,0,0,0,0,0,False,False,False
2015-02-26,0,31,37,0,21,21,0,111,19224,108,0,111,561,0,0,0,0,0,False,False,False
2015-02-27,0,33,37,0,21,21,0,111,19248,108,0,111,561,0,0,0,0,0,False,False,False
2015-02-28,0,31,37,0,21,21,0,112,19272,108,0,112,561,0,0,0,0,0,False,False,False
2015-03-01,0,32,37,0,21,21,0,112,19296,108,0,112,561,0,0,0,0,0,False,False,False
2015-03-02,0,32,37,0,21,21,0,112,19320,108,0,112,561,0,0,0,0,0,False,False,False
2015-03-03,0,33,37,0,21,21,0,112,19344,108,0,112,561,0,0,0,0,0,False,False,False
2015-03-04,0,30,37,0,21,21,0,112,19368,108,0,112,561,0,0,0,0,0,False,False,False
2015-03-05,0,31,37,0,21,21,0,112,19392,108,0,112,561,0,0,0,0,0,False,False,False
2015-03-06,0,32,37,0,21,21,0,112,19416,108,0,112,561,0,0,0,0,0,False,False,False
2015-03-07,0,32,37,0,21,21,0,112,19440,108,0,112,561,0,0,0,0,0,False,False,False
2015-03-08,0,31,37,0,21,21,0,112,19464,108,0,112,561,0,0,0,0,0,False,False,False
2015-03-09,0,32,37,0,21,21,0,112,19488,108,0,112,561,0,0,0,0,0,False,False,False
2015-03-10,0,30,37,0,21,21,0,112,19511,108,0,112,561,0,0,0,0,0,False,False,False
2015-03-11,0,30,37,0,21,21,0,112,19535,108,0,112,561,0,0,0,0,0,False,False,False
2015-03-12,0,31,37,0,21,21,0,112,19559,108,0,112,561,0,0,0,0,0,False,False,False
2015-03-13,0,29,37,0,21,21,0,112,19583,108,0,112,561,0,0,0,0,0,False,False,False
2015-03-14,0,28,37,0,21,21,0,112,19607,108,0,112,561,0,0,0,0,0,False,False,False
2015-03-15,0,28,37,0,21,21,0,112,19631,108,0,112,561,0,0,0,0,0,False,False,False
2015-03-16,0,31,37,0,21,21,0,112,19655,108,0,112,561,0,0,0,0,0,False,False,False
2015-03-17,0,29,37,0,21,21,0,112,19679,108,0,112,561,0,0,0,0,0,False,False,False
2015-03-18,0,26,37,0,21,21,0,112,19703,108,0,112,561,0,0,0,0,0,False,False,False
2015-03-19,0,25,37,0,21,21,0,112,19727,108,0,112,561,0,0,0,0,0,False,False,False
2015-03-20,0,34,37,0,21,21,0,112,19751,108,0,112,561,0,0,0,0,0,False,False,False
2015-03-21,0,33,37,0,21,21,0,112,19776,108,0,112,561,0,0,0,0,0,False,False,False
2015-03-22,0,32,37,0,21,21,0,112,19799,108,0,112,561,0,0,0,0,0,False,False,False
2015-03-23,0,33,37,0,21,21,0,112,19823,108,0,112,561,0,0,0,0,0,False,False,False
2015-03-24,0,33,37,0,21,21,0,112,19847,108,0,112,561,0,0,0,0,0,False,False,False
2015-03-25,0,33,37,0,21,21,0,112,19871,108,0,112,561,0,0,0,0,0,False,False,False
2015-03-26,0,33,37,0,21,21,0,112,19895,108,0,112,561,0,0,0,0,0,False,False,False
2015-03-27,0,33,37,0,21,21,0,112,19919,108,0,112,561,0,0,0,0,0,False,False,False
2015-03-28,0,34,37,0,21,21,0,112,19943,108,0,112,561,0,0,0,0,0,False,False,False
2015-03-29,0,34,37,0,21,21,0,112,19967,108,0,112,561,0,0,0,0,0,False,False,False
2015-03-30,0,34,37,0,21,21,0,112,19991,108,0,112,561,0,0,0,0,0,False,False,False
2015-03-31,0,34,37,0,21,21,0,112,20015,108,0,112,561,0,0,0,0,0,False,False,False
2015-04-01,0,32,37,0,21,21,0,112,20039,108,0,112,561,0,0,0,0,0,False,False,False
2015-04-02,0,33,37,0,21,21,0,112,20063,108,0,112,561,0,0,0,0,0,False,False,False
2015-04-03,0,33,37,0,21,21,0,112,20088,108,0,112,561,0,0,0,0,0,False,False,False
2015-04-04,0,33,37,0,21,21,0,112,20111,108,0,112,561,0,0,0,0,0,False,False,False
2015-04-05,0,33,37,0,21,21,0,113,20135,108,0,113,561,0,0,0,0,0,False,False,False
2015-04-06,0,33,37,0,21,21,0,114,20159,108,0,114,561,0,0,0,0,0,False,False,False
2015-04-07,0,33,37,0,21,21,0,115,20183,108,0,115,561,0,0,0,0,0,False,False,False
2015-04-08,0,34,37,0,21,21,0,115,20207,108,0,115,561,0,0,0,0,0,False,False,False
2015-04-09,0,33,37,0,21,21,0,115,20231,108,0,115,561,0,0,0,0,0,False,False,False
2015-04-10,0,33,37,0,21,21,0,115,20255,108,0,115,561,0,0,0,0,0,False,False,False
2015-04-11,0,34,37,0,21,21,0,115,20279,108,0,115,561,0,0,0,0,0,False,False,False
2015-04-12,0,33,37,0,21,21,0,115,20303,108,0,115,561,0,0,0,0,0,False,False,False
2015-04-13,0,33,37,0,21,21,0,115,20328,108,0,115,561,0,0,0,0,0,False,False,False
2015-04-14,0,26,37,0,21,21,0,115,20351,108,0,115,561,0,0,0,0,0,False,False,False
2015-04-15,0,26,37,0,21,21,0,115,20375,108,0,115,561,0,0,0,0,0,False,False,False
2015-04-16,0,26,37,0,21,21,0,115,20399,108,0,115,561,0,0,0,0,0,False,False,False
2015-04-17,0,25,37,0,21,21,0,115,20423,108,0,115,561,0,0,0,0,0,False,False,False
2015-04-18,0,25,37,0,21,21,0,115,20447,108,0,115,561,0,0,0,0,0,False,False,False
2015-04-19,0,24,37,0,21,21,0,115,20471,108,0,115,561,0,0,0,0,0,False,False,False
2015-04-20,0,26,37,0,21,21,0,116,20495,108,0,116,561,0,0,0,0,0,False,False,False
2015-04-21,0,26,37,0,21,21,0,116,20519,108,0,116,561,0,0,0,0,0,False,False,False
2015-04-22,0,26,37,0,21,21,0,116,20543,108,0,116,561,0,0,0,0,0,False,False,False
2015-04-23,0,25,37,0,21,21,0,116,20568,108,0,116,561,0,0,0,0,0,False,False,False
2015-04-24,0,25,37,0,21,21,0,116,20591,108,0,116,561,0,0,0,0,0,False,False,False
2015-04-25,0,25,37,0,21,21,0,116,20615,108,0,116,561,0,0,0,0,0,False,False,False
2015-04-26,0,26,37,0,21,21,0,116,20640,108,0,116,561,0,0,0,0,0,False,False,False
2015-04-27,0,25,37,0,21,21,0,116,20663,108,0,116,561,0,0,0,0,0,False,False,False
2015-04-28,0,26,37,0,21,21,0,116,20687,108,0,116,561,0,0,0,0,0,False,False,False
2015-04-29,0,26,37,0,21,21,0,117,20711,108,0,117,561,0,0,0,0,0,False,False,False
2015-04-30,0,27,37,0,21,21,0,118,20735,108,0,118,561,0,0,0,0,0,False,False,False
2015-05-01,0,25,37,0,21,21,0,118,20759,108,0,118,561,0,0,0,0,0,False,False,False
2015-05-02,0,26,37,0,21,21,0,118,20783,108,0,118,561,0,0,0,0,0,False,False,False
2015-05-03,0,28,37,0,21,21,0,118,20808,108,0,118,561,0,0,0,0,0,False,False,False
2015-05-04,0,28,37,0,21,21,0,118,20831,108,0,118,561,0,0,0,0,0,False,False,False
2015-05-05,0,27,37,0,21,21,0,118,20855,108,0,118,561,0,0,0,0,0,False,False,False
2015-05-06,0,26,37,0,21,21,0,118,20880,108,0,118,561,0,0,0,0,0,False,False,False
2015-05-07,0,27,37,0,21,21,0,118,20903,108,0,118,561,0,0,0,0,0,False,False,False
2015-05-08,0,26,37,0,21,21,0,118,20927,108,0,118,561,0,0,0,0,0,False,False,False
2015-05-09,0,28,37,0,21,21,0,118,20951,108,0,118,561,0,0,0,0,0,False,False,False
2015-05-10,0,25,37,0,21,21,0,118,20975,108,0,118,561,0,0,0,0,0,False,False,False
2015-05-11,0,28,37,0,21,21,0,118,20999,108,0,118,561,0,0,0,0,0,False,False,False
2015-05-12,0,28,37,0,21,21,0,119,21023,108,0,119,561,0,0,0,0,0,False,False,False
2015-05-13,0,27,37,0,21,21,0,120,21048,108,0,120,561,0,0,0,0,0,False,False,False
2015-05-14,0,28,37,0,21,21,0,120,21071,108,0,120,561,0,0,0,0,0,False,False,False
2015-05-15,0,28,37,0,21,21,0,120,21095,108,0,120,561,0,0,0,0,0,False,False,False
2015-05-16,0,27,37,0,21,21,0,120,21120,108,0,120,561,0,0,0,0,0,False,False,False
2015-05-17,0,26,37,0,21,21,0,120,21143,109,0,120,561,0,0,0,0,0,False,False,False
2015-05-18,0,26,37,0,21,21,0,121,21167,109,0,121,561,0,0,0,0,0,False,False,False
2015-05-19,0,27,37,0,21,21,0,122,21191,109,0,122,561,0,0,0,0,0,False,False,False
2015-05-20,0,25,36,0,21,21,0,123,21215,109,0,123,561,0,0,0,0,0,False,False,False
2015-05-21,0,27,36,0,21,21,0,123,21239,109,0,123,561,0,0,0,0,0,False,False,False
2015-05-22,0,26,36,0,21,21,0,123,21263,109,0,123,561,0,0,0,0,0,False,False,False
2015-05-23,0,25,36,0,21,21,0,123,21288,109,0,123,561,0,0,0,0,0,False,False,False
2015-05-24,0,27,36,0,21,21,0,123,21311,108,0,123,561,0,0,0,0,0,False,False,False
2015-05-25,0,26,37,0,21,21,0,124,21335,108,0,124,561,0,0,0,0,0,False,False,False
2015-05-26,0,27,37,0,21,21,0,124,21359,108,0,124,561,0,0,0,0,0,False,False,False
2015-05-27,0,25,37,0,21,21,0,124,21383,108,0,124,561,0,0,0,0,0,False,False,False
2015-05-28,0,24,37,0,21,21,0,124,21407,108,0,124,561,0,0,0,0,0,False,False,False
2015-05-29,0,24,37,0,21,21,0,124,21431,108,0,124,561,0,0,0,0,0,False,False,False
2015-05-30,0,26,37,0,21,21,0,124,21455,108,0,124,561,0,0,0,0,0,False,False,False
2015-05-31,0,24,37,0,21,21,0,124,21479,108,0,124,561,0,0,0,0,0,False,False,False
2015-06-01,0,27,37,0,21,21,0,124,21503,108,0,124,561,0,0,0,0,0,False,False,False
2015-06-02,0,24,37,0,21,21,0,124,21528,108,0,124,561,0,0,0,0,0,False,False,False
2015-06-03,0,23,37,0,21,21,0,124,21551,108,0,124,561,0,0,0,0,0,False,False,False
2015-06-04,0,24,37,0,21,21,0,125,21575,108,0,125,561,0,0,0,0,0,False,False,False
2015-06-05,0,24,37,0,21,21,0,126,21599,108,0,126,561,0,0,0,0,0,False,False,False
2015-06-06,0,26,37,0,21,21,0,126,21623,108,0,126,561,0,0,0,0,0,False,False,False
2015-06-07,0,28,37,0,21,21,0,126,21647,108,0,126,561,0,0,0,0,0,False,False,False
2015-06-08,0,24,37,0,21,21,0,126,21671,108,0,126,561,0,0,0,0,0,False,False,False
2015-06-09,0,24,37,0,21,21,0,126,21695,108,0,126,561,0,0,0,0,0,False,False,False
2015-06-10,0,27,37,0,21,21,0,126,21719,108,0,126,561,0,0,0,0,0,False,False,False
2015-06-11,0,23,37,0,21,21,0,126,21744,108,0,126,561,0,0,0,0,0,False,False,False
2015-06-12,0,25,36,0,21,21,0,127,21768,108,0,127,561,0,0,0,0,0,False,False,False
2015-06-13,0,24,36,0,21,21,0,127,21791,108,0,127,561,0,0,0,0,0,False,False,False
2015-06-14,0,26,36,0,21,21,0,128,21815,108,0,128,561,0,0,0,0,0,False,False,False
2015-06-15,0,24,36,0,21,21,0,128,21840,108,0,128,561,0,0,0,0,0,False,False,False
2015-06-16,0,24,36,0,21,21,0,128,21863,109,0,128,561,0,0,0,0,0,False,False,False
2015-06-17,0,24,36,0,21,21,0,128,21887,109,0,128,561,0,0,0,0,0,False,False,False
2015-06-18,0,23,36,0,21,21,0,128,21911,109,0,128,561,0,0,0,0,0,False,False,False
2015-06-19,0,25,36,0,21,21,0,128,21935,109,0,128,561,0,0,0,0,0,False,False,False
2015-06-20,0,24,36,0,21,21,0,128,21959,109,0,128,561,0,0,0,0,0,False,False,False
2015-06-21,0,25,36,0,21,21,0,128,21983,109,0,128,561,0,0,0,0,0,False,False,False
2015-06-22,0,27,36,0,21,21,0,128,22008,109,0,128,561,0,0,0,0,0,False,False,False
2015-06-23,0,27,36,0,21,21,0,128,22031,109,0,128,561,0,0,0,0,0,False,False,False
2015-06-24,0,28,36,0,21,21,0,128,22055,109,0,128,561,0,0,0,0,0,False,False,False
2015-06-25,0,32,36,0,21,21,0,128,22080,109,0,128,561,0,0,0,0,0,False,False,False
2015-06-26,0,32,36,0,21,21,0,128,22103,109,0,128,561,0,0,0,0,0,False,False,False
2015-06-27,0,33,37,0,21,21,0,128,22127,109,0,128,561,0,0,0,0,0,False,False,False
2015-06-28,0,32,37,0,21,21,0,129,22151,109,0,129,561,0,0,0,0,0,False,False,False
2015-06-29,0,28,37,0,21,21,0,129,22175,109,0,129,561,0,0,0,0,0,False,False,False
2015-06-30,0,33,37,0,21,21,0,129,22199,109,0,129,561,0,0,0,0,0,False,False,False
2015-07-01,0,32,37,0,21,21,0,129,22223,109,0,129,561,0,0,0,0,0,False,False,False
2015-07-02,0,32,37,0,21,21,0,129,22248,109,0,129,561,0,0,0,0,0,False,False,False
2015-07-03,0,32,37,0,21,21,0,129,22271,109,0,129,561,0,0,0,0,0,False,False,False
2015-07-04,0,32,37,0,21,21,0,129,22295,109,0,129,561,0,0,0,0,0,False,False,False
2015-07-05,0,32,37,0,21,21,0,129,22320,109,0,129,561,0,0,0,0,0,False,False,False
2015-07-06,0,32,37,0,21,21,0,129,22343,109,0,129,561,0,0,0,0,0,False,False,False
2015-07-07,0,33,37,0,21,21,0,129,22367,109,0,129,561,0,0,0,0,0,False,False,False
2015-07-08,0,32,37,0,21,21,0,129,22391,109,0,129,561,0,0,0,0,0,False,False,False
2015-07-09,0,32,37,0,21,21,0,129,22415,108,0,129,561,0,0,0,0,0,False,False,False
2015-07-10,0,32,37,0,21,21,0,129,22439,108,0,129,561,0,0,0,0,0,False,False,False
2015-07-11,0,32,37,0,21,21,0,129,22463,108,0,129,561,0,0,0,0,0,False,False,False
2015-07-12,0,32,37,0,21,21,0,130,22488,108,0,130,561,0,0,0,0,0,False,False,False
2015-07-13,0,32,37,0,21,21,0,130,22511,108,0,130,561,0,0,0,0,0,False,False,False
2015-07-14,0,32,37,0,21,21,0,130,22535,108,0,130,561,0,0,0,0,0,False,False,False
2015-07-15,0,32,37,0,21,21,0,130,22560,108,0,130,561,0,0,0,0,0,False,False,False
2015-07-16,0,32,37,0,21,21,0,130,22583,108,0,130,561,0,0,0,0,0,False,False,False
2015-07-17,0,33,37,0,21,21,0,130,22607,108,0,130,561,0,0,0,0,0,False,False,False
2015-07-18,0,32,37,0,21,21,0,130,22632,108,0,130,561,0,0,0,0,0,False,False,False
2015-07-19,0,32,37,0,21,21,0,130,22655,108,0,130,561,0,0,0,0,0,False,False,False
2015-07-20,0,32,37,0,21,21,0,131,22679,108,0,131,561,0,0,0,0,0,False,False,False
2015-07-21,0,32,37,0,21,21,0,131,22704,108,0,131,561,0,0,0,0,0,False,False,False
2015-07-22,0,32,37,0,21,21,0,131,22727,108,0,131,561,0,0,0,0,0,False,False,False
2015-07-23,0,32,37,0,21,21,0,131,22751,108,0,131,561,0,0,0,0,0,False,False,False
2015-07-24,0,32,37,0,21,21,0,131,22776,108,0,131,561,0,0,0,0,0,False,False,False
2015-07-25,0,31,37,0,21,21,0,131,22799,108,0,131,561,0,0,0,0,0,False,False,False
2015-07-26,0,24,37,0,21,21,0,131,22823,108,0,131,561,0,0,0,0,0,False,False,False
2015-07-27,0,24,37,0,21,21,0,131,22848,108,0,131,561,0,0,0,0,0,False,False,False
2015-07-28,0,32,37,0,21,21,0,131,22871,108,0,131,561,0,0,0,0,0,False,False,False
2015-07-29,0,32,37,0,21,21,0,131,22895,108,0,131,561,0,0,0,0,0,False,False,False
2015-07-30,0,32,37,0,21,21,0,131,22919,108,0,131,561,0,0,0,0,0,False,False,False
2015-07-31,0,27,37,0,21,21,0,131,22944,108,0,131,561,0,0,0,0,0,False,False,False
2015-08-01,0,32,37,0,21,21,0,132,22967,108,0,132,561,0,0,0,0,0,False,False,False
2015-08-02,0,32,37,0,21,21,0,132,22991,108,0,132,561,0,0,0,0,0,False,False,False
2015-08-03,0,31,37,0,21,21,0,132,23016,108,0,132,561,0,0,0,0,0,False,False,False
2015-08-04,0,31,37,0,21,21,0,132,23039,108,0,132,561,0,0,0,0,0,False,False,False
2015-08-05,0,30,37,0,21,21,0,133,23063,108,0,133,561,0,0,0,0,0,False,False,False
2015-08-06,0,33,37,0,21,21,0,133,23087,108,0,133,561,0,0,0,0,0,False,False,False
2015-08-07,0,32,37,0,21,21,0,133,23112,108,0,133,561,0,0,0,0,0,False,False,False
2015-08-08,0,33,37,0,21,21,0,134,23135,108,0,134,561,0,0,0,0,0,False,False,False
2015-08-09,0,32,37,0,21,21,0,134,23159,108,0,134,561,0,0,0,0,0,False,False,False
2015-08-10,0,32,37,0,21,21,0,135,23184,108,0,135,561,0,0,0,0,0,False,False,False
2015-08-11,0,31,37,0,21,21,0,135,23207,108,0,135,561,0,0,0,0,0,False,False,False
2015-08-12,0,31,37,0,21,21,0,135,23232,108,0,135,561,0,0,0,0,0,False,False,False
2015-08-13,0,31,37,0,21,21,0,136,23256,108,0,136,561,0,0,0,0,0,False,False,False
2015-08-14,0,31,37,0,21,21,0,136,23280,108,0,136,561,0,0,0,0,0,False,False,False
2015-08-15,0,32,37,0,21,21,0,136,23303,108,0,136,561,0,0,0,0,0,False,False,False
2015-08-16,0,32,37,0,21,21,0,137,23327,108,0,137,561,0,0,0,0,0,False,False,False
2015-08-17,0,30,37,0,21,21,0,137,23352,108,0,137,561,0,0,0,0,0,False,False,False
2015-08-18,0,33,37,0,21,21,0,137,23375,108,0,137,561,0,0,0,0,0,False,False,False
2015-08-19,0,32,37,0,21,21,0,137,23399,108,0,137,561,0,0,0,0,0,False,False,False
2015-08-20,0,30,37,0,21,21,0,138,23424,108,0,138,561,0,0,0,0,0,False,False,False
2015-08-21,0,30,37,0,21,21,0,138,23448,108,0,138,561,0,0,0,0,0,False,False,False
2015-08-22,0,31,37,0,21,21,0,139,23471,108,0,139,561,0,0,0,0,0,False,False,False
2015-08-23,0,33,37,0,21,21,0,140,23495,108,0,140,561,0,0,0,0,0,False,False,False
2015-08-24,0,30,37,0,21,21,0,140,23520,108,0,140,561,0,0,0,0,0,False,False,False
2015-08-25,0,31,37,0,21,21,0,141,23543,108,0,141,561,0,0,0,0,0,False,False,False
2015-08-26,0,31,37,0,21,21,0,141,23567,108,0,141,561,0,0,0,0,0,False,False,False
2015-08-27,0,32,37,0,21,21,0,141,23592,108,0,141,561,0,0,0,0,0,False,False,False
2015-08-28,0,32,37,0,21,21,0,142,23615,108,0,142,561,0,0,0,0,0,False,False,False
2015-08-29,0,32,37,0,21,21,0,142,23639,108,0,142,561,0,0,0,0,0,False,False,False
2015-08-30,0,31,37,0,21,21,0,143,23664,108,0,143,561,0,0,0,0,0,False,False,False
2015-08-31,0,32,37,0,21,21,0,144,23688,108,0,144,561,0,0,0,0,0,False,False,False
2015-09-01,0,30,37,0,21,21,0,144,23711,108,0,144,561,0,0,0,0,0,False,False,False
2015-09-02,0,32,36,0,21,21,0,145,23735,108,0,145,561,0,0,0,0,0,False,False,False
2015-09-03,0,31,36,0,21,21,0,146,23760,108,0,146,561,0,0,0,0,0,False,False,False
2015-09-04,0,32,37,0,21,21,0,147,23783,108,0,147,561,0,0,0,0,0,False,False,False
2015-09-05,0,32,37,0,21,21,0,147,23807,108,0,147,561,0,0,0,0,0,False,False,False
2015-09-06,0,32,37,0,21,21,0,148,23832,108,0,148,561,0,0,0,0,0,False,False,False
2015-09-07,0,32,37,0,21,21,0,149,23856,108,0,149,561,0,0,0,0,0,False,False,False
2015-09-08,0,30,37,0,21,21,0,149,23879,108,0,149,561,0,0,0,0,0,False,False,False
2015-09-09,0,31,36,0,21,21,0,150,23904,108,0,150,561,0,0,0,0,0,False,False,False
2015-09-10,0,31,36,0,21,21,0,150,23928,108,0,150,561,0,0,0,0,0,False,False,False
2015-09-11,0,31,37,0,21,21,0,151,23951,108,0,151,561,0,0,0,0,0,False,False,False
2015-09-12,0,32,37,0,21,21,0,151,23976,108,0,151,561,0,0,0,0,0,False,False,False
2015-09-13,0,32,37,0,21,21,0,152,24000,108,0,152,561,0,0,0,0,0,False,False,False
2015-09-14,0,32,37,0,21,21,0,153,24023,108,0,153,561,0,0,0,0,0,False,False,False
2015-09-15,0,32,37,0,21,21,0,154,24047,108,0,154,561,0,0,0,0,0,False,False,False
2015-09-16,0,31,37,0,21,21,0,154,24072,108,0,154,561,0,0,0,0,0,False,False,False
2015-09-17,0,31,37,0,21,21,0,155,24096,108,0,155,561,0,0,0,0,0,False,False,False
2015-09-18,0,31,37,0,21,21,0,156,24119,108,0,156,561,0,0,0,0,0,False,False,False
2015-09-19,0,31,36,0,21,21,0,157,24144,108,0,157,561,0,0,0,0,0,False,False,False
2015-09-20,0,31,36,0,21,21,0,158,24168,108,0,158,561,0,0,0,0,0,False,False,False
2015-09-21,0,31,37,0,21,21,0,159,24191,108,0,159,561,0,0,0,0,0,False,False,False
2015-09-22,0,33,37,0,21,21,0,160,24215,108,0,160,561,0,0,0,0,0,False,False,False
2015-09-23,0,31,37,0,21,21,0,160,24240,108,0,160,561,0,0,0,0,0,False,False,False
2015-09-24,0,31,37,0,21,21,0,161,24263,108,0,161,561,0,0,0,0,0,False,False,False
2015-09-25,0,32,37,0,21,21,0,161,24287,108,0,161,561,0,0,0,0,0,False,False,False
2015-09-26,0,31,37,0,21,21,0,161,24312,108,0,161,561,0,0,0,0,0,False,False,False
2015-09-27,0,32,37,0,21,21,0,162,24335,108,0,162,561,0,0,0,0,0,False,False,False
2015-09-28,0,29,37,0,21,21,0,163,24359,108,0,163,561,0,0,0,0,0,False,False,False
2015-09-29,0,31,37,0,21,21,0,163,24384,108,0,163,561,0,0,0,0,0,False,False,False
2015-09-30,0,32,37,0,21,21,0,164,24408,108,0,164,561,0,0,0,0,0,False,False,False
2015-10-01,0,31,37,0,21,21,0,164,24431,108,0,164,561,0,0,0,0,0,False,False,False
2015-10-02,0,31,37,0,21,21,0,165,24456,108,0,165,561,0,0,0,0,0,False,False,False
2015-10-03,0,31,37,0,21,21,0,165,24480,108,0,165,561,0,0,0,0,0,False,False,False
2015-10-04,0,32,37,0,21,21,0,166,24503,108,0,166,561,0,0,0,0,0,False,False,False
2015-10-05,0,32,37,0,21,21,0,166,24527,108,0,166,561,0,0,0,0,0,False,False,False
2015-10-06,0,31,37,0,21,21,0,166,24552,108,0,166,561,0,0,0,0,0,False,False,False
2015-10-07,0,32,37,0,21,21,0,167,24575,108,0,167,561,0,0,0,0,0,False,False,False
2015-10-08,0,32,37,0,21,21,0,167,24599,108,0,167,561,0,0,0,0,0,False,False,False
2015-10-09,0,31,37,0,21,21,0,167,24624,108,0,167,561,0,0,0,0,0,False,False,False
2015-10-10,0,32,37,0,21,21,0,168,24648,108,0,168,561,0,0,0,0,0,False,False,False
2015-10-11,0,32,37,0,21,21,0,168,24671,108,0,168,561,0,0,0,0,0,False,False,False
2015-10-12,0,32,37,0,21,21,0,169,24696,108,0,169,561,0,0,0,0,0,False,False,False
2015-10-13,0,32,37,0,21,21,0,169,24720,108,0,169,561,0,0,0,0,0,False,False,False
2015-10-14,0,32,37,0,21,21,0,170,24743,108,0,170,561,0,0,0,0,0,False,False,False
2015-10-15,0,32,37,0,21,21,0,171,24767,108,0,171,561,0,0,0,0,0,False,False,False
2015-10-16,0,32,37,0,21,21,0,171,24792,108,0,171,561,0,0,0,0,0,False,False,False
2015-10-17,0,32,37,0,21,21,0,171,24815,108,0,171,561,0,0,0,0,0,False,False,False
2015-10-18,0,31,37,0,21,21,0,171,24839,108,0,171,561,0,0,0,0,0,False,False,False
2015-10-19,0,31,37,0,21,21,0,172,24863,108,0,172,561,0,0,0,0,0,False,False,False
2015-10-20,0,32,37,0,21,21,0,173,24888,108,0,173,561,0,0,0,0,0,False,False,False
2015-10-21,0,29,37,0,21,21,0,174,24911,108,0,174,561,0,0,0,0,0,False,False,False
2015-10-22,0,32,37,0,21,21,0,175,24935,108,0,175,561,0,0,0,0,0,False,False,False
2015-10-23,0,32,37,0,21,21,0,176,24960,108,0,176,561,0,0,0,0,0,False,False,False
2015-10-24,0,32,37,0,21,21,0,176,24984,108,0,176,561,0,0,0,0,0,False,False,False
2015-10-25,0,31,37,0,21,21,0,177,25007,108,0,177,561,0,0,0,0,0,False,False,False
2015-10-26,0,32,37,0,21,21,0,177,25032,108,0,177,561,0,0,0,0,0,False,False,False
2015-10-27,0,32,37,0,21,21,0,178,25056,108,0,178,561,0,0,0,0,0,False,False,False
2015-10-29,0,32,36,0,21,21,0,180,25103,108,0,180,561,0,0,0,0,0,False,False,False
2015-10-30,0,32,36,0,21,21,0,180,25128,108,0,180,561,0,0,0,0,0,False,False,False
2015-10-31,0,32,37,0,21,21,0,181,25151,108,0,181,561,0,0,0,0,0,False,False,False
2015-11-02,0,31,37,0,21,21,0,183,25201,108,0,183,561,0,0,0,0,0,False,False,False
2015-11-03,0,32,37,0,21,21,0,183,25224,108,0,183,561,0,0,0,0,0,False,False,False
2015-11-04,0,31,37,0,21,21,0,184,25249,108,0,184,561,0,0,0,0,0,False,False,False
2015-11-05,0,31,37,0,21,21,0,184,25273,108,0,184,561,0,0,0,0,0,False,False,False
2015-11-06,0,31,37,0,21,21,0,185,25296,108,0,185,561,0,0,0,0,0,False,False,False
2015-11-07,0,31,37,0,21,21,0,185,25320,108,0,185,561,0,0,0,0,0,False,False,False
2015-11-08,0,31,37,0,21,21,0,185,25345,108,0,185,561,0,0,0,0,0,False,False,False
2015-11-09,0,32,37,0,21,21,0,186,25368,108,0,186,561,0,0,0,0,0,False,False,False
2015-11-10,0,31,37,0,21,21,0,187,25392,108,0,187,561,0,0,0,0,0,False,False,False
2015-11-11,0,32,37,0,21,21,0,187,25417,108,0,187,561,0,0,0,0,0,False,False,False
2015-11-12,0,32,37,0,21,21,0,188,25441,108,0,188,561,0,0,0,0,0,False,False,False
2015-11-13,0,31,37,0,21,21,0,189,25464,108,0,189,561,0,0,0,0,0,False,False,False
2015-11-14,0,31,37,0,21,21,0,190,25489,108,0,190,561,0,0,0,0,0,False,False,False
2015-11-15,0,32,37,0,21,21,0,190,25513,108,0,190,561,0,0,0,0,0,False,False,False
2015-11-16,0,31,37,0,21,21,0,190,25536,108,0,190,561,0,0,0,0,0,False,False,False
2015-11-17,0,32,37,0,21,21,0,191,25561,108,0,191,561,0,0,0,0,0,False,False,False
2015-11-18,0,31,37,0,21,21,0,191,25585,108,0,191,561,0,0,0,0,0,False,False,False
2015-11-19,0,31,37,0,21,21,0,191,25608,108,0,191,561,0,0,0,0,0,False,False,False
2015-11-20,0,32,37,0,21,21,0,192,25633,108,0,192,561,0,0,0,0,0,False,False,False
2015-11-21,0,32,37,0,21,21,0,192,25657,108,0,192,561,0,0,0,0,0,False,False,False
2015-11-22,0,32,37,0,21,21,0,193,25680,108,0,193,561,0,0,0,0,0,False,False,False
2015-11-23,0,31,37,0,21,21,0,194,25704,108,0,194,561,0,0,0,0,0,False,False,False
2015-11-24,0,31,37,0,21,21,0,194,25729,108,0,194,561,0,0,0,0,0,False,False,False
2015-11-25,0,31,37,0,21,21,0,195,25753,108,0,195,561,0,0,0,0,0,False,False,False
2015-11-26,0,31,37,0,21,21,0,196,25776,108,0,196,561,0,0,0,0,0,False,False,False
2015-11-27,0,31,37,0,21,21,0,196,25801,108,0,196,561,0,0,0,0,0,False,False,False
2015-11-28,0,31,37,0,21,21,0,197,25825,108,0,197,561,0,0,0,0,0,False,False,False
2015-11-29,0,32,37,0,21,21,0,197,25848,108,0,197,561,0,0,0,0,0,False,False,False
2015-11-30,0,32,37,0,21,21,0,198,25872,109,0,198,561,0,0,0,0,0,False,False,False
2015-12-01,0,31,37,0,21,21,0,198,25897,109,0,198,561,0,0,0,0,0,False,False,False
2015-12-02,0,32,37,0,21,21,0,199,25920,108,0,199,561,0,0,0,0,0,False,False,False
2015-12-03,0,31,37,0,21,21,0,200,25944,108,0,200,561,0,0,0,0,0,False,False,False
2015-12-04,0,32,37,0,21,21,0,200,25969,108,0,200,561,0,0,0,0,0,False,False,False
2015-12-05,0,32,37,0,21,21,0,201,25993,108,0,201,561,0,0,0,0,0,False,False,False
2015-12-06,0,32,37,0,21,21,0,202,26016,108,0,202,561,0,0,0,0,0,False,False,False
2015-12-07,0,30,37,0,21,21,0,203,26041,108,0,203,561,0,0,0,0,0,False,False,False
2015-12-08,0,30,37,0,21,21,0,203,26065,108,0,203,561,0,0,0,0,0,False,False,False
2015-12-09,0,30,37,0,21,21,0,203,26088,108,0,203,561,0,0,0,0,0,False,False,False
2015-12-10,0,30,37,0,21,21,0,204,26113,108,0,204,561,0,0,0,0,0,False,False,False
2015-12-11,0,32,37,0,21,21,0,205,26137,108,0,205,561,0,0,0,0,0,False,False,False
2015-12-12,0,32,37,0,21,21,0,205,26160,108,0,205,561,0,0,0,0,0,False,False,False
2015-12-13,0,31,37,0,21,21,0,206,26185,108,0,206,561,0,0,0,0,0,False,False,False
2015-12-14,0,31,37,0,21,21,0,207,26209,108,0,207,561,0,0,0,0,0,False,False,False
2015-12-15,0,31,37,0,21,21,0,208,26233,108,0,208,561,0,0,0,0,0,False,False,False
2015-12-16,0,31,37,0,21,21,0,208,26256,108,0,208,561,0,0,0,0,0,False,False,False
2015-12-17,0,32,37,0,21,21,0,208,26281,108,0,208,561,0,0,0,0,0,False,False,False
2015-12-18,0,31,37,0,21,21,0,209,26305,108,0,209,561,0,0,0,0,0,False,False,False
2015-12-19,0,32,37,0,21,21,0,209,26328,108,0,209,561,0,0,0,0,0,False,False,False
2015-12-20,0,32,37,0,21,21,0,210,26353,108,0,210,561,0,0,0,0,0,False,False,False
2015-12-21,0,32,37,65536,21,21,0,211,26377,108,0,211,561,0,0,0,0,0,False,False,False
2015-12-22,0,31,37,0,21,21,0,211,26400,108,0,211,561,0,0,0,0,0,False,False,False
2015-12-23,0,31,37,0,21,21,0,212,26425,108,0,212,561,0,0,0,0,0,False,False,False
2015-12-24,0,31,37,0,21,21,0,212,26449,108,0,212,561,0,0,0,0,0,False,False,False
2015-12-25,0,32,37,0,21,21,0,213,26473,108,0,213,561,0,0,0,0,0,False,False,False
2015-12-26,0,31,37,0,21,21,0,213,26497,108,0,213,561,0,0,0,0,0,False,False,False
2015-12-27,0,31,37,0,21,21,0,213,26521,108,0,213,561,0,0,0,0,0,False,False,False
2015-12-28,0,32,37,0,21,21,0,214,26545,108,0,214,561,0,0,0,0,0,False,False,False
2015-12-29,0,32,37,0,21,21,0,215,26568,108,0,215,561,0,0,0,0,0,False,False,False
2015-12-30,0,31,37,0,21,21,0,216,26593,108,0,216,561,0,0,0,0,0,False,False,False
2015-12-31,0,31,37,0,21,21,0,216,26617,108,0,216,561,0,0,0,0,0,False,False,False
2016-01-01,0,32,37,0,21,21,0,217,26640,109,0,217,561,0,0,0,0,0,False,False,False
2016-01-02,0,32,37,0,21,21,0,217,26665,109,0,217,561,0,0,0,0,0,False,False,False
2016-01-03,0,32,37,0,21,21,0,217,26689,108,0,217,561,0,0,0,0,0,False,False,False
2016-01-04,0,31,37,0,21,21,0,218,26712,108,0,218,561,0,0,0,0,0,False,False,False
2016-01-05,0,32,37,0,21,21,0,219,26736,108,0,219,561,0,0,0,0,0,False,False,False
2016-01-06,0,32,37,0,21,21,0,219,26761,108,0,219,561,0,0,0,0,0,False,False,False
2016-01-07,0,32,37,0,21,21,0,219,26785,108,0,219,561,0,0,0,0,0,False,False,False
2016-01-08,0,32,37,0,21,21,0,221,26809,108,0,221,561,0,0,0,0,0,False,False,False
2016-01-09,0,32,37,0,21,21,0,221,26833,108,0,221,561,0,0,0,0,0,False,False,False
2016-01-10,0,32,37,0,21,21,0,222,26857,108,0,222,561,0,0,0,0,0,False,False,False
2016-01-11,0,32,36,0,21,21,0,223,26880,108,0,223,561,0,0,0,0,0,False,False,False
2016-01-12,0,31,36,0,21,21,0,224,26905,108,0,224,561,0,0,0,0,0,False,False,False
2016-01-13,0,31,36,0,21,21,0,224,26929,108,0,224,561,0,0,0,0,0,False,False,False
2016-01-14,0,32,37,0,21,21,0,225,26952,108,0,225,561,0,0,0,0,0,False,False,False
2016-01-15,0,31,37,0,21,21,0,226,26976,108,0,226,561,0,0,0,0,0,False,False,False
2016-01-16,0,32,37,0,21,21,0,227,27001,108,0,227,561,0,0,0,0,0,False,False,False
2016-01-17,0,31,37,0,21,21,0,227,27025,108,0,227,561,0,0,0,0,0,False,False,False
2016-01-18,0,30,37,0,21,21,0,228,27048,108,0,228,561,0,0,0,0,0,False,False,False
2016-01-19,0,30,37,0,21,21,0,228,27073,108,0,228,561,0,0,0,0,0,False,False,False
2016-01-20,0,29,37,0,21,21,0,229,27097,108,0,229,561,0,0,0,0,0,False,False,False
2016-01-21,0,29,37,0,21,21,0,229,27120,108,0,229,561,0,0,0,0,0,False,False,False
2016-01-22,0,28,37,0,21,21,0,230,27145,108,0,230,561,0,0,0,0,0,False,False,False
2016-01-23,0,30,37,0,21,21,0,231,27169,108,0,231,561,0,0,0,0,0,False,False,False
2016-01-24,0,32,37,0,21,21,0,231,27192,108,0,231,561,0,0,0,0,0,False,False,False
2016-01-25,0,31,37,0,21,21,0,231,27217,108,0,231,561,0,0,0,0,0,False,False,False
2016-01-26,0,32,37,0,21,21,0,232,27241,108,0,232,561,0,0,0,0,0,False,False,False
2016-01-27,0,32,37,0,21,21,0,233,27265,108,0,233,561,0,0,0,0,0,False,False,False
2016-01-28,0,31,37,0,21,21,0,233,27289,108,0,233,561,0,0,0,0,0,False,False,False
2016-01-29,0,29,37,0,21,21,0,234,27313,108,0,234,561,0,0,0,0,0,False,False,False
2016-01-30,0,29,37,0,21,21,0,234,27337,108,0,234,561,0,0,0,0,0,False,False,False
2016-01-31,0,30,37,0,21,21,0,235,27360,108,0,235,561,0,0,0,0,0,False,False,False
2016-02-01,0,31,37,0,21,21,0,235,27385,108,0,235,561,0,0,0,0,0,False,False,False
2016-02-02,0,32,37,0,21,21,0,236,27409,109,0,236,561,0,0,0,0,0,False,False,False
2016-02-03,0,32,37,0,21,21,0,236,27432,109,0,236,561,0,0,0,0,0,False,False,False
2016-02-04,0,31,37,0,21,21,0,237,27457,108,0,237,561,0,0,0,0,0,False,False,False
2016-02-05,0,32,36,0,21,21,0,238,27481,108,0,238,561,0,0,0,0,0,False,False,False
2016-02-06,0,31,36,0,21,21,0,238,27505,108,0,238,561,0,0,0,0,0,False,False,False
2016-02-07,0,31,36,0,21,21,0,238,27528,108,0,238,561,0,0,0,0,0,False,False,False
2016-02-08,0,30,37,0,21,21,0,239,27553,108,0,239,561,0,0,0,0,0,False,False,False
2016-02-09,0,30,37,0,21,21,0,240,27577,108,0,240,561,0,0,0,0,0,False,False,False
2016-02-10,0,29,37,0,21,21,0,241,27600,108,0,241,561,0,0,0,0,0,False,False,False
2016-02-11,0,30,37,0,21,21,0,242,27625,108,0,242,561,0,0,0,0,0,False,False,False
2016-02-12,0,30,37,0,21,21,0,242,27649,108,0,242,561,0,0,0,0,0,False,False,False
2016-02-13,0,30,37,0,21,21,0,242,27673,108,0,242,561,0,0,0,0,0,False,False,False
2016-02-14,0,29,37,0,21,21,0,243,27696,108,0,243,561,0,0,0,0,0,False,False,False
2016-02-15,0,30,37,0,21,21,0,243,27721,108,0,243,561,0,0,0,0,0,False,False,False
2016-02-16,0,30,37,0,21,21,0,243,27745,108,0,243,561,0,0,0,0,0,False,False,False
2016-02-17,0,29,37,0,21,21,0,244,27768,108,0,244,561,0,0,0,0,0,False,False,False
2016-02-18,0,31,37,0,21,21,0,244,27793,108,0,244,561,0,0,0,0,0,False,False,False
2016-02-19,0,31,37,0,21,21,0,244,27817,108,0,244,561,0,0,0,0,0,False,False,False
2016-02-20,0,31,37,0,21,21,0,244,27840,108,0,244,561,0,0,0,0,0,False,False,False
2016-02-21,0,31,37,0,21,21,0,244,27865,108,0,244,561,0,0,0,0,0,False,False,False
2016-02-22,0,29,37,0,21,21,0,245,27889,108,0,245,561,0,0,0,0,0,False,False,False
2016-02-23,0,31,37,0,21,21,0,245,27912,108,0,245,561,0,0,0,0,0,False,False,False
2016-02-24,0,29,37,0,21,21,0,246,27936,108,0,246,561,0,0,0,0,0,False,False,False
2016-02-25,0,31,37,0,21,21,0,247,27961,108,0,247,561,0,0,0,0,0,False,False,False
2016-02-26,0,31,37,0,21,21,0,248,27985,108,0,248,561,0,0,0,0,0,False,False,False
2016-02-27,0,31,37,0,21,21,0,248,28008,108,0,248,561,0,0,0,0,0,False,False,False
2016-02-28,0,30,37,0,21,21,0,250,28033,108,0,250,561,0,0,0,0,0,False,False,False
2016-02-29,0,28,37,0,21,21,0,250,28057,108,0,250,561,0,0,0,0,0,False,False,False
2016-03-01,0,30,37,0,21,21,0,251,28080,108,0,251,561,0,0,0,0,0,False,False,False
2016-03-02,0,31,37,0,21,21,0,252,28105,108,0,252,561,0,0,0,0,0,False,False,False
2016-03-03,0,31,37,0,21,21,0,252,28129,108,0,252,561,0,0,0,0,0,False,False,False
2016-03-04,0,28,37,0,21,21,0,253,28152,108,0,253,561,0,0,0,0,0,False,False,False
2016-03-05,0,29,37,0,21,21,0,254,28177,108,0,254,561,0,0,0,0,0,False,False,False
2016-03-06,0,27,37,65536,21,21,0,255,28201,108,0,255,561,0,0,0,0,0,False,False,False
2016-03-07,0,27,37,0,21,21,0,255,28225,108,0,255,561,0,0,0,0,0,False,False,False
2016-03-08,0,27,37,0,21,21,0,256,28248,108,0,256,561,0,0,0,0,0,False,False,False
2016-03-09,0,27,37,0,21,21,0,257,28273,108,0,257,561,0,0,0,0,0,False,False,False
2016-03-10,0,24,37,0,21,21,0,257,28297,108,0,257,561,0,0,0,0,0,False,False,False
2016-03-11,0,25,37,0,21,21,0,258,28320,108,0,258,561,0,0,0,0,0,False,False,False
2016-03-12,0,25,37,0,21,21,0,258,28345,108,0,258,561,0,0,0,0,0,False,False,False
2016-03-13,0,25,37,0,21,21,0,259,28369,108,0,259,561,0,0,0,0,0,False,False,False
2016-03-14,0,24,37,0,21,21,0,260,28392,108,0,260,561,0,0,0,0,0,False,False,False
2016-03-15,0,25,37,0,21,21,0,260,28415,108,0,260,561,0,0,0,0,0,False,False,False
2016-03-16,0,27,37,0,21,21,0,260,28440,108,0,260,561,0,0,0,0,0,False,False,False
2016-03-17,0,25,37,0,21,21,0,260,28464,108,0,260,561,0,0,0,0,0,False,False,False
2016-03-18,0,26,37,0,21,21,0,260,28488,108,0,260,561,0,0,0,0,0,False,False,False
2016-03-19,0,25,37,0,21,21,0,261,28511,108,0,261,561,0,0,0,0,0,False,False,False
2016-03-20,0,26,37,0,21,21,0,262,28536,108,0,262,561,0,0,0,0,0,False,False,False
2016-03-21,0,25,37,0,21,21,0,263,28560,108,0,263,561,0,0,0,0,0,False,False,False
2016-03-22,0,26,37,0,21,21,0,263,28583,108,0,263,561,0,0,0,0,0,False,False,False
2016-03-23,0,26,37,0,21,21,0,263,28608,108,0,263,561,0,0,0,0,0,False,False,False
2016-03-24,0,25,37,0,21,21,0,263,28632,108,0,263,561,0,0,0,0,0,False,False,False
2016-03-25,0,25,37,0,21,21,0,263,28655,108,0,263,561,0,0,0,0,0,False,False,False
2016-03-26,0,25,37,0,21,21,0,264,28680,108,0,264,561,0,0,0,0,0,False,False,False
2016-03-27,0,25,37,0,21,21,0,265,28704,108,0,265,561,0,0,0,0,0,False,False,False
2016-03-28,0,25,37,0,21,21,0,266,28728,108,0,266,561,0,0,0,0,0,False,False,False
2016-03-29,0,26,37,0,21,21,0,266,28751,108,0,266,561,0,0,0,0,0,False,False,False
2016-03-30,0,27,37,0,21,21,0,266,28776,108,0,266,561,0,0,0,0,0,False,False,False
2016-03-31,0,26,37,0,21,21,0,267,28800,108,0,267,561,0,0,0,0,0,False,False,False
2016-04-01,0,26,37,0,21,21,0,268,28823,108,0,268,561,0,0,0,0,0,False,False,False
2016-04-02,0,25,37,0,21,21,0,269,28848,108,0,269,561,0,0,0,0,0,False,False,False
2016-04-03,0,26,37,0,21,21,0,269,28872,108,0,269,561,0,0,0,0,0,False,False,False
2016-04-04,0,26,37,0,21,21,0,270,28895,108,0,270,561,0,0,0,0,0,False,False,False
2016-04-05,0,27,37,0,21,21,0,270,28920,108,0,270,561,0,0,0,0,0,False,False,False
2016-04-06,0,25,37,0,21,21,0,270,28944,108,0,270,561,0,0,0,0,0,False,False,False
2016-04-07,0,25,37,0,21,21,0,271,28968,108,0,271,561,0,0,0,0,0,False,False,False
2016-04-08,0,25,37,0,21,21,0,271,28992,108,0,271,561,0,0,0,0,0,False,False,False
2016-04-09,0,26,37,0,21,21,0,271,29016,109,0,271,561,0,0,0,0,0,False,False,False
2016-04-10,0,25,37,0,21,21,0,272,29040,109,0,272,561,0,0,0,0,0,False,False,False
2016-04-11,0,26,37,0,21,21,0,272,29063,109,0,272,561,0,0,0,0,0,False,False,False
2016-04-12,0,25,37,0,21,21,0,272,29088,109,0,272,561,0,0,0,0,0,False,False,False
2016-04-13,0,26,37,0,21,21,0,272,29112,109,0,272,561,0,0,0,0,0,False,False,False
2016-04-14,0,26,37,0,21,21,0,272,29135,108,0,272,561,0,0,0,0,0,False,False,False
2016-04-15,0,26,37,0,21,21,0,273,29160,108,0,273,561,0,0,0,0,0,False,False,False
2016-04-16,0,27,37,0,21,21,0,273,29184,108,0,273,561,0,0,0,0,0,False,False,False
2016-04-17,0,25,37,0,21,21,0,274,29208,108,0,274,561,0,0,0,0,0,False,False,False
2016-04-18,0,26,37,0,21,21,0,275,29232,108,0,275,561,0,0,0,0,0,False,False,False
2016-04-19,0,25,37,0,21,21,0,275,29256,108,0,275,561,0,0,0,0,0,False,False,False
2016-04-20,0,26,37,0,21,21,0,276,29280,108,0,276,561,0,0,0,0,0,False,False,False
2016-04-21,0,26,37,0,21,21,0,277,29303,108,0,277,561,0,0,0,0,0,False,False,False
2016-04-22,0,25,37,0,21,21,0,278,29328,108,0,278,561,0,0,0,0,0,False,False,False
2016-04-23,0,25,37,0,21,21,0,278,29352,108,0,278,561,0,0,0,0,0,False,False,False
2016-04-24,0,25,37,0,21,21,0,279,29375,108,0,279,561,0,0,0,0,0,False,False,False
2016-04-25,0,26,37,0,21,21,0,279,29400,108,0,279,561,0,0,0,0,0,False,False,False
2016-04-26,0,26,37,0,21,21,0,280,29424,108,0,280,561,0,0,0,0,0,False,False,False
2016-04-27,0,26,37,0,21,21,0,280,29447,108,0,280,561,0,0,0,0,0,False,False,False
2016-04-28,0,26,37,0,21,21,0,280,29472,108,0,280,561,0,0,0,0,0,False,False,False
2016-04-29,0,26,37,0,21,21,0,281,29496,108,0,281,561,0,0,0,0,0,False,False,False
2016-04-30,0,25,37,0,21,21,0,282,29520,108,0,282,561,0,0,0,0,0,False,False,False
2016-05-01,0,25,36,0,21,21,0,283,29544,108,0,283,561,0,0,0,0,0,False,False,False
2016-05-02,0,25,36,0,21,21,0,284,29568,108,0,284,561,0,0,0,0,0,False,False,False
2016-05-03,0,26,37,0,21,21,0,285,29592,108,0,285,561,0,0,0,0,0,False,False,False
2016-05-04,0,26,37,0,21,21,0,286,29615,108,0,286,561,0,0,0,0,0,False,False,False
2016-05-05,0,26,37,0,21,21,0,287,29640,108,0,287,561,0,0,0,0,0,False,False,False
2016-05-06,0,26,37,0,21,21,0,287,29664,108,0,287,561,0,0,0,0,0,False,False,False
2016-05-07,0,26,37,0,21,21,0,287,29687,108,0,287,561,0,0,0,0,0,False,False,False
2016-05-08,0,26,37,0,21,21,0,288,29712,108,0,288,561,0,0,0,0,0,False,False,False
2016-05-09,0,27,37,0,21,21,0,289,29736,108,0,289,561,0,0,0,0,0,False,False,False
2016-05-10,0,27,37,0,21,21,0,290,29760,108,0,290,561,0,0,0,0,0,False,False,False
2016-05-11,0,27,37,0,21,21,0,290,29784,108,0,290,561,0,0,0,0,0,False,False,False
2016-05-12,0,27,37,0,21,21,0,290,29808,108,0,290,561,0,0,0,0,0,False,False,False
2016-05-13,0,27,37,0,21,21,0,290,29832,108,0,290,561,0,0,0,0,0,False,False,False
2016-05-14,0,26,37,0,21,21,0,291,29855,108,0,291,561,0,0,0,0,0,False,False,False
2016-05-15,0,26,37,0,21,21,0,291,29880,108,0,291,561,0,0,0,0,0,False,False,False
2016-05-16,0,27,37,0,21,21,0,291,29904,108,0,291,561,0,0,0,0,0,False,False,False
2016-05-17,0,27,37,0,21,21,0,292,29927,108,0,292,561,0,0,0,0,0,False,False,False
2016-05-18,0,27,37,0,21,21,0,293,29952,108,0,293,561,0,0,0,0,0,False,False,False
2016-05-19,0,27,37,0,21,21,0,293,29976,108,0,293,561,0,0,0,0,0,False,False,False
2016-05-20,0,26,37,0,21,21,0,294,30000,108,0,294,561,0,0,0,0,0,False,False,False
2016-05-21,0,26,37,0,21,21,0,294,30024,108,0,294,561,0,0,0,0,0,False,False,False
2016-05-22,0,26,37,0,21,21,0,295,30048,108,0,295,561,0,0,0,0,0,False,False,False
2016-05-23,0,26,37,0,21,21,0,295,30072,108,0,295,561,0,0,0,0,0,False,False,False
2016-05-24,0,27,37,0,21,21,0,296,30095,108,0,296,561,0,0,0,0,0,False,False,False
2016-05-25,0,27,37,0,21,21,0,296,30120,108,0,296,561,0,0,0,0,0,False,False,False
2016-05-26,0,26,37,0,21,21,0,296,30144,108,0,296,561,0,0,0,0,0,False,False,False
2016-05-27,0,27,37,0,22,22,0,298,30168,108,0,298,561,0,0,0,0,0,False,False,False
2016-05-28,0,27,37,0,22,22,0,298,30192,108,0,298,561,0,0,0,0,0,False,False,False
2016-05-29,0,27,37,0,22,22,0,298,30215,108,0,298,561,0,0,0,0,0,False,False,False
2016-05-30,0,28,37,0,22,22,0,298,30239,108,0,298,561,0,0,0,0,0,False,False,False
2016-05-31,0,28,37,0,22,22,0,298,30264,108,0,298,561,0,0,0,0,0,False,False,False
2016-06-01,0,29,37,0,22,22,0,299,30287,108,0,299,561,0,0,0,0,0,False,False,False
2016-06-02,0,28,37,0,22,22,0,299,30311,108,0,299,561,0,0,0,0,0,False,False,False
2016-06-03,0,28,37,0,22,22,0,300,30336,108,0,300,561,0,0,0,0,0,False,False,False
2016-06-04,0,28,37,0,22,22,0,300,30360,108,0,300,561,0,0,0,0,0,False,False,False
2016-06-05,0,28,37,0,22,22,0,300,30383,108,0,300,561,0,0,0,0,0,False,False,False
2016-06-06,0,28,37,0,22,22,0,301,30408,108,0,301,561,0,0,0,0,0,False,False,False
2016-06-07,0,28,37,0,22,22,0,301,30432,108,0,301,561,0,0,0,0,0,False,False,False
2016-06-08,0,28,37,0,22,22,0,301,30455,108,0,301,561,0,0,0,0,0,False,False,False
2016-06-09,0,28,37,0,22,22,0,302,30479,108,0,302,561,0,0,0,0,0,False,False,False
2016-06-10,0,28,37,0,22,22,0,302,30504,108,0,302,561,0,0,0,0,0,False,False,False
2016-06-11,0,28,37,0,22,22,0,303,30527,108,0,303,561,0,0,0,0,0,False,False,False
2016-06-12,0,28,37,0,22,22,0,303,30551,108,0,303,561,0,0,0,0,0,False,False,False
2016-06-13,0,28,37,0,22,22,0,304,30576,108,0,304,561,0,0,0,0,0,False,False,False
2016-06-14,0,28,37,0,22,22,0,304,30600,108,0,304,561,0,0,0,0,0,False,False,False
2016-06-15,0,26,37,0,22,22,0,305,30623,108,0,305,561,0,0,0,0,0,False,False,False
2016-06-16,0,27,37,0,22,22,0,305,30648,108,0,305,561,0,0,0,0,0,False,False,False
2016-06-17,0,27,37,0,22,22,0,306,30672,108,0,306,561,0,0,0,0,0,False,False,False
2016-06-18,0,28,37,0,22,22,0,306,30695,108,0,306,561,0,0,0,0,0,False,False,False
2016-06-19,0,26,37,0,22,22,0,306,30720,108,0,306,561,0,0,0,0,0,False,False,False
2016-06-20,0,27,37,0,22,22,0,307,30744,108,0,307,561,0,0,0,0,0,False,False,False
2016-06-21,0,29,37,0,22,22,0,308,30767,108,0,308,561,0,0,0,0,0,False,False,False
2016-06-22,0,30,37,0,22,22,0,308,30791,108,0,308,561,0,0,0,0,0,False,False,False
2016-06-23,0,30,37,0,22,22,0,309,30816,108,0,309,561,0,0,0,0,0,False,False,False
2016-06-24,0,30,37,0,22,22,0,310,30840,108,0,310,561,0,0,0,0,0,False,False,False
2016-06-25,0,30,37,0,22,22,0,311,30863,108,0,311,561,0,0,0,0,0,False,False,False
2016-06-26,0,30,37,0,22,22,0,311,30888,108,0,311,561,0,0,0,0,0,False,False,False
2016-06-27,0,30,37,0,22,22,0,312,30912,108,0,312,561,0,0,0,0,0,False,False,False
2016-06-28,0,31,37,0,22,22,0,313,30935,108,0,313,561,0,0,0,0,0,False,False,False
2016-06-29,0,30,37,0,22,22,0,313,30960,108,0,313,561,0,0,0,0,0,False,False,False
2016-06-30,0,31,37,0,22,22,0,314,30984,108,0,314,561,0,0,0,0,0,False,False,False
