date,failure,Smart 194: Temperature_Celsius (Raw Value),Smart 8: Seek_Time_Performance (Raw Value),Smart 1: Raw_Read_Error_Rate (Raw Value),Smart 12: Power_Cycle_Count (Raw Value),Smart 4: Start_Stop_Count (Raw Value),Smart 10: Spin_Retry_Count (Raw Value),Smart 192: Power-Off_Retract_Count (Raw Value),Smart 9: Power_On_Hours (Raw Value),Smart 2: Throughput_Performance (Raw Value),Smart 7: Seek_Error_Rate (Raw Value),Smart 193: Load_Cycle_Count (Raw Value),Smart 3: Spin_Up_Time (Raw Value),Smart 5: Reallocated_Sector_Ct (Raw Value),Smart 197: Current_Pending_Sector (Raw Value),Smart 198: Offline_Uncorrectable (Raw Value),Smart 199: UDMA_CRC_Error_Count (Raw Value),Smart 196: Reallocated_Event_Count (Raw Value),op_fail_30,op_fail_15,op_fail_1
2013-04-10,0,28,,0,,,,,4125,,,,,0,0,,,,False,False,False
2013-04-11,0,27,,0,,,,,4149,,,,,0,0,,,,False,False,False
2013-04-12,0,30,,0,,,,,4173,,,,,0,0,,,,False,False,False
2013-04-13,0,29,,0,,,,,4197,,,,,0,0,,,,False,False,False
2013-04-14,0,30,,0,,,,,4221,,,,,0,0,,,,False,False,False
2013-04-15,0,30,,0,,,,,4245,,,,,0,0,,,,False,False,False
2013-04-16,0,29,,0,,,,,4269,,,,,0,0,,,,False,False,False
2013-04-17,0,30,,0,,,,,4293,,,,,0,0,,,,False,False,False
2013-04-18,0,30,,1,,,,,4317,,,,,0,0,,,,False,False,False
2013-04-19,0,27,,1,,,,,4335,,,,,0,0,,,,False,False,False
2013-04-20,0,27,,0,,,,,4359,,,,,0,0,,,,False,False,False
2013-04-21,0,27,,0,,,,,4382,,,,,0,0,,,,False,False,False
2013-04-22,0,28,,0,,,,,4407,,,,,0,0,,,,False,False,False
2013-04-23,0,25,,0,,,,,4431,,,,,0,0,,,,False,False,False
2013-04-24,0,26,,0,,,,,4454,,,,,0,0,,,,False,False,False
2013-04-25,0,25,,0,,,,,4479,,,,,0,0,,,,False,False,False
2013-04-26,0,25,,0,,,,,4503,,,,,0,0,,,,False,False,False
2013-04-27,0,25,,0,,,,,4526,,,,,0,0,,,,False,False,False
2013-04-28,0,26,,0,,,,,4551,,,,,0,0,,,,False,False,False
2013-04-29,0,25,,0,,,,,4575,,,,,0,0,,,,False,False,False
2013-04-30,0,26,,0,,,,,4599,,,,,0,0,,,,False,False,False
2013-05-01,0,25,,0,,,,,4623,,,,,0,0,,,,False,False,False
2013-05-02,0,26,,0,,,,,4646,,,,,0,0,,,,False,False,False
2013-05-03,0,26,,0,,,,,4671,,,,,0,0,,,,False,False,False
2013-05-04,0,25,,0,,,,,4695,,,,,0,0,,,,False,False,False
2013-05-05,0,25,,0,,,,,4718,,,,,0,0,,,,False,False,False
2013-05-06,0,24,,0,,,,,4743,,,,,0,0,,,,False,False,False
2013-05-07,0,24,,0,,,,,4766,,,,,0,0,,,,False,False,False
2013-05-08,0,25,,0,,,,,4791,,,,,0,0,,,,False,False,False
2013-05-09,0,25,,0,,,,,4814,,,,,0,0,,,,False,False,False
2013-05-10,0,26,,0,,,,,4839,,,,,0,0,,,,False,False,False
2013-05-11,0,26,,0,,,,,4863,,,,,0,0,,,,False,False,False
2013-05-12,0,25,,0,,,,,4887,,,,,0,0,,,,False,False,False
2013-05-13,0,26,,0,,,,,4911,,,,,0,0,,,,False,False,False
2013-05-14,0,26,,0,,,,,4935,,,,,0,0,,,,False,False,False
2013-05-15,0,26,,0,,,,,4958,,,,,0,0,,,,False,False,False
2013-05-16,0,26,,0,,,,,4983,,,,,0,0,,,,False,False,False
2013-05-17,0,25,,0,,,,,5007,,,,,0,0,,,,False,False,False
2013-05-18,0,26,,0,,,,,5030,,,,,0,0,,,,False,False,False
2013-05-19,0,26,,0,,,,,5054,,,,,0,0,,,,False,False,False
2013-05-20,0,26,,0,,,,,5078,,,,,0,0,,,,False,False,False
2013-05-21,0,26,,0,,,,,5102,,,,,0,0,,,,False,False,False
2013-05-22,0,26,,0,,,,,5126,,,,,0,0,,,,False,False,False
2013-05-23,0,26,,0,,,,,5150,,,,,0,0,,,,False,False,False
2013-05-24,0,25,,0,,,,,5174,,,,,0,0,,,,False,False,False
2013-05-25,0,25,,0,,,,,5198,,,,,0,0,,,,False,False,False
2013-05-26,0,26,,0,,,,,5222,,,,,0,0,,,,False,False,False
2013-05-27,0,26,,0,,,,,5246,,,,,0,0,,,,False,False,False
2013-05-28,0,26,,0,,,,,5270,,,,,0,0,,,,False,False,False
2013-05-29,0,26,,0,,,,,5294,,,,,0,0,,,,False,False,False
2013-05-30,0,27,,0,,,,,5318,,,,,0,0,,,,False,False,False
2013-05-31,0,28,,0,,,,,5342,,,,,0,0,,,,False,False,False
2013-06-01,0,26,,0,,,,,5366,,,,,0,0,,,,False,False,False
2013-06-02,0,26,,0,,,,,5390,,,,,0,0,,,,False,False,False
2013-06-03,0,27,,0,,,,,5414,,,,,0,0,,,,False,False,False
2013-06-04,0,26,,0,,,,,5438,,,,,0,0,,,,False,False,False
2013-06-05,0,25,,0,,,,,5462,,,,,0,0,,,,False,False,False
2013-06-06,0,24,,0,,,,,5486,,,,,0,0,,,,False,False,False
2013-06-07,0,26,,0,,,,,5510,,,,,0,0,,,,False,False,False
2013-06-08,0,24,,0,,,,,5534,,,,,0,0,,,,False,False,False
2013-06-09,0,25,,0,,,,,5558,,,,,0,0,,,,False,False,False
2013-06-10,0,25,,65536,,,,,5582,,,,,0,0,,,,False,False,False
2013-06-11,0,24,,0,,,,,5607,,,,,0,0,,,,False,False,False
2013-06-12,0,25,,0,,,,,5630,,,,,0,0,,,,False,False,False
2013-06-13,0,26,,0,,,,,5654,,,,,0,0,,,,False,False,False
2013-06-14,0,26,,0,,,,,5678,,,,,0,0,,,,False,False,False
2013-06-15,0,26,,0,,,,,5702,,,,,0,0,,,,False,False,False
2013-06-16,0,26,,0,,,,,5726,,,,,0,0,,,,False,False,False
2013-06-17,0,25,,0,,,,,5751,,,,,0,0,,,,False,False,False
2013-06-18,0,24,,0,,,,,5774,,,,,0,0,,,,False,False,False
2013-06-19,0,23,,0,,,,,5798,,,,,0,0,,,,False,False,False
2013-06-20,0,25,,0,,,,,5822,,,,,0,0,,,,False,False,False
2013-06-21,0,24,,65536,,,,,5846,,,,,0,0,,,,False,False,False
2013-06-22,0,25,,0,,,,,5870,,,,,0,0,,,,False,False,False
2013-06-23,0,26,,0,,,,,5895,,,,,0,0,,,,False,False,False
2013-06-24,0,26,,0,,,,,5918,,,,,0,0,,,,False,False,False
2013-06-25,0,27,,0,,,,,5942,,,,,0,0,,,,False,False,False
2013-06-26,0,26,,0,,,,,5966,,,,,0,0,,,,False,False,False
2013-06-27,0,26,,0,,,,,5991,,,,,0,0,,,,False,False,False
2013-06-28,0,26,,0,,,,,6014,,,,,0,0,,,,False,False,False
2013-06-29,0,26,,0,,,,,6039,,,,,0,0,,,,False,False,False
2013-06-30,0,26,,0,,,,,6062,,,,,0,0,,,,False,False,False
2013-07-01,0,26,,65536,,,,,6086,,,,,0,0,,,,False,False,False
2013-07-02,0,26,,0,,,,,6110,,,,,0,0,,,,False,False,False
2013-07-03,0,26,,0,,,,,6134,,,,,0,0,,,,False,False,False
2013-07-04,0,26,,0,,,,,6158,,,,,0,0,,,,False,False,False
2013-07-05,0,26,,2,,,,,6182,,,,,0,0,,,,False,False,False
2013-07-06,0,26,,0,,,,,6206,,,,,0,0,,,,False,False,False
2013-07-07,0,26,,0,,,,,6230,,,,,0,0,,,,False,False,False
2013-07-08,0,26,,0,,,,,6254,,,,,0,0,,,,False,False,False
2013-07-09,0,26,,0,,,,,6279,,,,,0,0,,,,False,False,False
2013-07-10,0,26,,0,,,,,6302,,,,,0,0,,,,False,False,False
2013-07-11,0,26,,0,,,,,6327,,,,,0,0,,,,False,False,False
2013-07-12,0,26,,0,,,,,6350,,,,,0,0,,,,False,False,False
2013-07-13,0,26,,0,,,,,6374,,,,,0,0,,,,False,False,False
2013-07-14,0,26,,0,,,,,6398,,,,,0,0,,,,False,False,False
2013-07-15,0,26,,0,,,,,6422,,,,,0,0,,,,False,False,False
2013-07-16,0,26,,0,,,,,6447,,,,,0,0,,,,False,False,False
2013-07-17,0,26,,0,,,,,6470,,,,,0,0,,,,False,False,False
2013-07-18,0,23,,0,,,,,6495,,,,,0,0,,,,False,False,False
2013-07-19,0,27,,0,,,,,6519,,,,,0,0,,,,False,False,False
2013-07-20,0,27,,0,,,,,6543,,,,,0,0,,,,False,False,False
2013-07-21,0,27,,0,,,,,6566,,,,,0,0,,,,False,False,False
2013-07-22,0,27,,0,,,,,6591,,,,,0,0,,,,False,False,False
2013-07-23,0,26,,0,,,,,6614,,,,,0,0,,,,False,False,False
2013-07-24,0,24,,0,,,,,6639,,,,,0,0,,,,False,False,False
2013-07-25,0,25,,0,,,,,6662,,,,,0,0,,,,False,False,False
2013-07-26,0,24,,0,,,,,6686,,,,,0,0,,,,False,False,False
2013-07-27,0,23,,0,,,,,6710,,,,,0,0,,,,False,False,False
2013-07-28,0,25,,0,,,,,6734,,,,,0,0,,,,False,False,False
2013-07-29,0,24,,0,,,,,6759,,,,,0,0,,,,False,False,False
2013-07-30,0,25,,0,,,,,6782,,,,,0,0,,,,False,False,False
2013-07-31,0,25,,0,,,,,6806,,,,,0,0,,,,False,False,False
2013-08-01,0,26,,0,,,,,6830,,,,,0,0,,,,False,False,False
2013-08-02,0,26,,0,,,,,6855,,,,,0,0,,,,False,False,False
2013-08-03,0,26,,0,,,,,6878,,,,,0,0,,,,False,False,False
2013-08-04,0,26,,0,,,,,6902,,,,,0,0,,,,False,False,False
2013-08-05,0,26,,0,,,,,6927,,,,,0,0,,,,False,False,False
2013-08-06,0,25,,0,,,,,6950,,,,,0,0,,,,False,False,False
2013-08-07,0,26,,0,,,,,6975,,,,,0,0,,,,False,False,False
2013-08-08,0,25,,0,,,,,6998,,,,,0,0,,,,False,False,False
2013-08-09,0,25,,0,,,,,7022,,,,,0,0,,,,False,False,False
2013-08-10,0,25,,65536,,,,,7046,,,,,0,0,,,,False,False,False
2013-08-11,0,26,,0,,,,,7071,,,,,0,0,,,,False,False,False
2013-08-12,0,26,,0,,,,,7094,,,,,0,0,,,,False,False,False
2013-08-13,0,24,,1,,,,,7119,,,,,0,0,,,,False,False,False
2013-08-14,0,27,,0,,,,,7142,,,,,0,0,,,,False,False,False
2013-08-15,0,26,,0,,,,,7166,,,,,0,0,,,,False,False,False
2013-08-16,0,27,,0,,,,,7190,,,,,0,0,,,,False,False,False
2013-08-17,0,27,,0,,,,,7215,,,,,0,0,,,,False,False,False
2013-08-18,0,27,,0,,,,,7239,,,,,0,0,,,,False,False,False
2013-08-19,0,26,,0,,,,,7262,,,,,0,0,,,,False,False,False
2013-10-15,0,26,,0,,,,,8630,,,,,0,0,,,,False,False,False
2013-10-16,0,26,,0,,,,,8655,,,,,0,0,,,,False,False,False
2013-10-17,0,25,,0,,,,,8679,,,,,0,0,,,,False,False,False
2013-10-18,0,25,,0,,,,,8702,,,,,0,0,,,,False,False,False
2013-10-19,0,25,,0,,,,,8727,,,,,0,0,,,,False,False,False
2013-10-20,0,25,,0,,,,,8751,,,,,0,0,,,,False,False,False
2013-10-21,0,25,,0,,,,,8774,,,,,0,0,,,,False,False,False
2013-10-22,0,26,,0,,,,,8799,,,,,0,0,,,,False,False,False
2013-10-23,0,26,,0,,,,,8823,,,,,0,0,,,,False,False,False
2013-10-24,0,25,,0,,,,,8847,,,,,0,0,,,,False,False,False
2013-10-25,0,26,,1,,,,,8864,,,,,0,0,,,,False,False,False
2013-10-26,0,25,,65541,,,,,8888,,,,,0,0,,,,False,False,False
2013-10-27,0,25,,327682,,,,,8912,,,,,0,0,,,,False,False,False
2013-10-28,0,25,,131072,,,,,8936,,,,,0,0,,,,False,False,False
2013-10-29,0,25,,0,,,,,8960,,,,,0,0,,,,False,False,False
2013-10-30,0,25,,0,,,,,8984,,,,,0,0,,,,False,False,False
2013-10-31,0,25,,0,,,,,9007,,,,,0,0,,,,False,False,False
2013-11-01,0,25,,0,,,,,9031,,,,,0,0,,,,False,False,False
2013-11-02,0,25,,0,,,,,9055,,,,,0,0,,,,False,False,False
2013-11-03,0,25,,0,,,,,9079,,,,,0,0,,,,False,False,False
2013-11-04,0,25,,0,,,,,9104,,,,,0,0,,,,False,False,False
2013-11-05,0,24,,0,,,,,9128,,,,,0,0,,,,False,False,False
2013-11-06,0,25,,0,,,,,9152,,,,,0,0,,,,False,False,False
2013-11-07,0,25,,0,,,,,9176,,,,,0,0,,,,False,False,False
2013-11-08,0,24,,0,,,,,9200,,,,,0,0,,,,False,False,False
2013-11-09,0,26,,0,,,,,9224,,,,,0,0,,,,False,False,False
2013-11-10,0,25,,0,,,,,9248,,,,,0,0,,,,False,False,False
2013-11-11,0,25,,0,,,,,9272,,,,,0,0,,,,False,False,False
2013-11-12,0,25,,0,,,,,9296,,,,,0,0,,,,False,False,False
2013-11-13,0,24,,0,,,,,9320,,,,,0,0,,,,False,False,False
2013-11-14,0,26,,0,,,,,9344,,,,,0,0,,,,False,False,False
2013-11-15,0,26,,0,,,,,9368,,,,,0,0,,,,False,False,False
2013-11-16,0,25,,0,,,,,9392,,,,,0,0,,,,False,False,False
2013-11-17,0,26,,0,,,,,9416,,,,,0,0,,,,False,False,False
2013-11-18,0,25,,0,,,,,9440,,,,,0,0,,,,False,False,False
2013-11-19,0,26,,0,,,,,9464,,,,,0,0,,,,False,False,False
2013-11-20,0,26,,0,,,,,9488,,,,,0,0,,,,False,False,False
2013-11-21,0,26,,0,,,,,9509,,,,,0,0,,,,False,False,False
2013-11-22,0,25,,0,,,,,9533,,,,,0,0,,,,False,False,False
2013-11-23,0,25,,0,,,,,9557,,,,,0,0,,,,False,False,False
2013-11-24,0,25,,0,,,,,9581,,,,,0,0,,,,False,False,False
2013-11-25,0,25,,0,,,,,9605,,,,,0,0,,,,False,False,False
2013-11-26,0,26,,1,,,,,9629,,,,,0,0,,,,False,False,False
2013-11-27,0,26,,0,,,,,9653,,,,,0,0,,,,False,False,False
2013-11-28,0,27,,0,,,,,9677,,,,,0,0,,,,False,False,False
2013-11-29,0,25,,0,,,,,9701,,,,,0,0,,,,False,False,False
2013-11-30,0,26,,0,,,,,9725,,,,,0,0,,,,False,False,False
2013-12-01,0,26,,0,,,,,9749,,,,,0,0,,,,False,False,False
2013-12-02,0,26,,0,,,,,9773,,,,,0,0,,,,False,False,False
2013-12-03,0,26,,0,,,,,9797,,,,,0,0,,,,False,False,False
2013-12-04,0,25,,0,,,,,9821,,,,,0,0,,,,False,False,False
2013-12-05,0,25,,0,,,,,9845,,,,,0,0,,,,False,False,False
2013-12-06,0,25,,0,,,,,9869,,,,,0,0,,,,False,False,False
2013-12-07,0,25,,0,,,,,9893,,,,,0,0,,,,False,False,False
2013-12-08,0,25,,0,,,,,9917,,,,,0,0,,,,False,False,False
2013-12-09,0,25,,0,,,,,9941,,,,,0,0,,,,False,False,False
2013-12-10,0,26,,1,,,,,9965,,,,,0,0,,,,False,False,False
2013-12-11,0,25,,0,,,,,9989,,,,,0,0,,,,False,False,False
2013-12-12,0,25,,0,,,,,10013,,,,,0,0,,,,False,False,False
2013-12-13,0,25,,1,,,,,10037,,,,,0,0,,,,False,False,False
2013-12-14,0,26,,0,,,,,10061,,,,,0,0,,,,False,False,False
2013-12-15,0,25,,0,,,,,10085,,,,,0,0,,,,False,False,False
2013-12-16,0,24,,0,,,,,10109,,,,,0,0,,,,False,False,False
2013-12-17,0,25,,0,,,,,10133,,,,,0,0,,,,False,False,False
2013-12-18,0,25,,0,,,,,10157,,,,,0,0,,,,False,False,False
2013-12-19,0,26,,0,,,,,10181,,,,,0,0,,,,False,False,False
2013-12-20,0,25,,0,,,,,10205,,,,,0,0,,,,False,False,False
2013-12-21,0,25,,0,,,,,10229,,,,,0,0,,,,False,False,False
2013-12-22,0,25,,0,,,,,10253,,,,,0,0,,,,False,False,False
2013-12-23,0,25,,0,,,,,10277,,,,,0,0,,,,False,False,False
2013-12-24,0,25,,0,,,,,10301,,,,,0,0,,,,False,False,False
2013-12-25,0,25,,0,,,,,10325,,,,,0,0,,,,False,False,False
2013-12-26,0,26,,0,,,,,10349,,,,,0,0,,,,False,False,False
2013-12-27,0,26,,0,,,,,10373,,,,,0,0,,,,False,False,False
2013-12-28,0,24,,0,,,,,10397,,,,,0,0,,,,False,False,False
2013-12-29,0,25,,0,,,,,10421,,,,,0,0,,,,False,False,False
2013-12-30,0,25,,0,,,,,10445,,,,,0,0,,,,False,False,False
2013-12-31,0,29,,0,,,,,10469,,,,,0,0,,,,False,False,False
2014-01-01,0,25,,0,,,,,10493,,,,,0,0,,,,False,False,False
2014-01-02,0,29,,0,,,,,10517,,,,,0,0,,,,False,False,False
2014-01-03,0,30,,0,,,,,10541,,,,,0,0,,,,False,False,False
2014-01-04,0,29,,0,,,,,10565,,,,,0,0,,,,False,False,False
2014-01-05,0,29,,0,,,,,10589,,,,,0,0,,,,False,False,False
2014-01-06,0,26,,0,,,,,10613,,,,,0,0,,,,False,False,False
2014-01-07,0,29,,0,,,,,10637,,,,,0,0,,,,False,False,False
2014-01-08,0,29,,0,,,,,10661,,,,,0,0,,,,False,False,False
2014-01-09,0,26,,0,,,,,10685,,,,,0,0,,,,False,False,False
2014-01-10,0,25,,0,,,,,10709,,,,,0,0,,,,False,False,False
2014-01-11,0,25,,0,,,,,10733,,,,,0,0,,,,False,False,False
2014-01-12,0,27,,0,,,,,10757,,,,,0,0,,,,False,False,False
2014-01-13,0,25,,0,,,,,10781,,,,,0,0,,,,False,False,False
2014-01-14,0,26,,0,,,,,10805,,,,,0,0,,,,False,False,False
2014-01-15,0,25,,0,,,,,10829,,,,,0,0,,,,False,False,False
2014-01-16,0,25,,0,,,,,10853,,,,,0,0,,,,False,False,False
2014-01-17,0,25,,0,,,,,10877,,,,,0,0,,,,False,False,False
2014-01-18,0,26,,0,,,,,10901,,,,,0,0,,,,False,False,False
2014-01-19,0,25,,0,,,,,10925,,,,,0,0,,,,False,False,False
2014-01-20,0,25,,0,,,,,10949,,,,,0,0,,,,False,False,False
2014-01-21,0,26,,0,,,,,10973,,,,,0,0,,,,False,False,False
2014-01-22,0,26,,0,,,,,10997,,,,,0,0,,,,False,False,False
2014-01-23,0,25,,0,,,,,11021,,,,,0,0,,,,False,False,False
2014-01-24,0,25,,0,,,,,11045,,,,,0,0,,,,False,False,False
2014-01-25,0,25,,0,,,,,11069,,,,,0,0,,,,False,False,False
2014-01-26,0,25,,0,,,,,11093,,,,,0,0,,,,False,False,False
2014-01-27,0,26,,0,,,,,11117,,,,,0,0,,,,False,False,False
2014-01-28,0,25,,0,,,,,11141,,,,,0,0,,,,False,False,False
2014-01-29,0,27,,0,,,,,11165,,,,,0,0,,,,False,False,False
2014-01-30,0,28,,0,,,,,11189,,,,,0,0,,,,False,False,False
2014-01-31,0,27,,0,,,,,11213,,,,,0,0,,,,False,False,False
2014-02-01,0,26,,0,,,,,11237,,,,,0,0,,,,False,False,False
2014-02-02,0,26,,0,,,,,11261,,,,,0,0,,,,False,False,False
2014-02-03,0,27,,0,,,,,11285,,,,,0,0,,,,False,False,False
2014-02-04,0,27,,0,,,,,11309,,,,,0,0,,,,False,False,False
2014-02-05,0,27,,0,,,,,11333,,,,,0,0,,,,False,False,False
2014-02-06,0,27,,0,,,,,11356,,,,,0,0,,,,False,False,False
2014-02-07,0,27,,0,,,,,11379,,,,,0,0,,,,False,False,False
2014-02-08,0,27,,0,,,,,11403,,,,,0,0,,,,False,False,False
2014-02-09,0,28,,0,,,,,11428,,,,,0,0,,,,False,False,False
2014-02-10,0,31,,0,,,,,11452,,,,,0,0,,,,False,False,False
2014-02-11,0,30,,0,,,,,11475,,,,,0,0,,,,False,False,False
2014-02-12,0,30,,0,,,,,11500,,,,,0,0,,,,False,False,False
2014-02-13,0,30,,0,,,,,11523,,,,,0,0,,,,False,False,False
2014-02-14,0,30,36,0,14,14,0,105,11547,100,0,105,560,0,0,0,0,0,False,False,False
2014-02-15,0,30,36,0,14,14,0,105,11572,100,0,105,560,0,0,0,0,0,False,False,False
2014-02-16,0,30,36,0,14,14,0,105,11595,100,0,105,560,0,0,0,0,0,False,False,False
2014-02-17,0,28,36,0,14,14,0,105,11619,100,0,105,560,0,0,0,0,0,False,False,False
2014-02-18,0,29,36,0,14,14,0,105,11643,100,0,105,560,0,0,0,0,0,False,False,False
2014-02-19,0,28,36,0,14,14,0,105,11667,100,0,105,560,0,0,0,0,0,False,False,False
2014-02-20,0,28,36,0,14,14,0,105,11691,100,0,105,560,0,0,0,0,0,False,False,False
2014-02-21,0,28,36,0,14,14,0,105,11715,100,0,105,560,0,0,0,0,0,False,False,False
2014-02-22,0,30,36,0,14,14,0,105,11740,100,0,105,560,0,0,0,0,0,False,False,False
2014-02-23,0,30,36,0,14,14,0,105,11763,100,0,105,560,0,0,0,0,0,False,False,False
2014-02-24,0,29,36,0,14,14,0,105,11787,100,0,105,560,0,0,0,0,0,False,False,False
2014-02-25,0,29,36,0,14,14,0,105,11812,100,0,105,560,0,0,0,0,0,False,False,False
2014-02-26,0,29,36,0,14,14,0,105,11835,100,0,105,560,0,0,0,0,0,False,False,False
2014-02-27,0,29,36,0,14,14,0,105,11859,100,0,105,560,0,0,0,0,0,False,False,False
2014-02-28,0,29,36,0,15,15,0,107,11883,100,0,107,559,0,0,0,0,0,False,False,False
2014-03-01,0,28,36,0,15,15,0,108,11907,100,0,108,559,0,0,0,0,0,False,False,False
2014-03-02,0,28,36,0,15,15,0,109,11931,100,0,109,559,0,0,0,0,0,False,False,False
2014-03-03,0,28,36,0,15,15,0,109,11955,100,0,109,559,0,0,0,0,0,False,False,False
2014-03-04,0,28,36,0,15,15,0,110,11979,100,0,110,559,0,0,0,0,0,False,False,False
2014-03-05,0,29,36,0,15,15,0,111,12003,100,0,111,559,0,0,0,0,0,False,False,False
2014-03-06,0,29,36,0,15,15,0,111,12027,100,0,111,559,0,0,0,0,0,False,False,False
2014-03-07,0,29,36,0,15,15,0,111,12051,100,0,111,559,0,0,0,0,0,False,False,False
2014-03-08,0,28,36,0,15,15,0,111,12075,100,0,111,559,0,0,0,0,0,False,False,False
2014-03-09,0,29,36,0,15,15,0,111,12099,100,0,111,559,0,0,0,0,0,False,False,False
2014-03-10,0,30,36,0,15,15,0,111,12123,100,0,111,559,0,0,0,0,0,False,False,False
2014-03-11,0,30,36,0,15,15,0,111,12146,100,0,111,559,0,0,0,0,0,False,False,False
2014-03-12,0,27,36,0,15,15,0,111,12170,100,0,111,559,0,0,0,0,0,False,False,False
2014-03-13,0,28,36,0,15,15,0,111,12194,100,0,111,559,0,0,0,0,0,False,False,False
2014-03-14,0,28,36,0,15,15,0,111,12218,100,0,111,559,0,0,0,0,0,False,False,False
2014-03-15,0,29,36,0,15,15,0,111,12242,100,0,111,559,0,0,0,0,0,False,False,False
2014-03-16,0,29,36,1,15,15,0,111,12266,100,0,111,559,0,0,0,0,0,False,False,False
2014-03-17,0,29,36,0,15,15,0,111,12290,100,0,111,559,0,0,0,0,0,False,False,False
2014-03-18,0,29,36,0,15,15,0,111,12314,100,0,111,559,0,0,0,0,0,False,False,False
2014-03-19,0,27,36,0,15,15,0,111,12338,100,0,111,559,0,0,0,0,0,False,False,False
2014-03-20,0,29,36,0,15,15,0,111,12362,100,0,111,559,0,0,0,0,0,False,False,False
2014-03-21,0,28,36,0,15,15,0,111,12386,100,0,111,559,0,0,0,0,0,False,False,False
2014-03-22,0,30,36,0,15,15,0,111,12410,100,0,111,559,0,0,0,0,0,False,False,False
2014-03-23,0,30,36,0,15,15,0,111,12434,100,0,111,559,0,0,0,0,0,False,False,False
2014-03-24,0,29,36,0,15,15,0,111,12458,100,0,111,559,0,0,0,0,0,False,False,False
2014-03-25,0,29,36,0,15,15,0,111,12482,100,0,111,559,0,0,0,0,0,False,False,False
2014-03-26,0,29,36,0,15,15,0,111,12506,100,0,111,559,0,0,0,0,0,False,False,False
2014-03-27,0,28,36,0,15,15,0,111,12530,100,0,111,559,0,0,0,0,0,False,False,False
2014-03-28,0,29,36,0,15,15,0,111,12554,100,0,111,559,0,0,0,0,0,False,False,False
2014-03-29,0,29,36,0,15,15,0,111,12578,100,0,111,559,0,0,0,0,0,False,False,False
2014-03-30,0,29,36,0,15,15,0,111,12602,100,0,111,559,0,0,0,0,0,False,False,False
2014-03-31,0,29,36,0,15,15,0,111,12626,100,0,111,559,0,0,0,0,0,False,False,False
2014-04-01,0,29,36,0,15,15,0,111,12650,100,0,111,559,0,0,0,0,0,False,False,False
2014-04-02,0,28,36,0,15,15,0,111,12674,100,0,111,559,0,0,0,0,0,False,False,False
2014-04-03,0,29,36,0,15,15,0,111,12698,100,0,111,559,0,0,0,0,0,False,False,False
2014-04-04,0,28,36,0,15,15,0,111,12722,100,0,111,559,0,0,0,0,0,False,False,False
2014-04-05,0,29,36,0,15,15,0,111,12746,100,0,111,559,0,0,0,0,0,False,False,False
2014-04-06,0,29,36,0,15,15,0,111,12770,100,0,111,559,0,0,0,0,0,False,False,False
2014-04-07,0,28,36,0,15,15,0,111,12794,100,0,111,559,0,0,0,0,0,False,False,False
2014-04-08,0,27,36,0,15,15,0,111,12818,100,0,111,559,0,0,0,0,0,False,False,False
2014-04-09,0,28,36,0,15,15,0,111,12842,100,0,111,559,0,0,0,0,0,False,False,False
2014-04-10,0,29,36,65536,15,15,0,111,12866,100,0,111,559,0,0,0,0,0,False,False,False
2014-04-11,0,27,36,0,15,15,0,111,12890,100,0,111,559,0,0,0,0,0,False,False,False
2014-04-12,0,28,36,0,15,15,0,111,12914,100,0,111,559,0,0,0,0,0,False,False,False
2014-04-13,0,28,36,0,15,15,0,111,12938,100,0,111,559,0,0,0,0,0,False,False,False
2014-04-14,0,28,36,0,15,15,0,111,12962,100,0,111,559,0,0,0,0,0,False,False,False
2014-04-15,0,30,36,0,15,15,0,111,12986,100,0,111,559,0,0,0,0,0,False,False,False
2014-04-16,0,30,36,1,15,15,0,111,13010,100,0,111,559,0,0,0,0,0,False,False,False
2014-04-17,0,30,36,0,15,15,0,111,13034,100,0,111,559,0,0,0,0,0,False,False,False
2014-04-18,0,30,36,0,15,15,0,111,13058,100,0,111,559,0,0,0,0,0,False,False,False
2014-04-19,0,30,36,0,15,15,0,111,13082,100,0,111,559,0,0,0,0,0,False,False,False
2014-04-20,0,30,36,0,15,15,0,111,13106,100,0,111,559,0,0,0,0,0,False,False,False
2014-04-21,0,31,36,0,15,15,0,111,13130,100,0,111,559,0,0,0,0,0,False,False,False
2014-04-22,0,29,36,0,15,15,0,111,13154,100,0,111,559,0,0,0,0,0,False,False,False
2014-04-23,0,30,36,0,15,15,0,111,13178,100,0,111,559,0,0,0,0,0,False,False,False
2014-04-24,0,30,36,0,15,15,0,111,13202,100,0,111,559,0,0,0,0,0,False,False,False
2014-04-25,0,30,36,0,15,15,0,111,13226,100,0,111,559,0,0,0,0,0,False,False,False
2014-04-26,0,29,36,0,15,15,0,111,13250,100,0,111,559,0,0,0,0,0,False,False,False
2014-04-27,0,29,36,0,15,15,0,111,13274,100,0,111,559,0,0,0,0,0,False,False,False
2014-04-28,0,29,36,0,15,15,0,111,13298,100,0,111,559,0,0,0,0,0,False,False,False
2014-04-29,0,29,36,0,15,15,0,111,13322,100,0,111,559,0,0,0,0,0,False,False,False
2014-04-30,0,29,36,0,15,15,0,111,13346,100,0,111,559,0,0,0,0,0,False,False,False
2014-05-01,0,29,36,0,15,15,0,111,13370,100,0,111,559,0,0,0,0,0,False,False,False
2014-05-02,0,29,36,0,15,15,0,111,13394,100,0,111,559,0,0,0,0,0,False,False,False
2014-05-03,0,29,36,0,15,15,0,111,13418,100,0,111,559,0,0,0,0,0,False,False,False
2014-05-04,0,28,36,0,15,15,0,111,13442,100,0,111,559,0,0,0,0,0,False,False,False
2014-05-05,0,28,36,0,15,15,0,111,13466,100,0,111,559,0,0,0,0,0,False,False,False
2014-05-06,0,27,36,0,15,15,0,111,13490,100,0,111,559,0,0,0,0,0,False,False,False
2014-05-07,0,27,37,0,15,15,0,111,13514,100,0,111,559,0,0,0,0,0,False,False,False
2014-05-08,0,26,37,0,15,15,0,111,13538,100,0,111,559,0,0,0,0,0,False,False,False
2014-05-09,0,26,37,0,15,15,0,112,13562,100,0,112,559,0,0,0,0,0,False,False,False
2014-05-10,0,27,37,0,15,15,0,112,13586,100,0,112,559,0,0,0,0,0,False,False,False
2014-05-11,0,26,37,0,15,15,0,112,13610,100,0,112,559,0,0,0,0,0,False,False,False
2014-05-12,0,26,37,1,15,15,0,112,13634,100,0,112,559,0,0,0,0,0,False,False,False
2014-05-13,0,27,37,0,15,15,0,112,13658,100,0,112,559,0,0,0,0,0,False,False,False
2014-05-14,0,26,37,0,15,15,0,112,13682,100,0,112,559,0,0,0,0,0,False,False,False
2014-05-15,0,26,37,0,15,15,0,112,13706,100,0,112,559,0,0,0,0,0,False,False,False
2014-05-16,0,26,37,0,15,15,0,112,13730,100,0,112,559,0,0,0,0,0,False,False,False
2014-05-17,0,26,37,0,15,15,0,112,13754,100,0,112,559,0,0,0,0,0,False,False,False
2014-05-18,0,26,37,0,15,15,0,112,13778,100,0,112,559,0,0,0,0,0,False,False,False
2014-05-19,0,26,37,0,15,15,0,112,13802,100,0,112,559,0,0,0,0,0,False,False,False
2014-05-20,0,26,37,0,15,15,0,112,13826,100,0,112,559,0,0,0,0,0,False,False,False
2014-05-21,0,26,37,0,15,15,0,112,13850,100,0,112,559,0,0,0,0,0,False,False,False
2014-05-22,0,26,36,0,15,15,0,113,13874,100,0,113,559,0,0,0,0,0,False,False,False
2014-05-23,0,26,36,0,15,15,0,114,13898,100,0,114,559,0,0,0,0,0,False,False,False
2014-05-24,0,26,36,0,15,15,0,114,13922,100,0,114,559,0,0,0,0,0,False,False,False
2014-05-25,0,26,36,0,15,15,0,114,13946,100,0,114,559,0,0,0,0,0,False,False,False
2014-05-26,0,25,36,0,15,15,0,114,13970,100,0,114,559,0,0,0,0,0,False,False,False
2014-05-27,0,26,36,65536,15,15,0,114,13994,100,0,114,559,0,0,0,0,0,False,False,False
2014-05-28,0,26,36,0,15,15,0,114,14018,100,0,114,559,0,0,0,0,0,False,False,False
2014-05-29,0,25,36,0,15,15,0,114,14042,100,0,114,559,0,0,0,0,0,False,False,False
2014-05-30,0,26,36,1,15,15,0,114,14066,100,0,114,559,0,0,0,0,0,False,False,False
2014-05-31,0,25,36,0,15,15,0,114,14090,100,0,114,559,0,0,0,0,0,False,False,False
2014-06-01,0,26,36,0,15,15,0,114,14114,100,0,114,559,0,0,0,0,0,False,False,False
2014-06-02,0,26,36,0,15,15,0,114,14138,100,0,114,559,0,0,0,0,0,False,False,False
2014-06-03,0,26,36,0,15,15,0,114,14162,100,0,114,559,0,0,0,0,0,False,False,False
2014-06-04,0,26,36,0,15,15,0,114,14186,100,0,114,559,0,0,0,0,0,False,False,False
2014-06-05,0,26,36,0,15,15,0,114,14210,100,0,114,559,0,0,0,0,0,False,False,False
2014-06-06,0,26,36,1,15,15,0,114,14234,100,0,114,559,0,0,0,0,0,False,False,False
2014-06-07,0,26,36,0,15,15,0,114,14258,100,0,114,559,0,0,0,0,0,False,False,False
2014-06-08,0,26,36,0,15,15,0,114,14282,100,0,114,559,0,0,0,0,0,False,False,False
2014-06-09,0,26,36,0,15,15,0,114,14306,100,0,114,559,0,0,0,0,0,False,False,False
2014-06-10,0,26,36,0,15,15,0,114,14330,100,0,114,559,0,0,0,0,0,False,False,False
2014-06-11,0,26,36,0,15,15,0,114,14354,100,0,114,559,0,0,0,0,0,False,False,False
2014-06-12,0,26,36,0,15,15,0,114,14378,100,0,114,559,0,0,0,0,0,False,False,False
2014-06-13,0,26,36,0,15,15,0,114,14402,100,0,114,559,0,0,0,0,0,False,False,False
2014-06-14,0,26,36,0,15,15,0,114,14426,100,0,114,559,0,0,0,0,0,False,False,False
2014-06-15,0,26,37,0,15,15,0,114,14450,100,0,114,559,0,0,0,0,0,False,False,False
2014-06-16,0,26,37,0,15,15,0,115,14474,100,0,115,559,0,0,0,0,0,False,False,False
2014-06-17,0,26,37,0,15,15,0,115,14498,100,0,115,559,0,0,0,0,0,False,False,False
2014-06-18,0,26,37,0,15,15,0,115,14522,100,0,115,559,0,0,0,0,0,False,False,False
2014-06-23,0,26,37,0,15,15,0,116,14642,100,0,116,559,0,0,0,0,0,False,False,False
2014-06-24,0,26,37,0,15,15,0,116,14666,100,0,116,559,0,0,0,0,0,False,False,False
2014-06-25,0,26,37,0,15,15,0,116,14690,100,0,116,559,0,0,0,0,0,False,False,False
2014-06-26,0,26,37,0,15,15,0,116,14714,100,0,116,559,0,0,0,0,0,False,False,False
2014-06-27,0,26,37,0,15,15,0,116,14738,100,0,116,559,0,0,0,0,0,False,False,False
2014-06-28,0,26,37,0,15,15,0,116,14762,100,0,116,559,0,0,0,0,0,False,False,False
2014-06-29,0,26,37,0,15,15,0,116,14786,100,0,116,559,0,0,0,0,0,False,False,False
2014-06-30,0,26,37,0,15,15,0,116,14810,100,0,116,559,0,0,0,0,0,False,False,False
2014-07-01,0,26,37,0,15,15,0,116,14834,100,0,116,559,0,0,0,0,0,False,False,False
2014-07-02,0,26,37,0,15,15,0,116,14858,100,0,116,559,0,0,0,0,0,False,False,False
2014-07-03,0,26,37,0,15,15,0,116,14882,100,0,116,559,0,0,0,0,0,False,False,False
2014-07-04,0,25,37,0,15,15,0,116,14906,100,0,116,559,0,0,0,0,0,False,False,False
2014-07-05,0,26,37,0,15,15,0,116,14930,100,0,116,559,0,0,0,0,0,False,False,False
2014-07-06,0,26,37,0,15,15,0,116,14954,100,0,116,559,0,0,0,0,0,False,False,False
2014-07-07,0,26,37,0,15,15,0,116,14978,100,0,116,559,0,0,0,0,0,False,False,False
2014-07-08,0,26,37,0,15,15,0,116,15002,100,0,116,559,0,0,0,0,0,False,False,False
2014-07-09,0,26,37,0,15,15,0,116,15026,100,0,116,559,0,0,0,0,0,False,False,False
2014-07-10,0,26,37,0,15,15,0,116,15050,100,0,116,559,0,0,0,0,0,False,False,False
2014-07-11,0,23,37,0,15,15,0,116,15074,100,0,116,559,0,0,0,0,0,False,False,False
2014-07-12,0,23,37,0,15,15,0,116,15098,100,0,116,559,0,0,0,0,0,False,False,False
2014-07-13,0,23,37,0,15,15,0,116,15122,100,0,116,559,0,0,0,0,0,False,False,False
2014-07-14,0,24,37,0,15,15,0,116,15146,100,0,116,559,0,0,0,0,0,False,False,False
2014-07-15,0,23,37,0,15,15,0,116,15170,100,0,116,559,0,0,0,0,0,False,False,False
2014-07-16,0,23,37,0,15,15,0,116,15194,100,0,116,559,0,0,0,0,0,False,False,False
2014-07-17,0,23,37,0,15,15,0,116,15218,100,0,116,559,0,0,0,0,0,False,False,False
2014-07-18,0,23,37,0,15,15,0,116,15242,100,0,116,559,0,0,0,0,0,False,False,False
2014-07-19,0,23,37,0,15,15,0,116,15266,100,0,116,559,0,0,0,0,0,False,False,False
2014-07-20,0,23,37,0,15,15,0,116,15290,100,0,116,559,0,0,0,0,0,False,False,False
2014-07-21,0,23,37,0,15,15,0,116,15314,100,0,116,559,0,0,0,0,0,False,False,False
2014-07-22,0,23,37,0,15,15,0,116,15338,100,0,116,559,0,0,0,0,0,False,False,False
2014-07-23,0,23,37,0,15,15,0,117,15362,100,0,117,559,0,0,0,0,0,False,False,False
2014-07-24,0,23,37,0,15,15,0,118,15386,100,0,118,559,0,0,0,0,0,False,False,False
2014-07-25,0,23,37,0,15,15,0,119,15410,100,0,119,559,0,0,0,0,0,False,False,False
2014-07-26,0,23,37,0,15,15,0,119,15434,100,0,119,559,0,0,0,0,0,False,False,False
2014-07-27,0,23,37,0,15,15,0,119,15458,100,0,119,559,0,0,0,0,0,False,False,False
2014-07-28,0,23,37,0,15,15,0,119,15482,100,0,119,559,0,0,0,0,0,False,False,False
2014-07-29,0,25,37,0,15,15,0,119,15506,100,0,119,559,0,0,0,0,0,False,False,False
2014-07-30,0,23,37,0,15,15,0,119,15530,100,0,119,559,0,0,0,0,0,False,False,False
2014-07-31,0,23,37,0,15,15,0,119,15554,100,0,119,559,0,0,0,0,0,False,False,False
2014-08-01,0,24,36,0,15,15,0,119,15578,100,0,119,559,0,0,0,0,0,False,False,False
2014-08-02,0,24,36,0,15,15,0,120,15602,100,0,120,559,0,0,0,0,0,False,False,False
2014-08-03,0,23,36,0,15,15,0,120,15626,100,0,120,559,0,0,0,0,0,False,False,False
2014-08-04,0,23,36,0,15,15,0,120,15650,100,0,120,559,0,0,0,0,0,False,False,False
2014-08-05,0,23,36,0,15,15,0,120,15674,100,0,120,559,0,0,0,0,0,False,False,False
2014-08-06,0,24,36,0,15,15,0,120,15698,100,0,120,559,0,0,0,0,0,False,False,False
2014-08-07,0,23,36,0,15,15,0,120,15722,100,0,120,559,0,0,0,0,0,False,False,False
2014-08-08,0,23,36,0,15,15,0,120,15746,100,0,120,559,0,0,0,0,0,False,False,False
2014-08-09,0,23,36,0,15,15,0,120,15770,100,0,120,559,0,0,0,0,0,False,False,False
2014-08-10,0,23,36,0,15,15,0,120,15794,100,0,120,559,0,0,0,0,0,False,False,False
2014-08-11,0,23,36,0,15,15,0,120,15818,100,0,120,559,0,0,0,0,0,False,False,False
2014-08-12,0,23,36,0,15,15,0,120,15842,100,0,120,559,0,0,0,0,0,False,False,False
2014-08-13,0,23,36,0,15,15,0,120,15866,100,0,120,559,0,0,0,0,0,False,False,False
2014-08-14,0,23,36,0,15,15,0,120,15890,100,0,120,559,0,0,0,0,0,False,False,False
2014-08-15,0,23,36,0,15,15,0,120,15914,100,0,120,559,0,0,0,0,0,False,False,False
2014-08-16,0,23,36,0,15,15,0,120,15938,100,0,120,559,0,0,0,0,0,False,False,False
2014-08-17,0,23,36,0,15,15,0,120,15962,100,0,120,559,0,0,0,0,0,False,False,False
2014-08-18,0,23,36,0,15,15,0,120,15986,100,0,120,559,0,0,0,0,0,False,False,False
2014-08-19,0,23,36,0,15,15,0,120,16010,100,0,120,559,0,0,0,0,0,False,False,False
2014-08-20,0,23,36,0,15,15,0,120,16034,100,0,120,559,0,0,0,0,0,False,False,False
2014-08-21,0,23,36,0,15,15,0,120,16058,100,0,120,559,0,0,0,0,0,False,False,False
2014-08-22,0,24,36,0,15,15,0,121,16082,100,0,121,559,0,0,0,0,0,False,False,False
2014-08-23,0,24,36,0,15,15,0,121,16106,100,0,121,559,0,0,0,0,0,False,False,False
2014-08-24,0,24,36,0,15,15,0,121,16130,100,0,121,559,0,0,0,0,0,False,False,False
2014-08-25,0,23,36,0,15,15,0,121,16154,100,0,121,559,0,0,0,0,0,False,False,False
2014-08-26,0,23,36,0,15,15,0,121,16178,100,0,121,559,0,0,0,0,0,False,False,False
2014-08-27,0,23,36,0,15,15,0,121,16202,100,0,121,559,0,0,0,0,0,False,False,False
2014-08-28,0,24,36,0,15,15,0,121,16226,100,0,121,559,0,0,0,0,0,False,False,False
2014-08-29,0,23,36,0,15,15,0,121,16250,100,0,121,559,0,0,0,0,0,False,False,False
2014-08-30,0,24,36,0,15,15,0,121,16274,100,0,121,559,0,0,0,0,0,False,False,False
2014-08-31,0,23,36,0,15,15,0,121,16298,100,0,121,559,0,0,0,0,0,False,False,False
2014-09-01,0,24,36,0,15,15,0,121,16322,100,0,121,559,0,0,0,0,0,False,False,False
2014-09-02,0,23,36,0,15,15,0,121,16347,100,0,121,559,0,0,0,0,0,False,False,False
2014-09-03,0,23,36,0,15,15,0,121,16370,100,0,121,559,0,0,0,0,0,False,False,False
2014-09-04,0,24,36,0,15,15,0,121,16394,100,0,121,559,0,0,0,0,0,False,False,False
2014-09-05,0,24,36,0,15,15,0,121,16418,100,0,121,559,0,0,0,0,0,False,False,False
2014-09-06,0,23,36,0,15,15,0,121,16442,100,0,121,559,0,0,0,0,0,False,False,False
2014-09-07,0,24,36,0,15,15,0,121,16466,100,0,121,559,0,0,0,0,0,False,False,False
2014-09-08,0,23,36,0,15,15,0,121,16490,100,0,121,559,0,0,0,0,0,False,False,False
2014-09-09,0,23,36,0,15,15,0,121,16514,100,0,121,559,0,0,0,0,0,False,False,False
2014-09-10,0,23,36,0,15,15,0,121,16538,100,0,121,559,0,0,0,0,0,False,False,False
2014-09-11,0,24,36,0,15,15,0,121,16562,100,0,121,559,0,0,0,0,0,False,False,False
2014-09-12,0,24,36,0,15,15,0,121,16587,100,0,121,559,0,0,0,0,0,False,False,False
2014-09-13,0,24,36,0,15,15,0,121,16610,100,0,121,559,0,0,0,0,0,False,False,False
2014-09-14,0,24,36,0,15,15,0,121,16634,100,0,121,559,0,0,0,0,0,False,False,False
2014-09-15,0,23,36,0,15,15,0,121,16658,100,0,121,559,0,0,0,0,0,False,False,False
2014-09-16,0,23,36,0,15,15,0,121,16682,100,0,121,559,0,0,0,0,0,False,False,False
2014-09-17,0,23,36,0,15,15,0,121,16706,100,0,121,559,0,0,0,0,0,False,False,False
2014-09-18,0,24,36,0,15,15,0,121,16730,100,0,121,559,0,0,0,0,0,False,False,False
2014-09-19,0,24,36,0,15,15,0,121,16754,100,0,121,559,0,0,0,0,0,False,False,False
2014-09-20,0,24,36,0,15,15,0,121,16778,100,0,121,559,0,0,0,0,0,False,False,False
2014-09-21,0,24,36,0,15,15,0,121,16802,100,0,121,559,0,0,0,0,0,False,False,False
2014-09-22,0,23,36,3,15,15,0,121,16826,100,0,121,559,0,0,0,0,0,False,False,False
2014-09-23,0,23,36,0,15,15,0,121,16850,100,0,121,559,0,0,0,0,0,False,False,False
2014-09-24,0,24,36,0,15,15,0,121,16874,100,0,121,559,0,0,0,0,0,False,False,False
2014-09-25,0,24,36,0,15,15,0,121,16898,100,0,121,559,0,0,0,0,0,False,False,False
2014-09-26,0,23,36,0,15,15,0,121,16922,100,0,121,559,0,0,0,0,0,False,False,False
2014-09-27,0,24,36,0,15,15,0,121,16946,100,0,121,559,0,0,0,0,0,False,False,False
2014-09-28,0,24,36,0,15,15,0,121,16970,100,0,121,559,0,0,0,0,0,False,False,False
2014-09-29,0,24,36,0,15,15,0,121,16994,100,0,121,559,0,0,0,0,0,False,False,False
2014-09-30,0,24,36,0,15,15,0,121,17018,100,0,121,559,0,0,0,0,0,False,False,False
2014-10-01,0,23,36,0,15,15,0,121,17042,100,0,121,559,0,0,0,0,0,False,False,False
2014-10-02,0,24,36,0,15,15,0,121,17066,100,0,121,559,0,0,0,0,0,False,False,False
2014-10-03,0,23,37,1,15,15,0,122,17090,100,0,122,559,0,0,0,0,0,False,False,False
2014-10-04,0,24,37,0,15,15,0,122,17114,100,0,122,559,0,0,0,0,0,False,False,False
2014-10-05,0,24,37,0,15,15,0,123,17139,100,0,123,559,0,0,0,0,0,False,False,False
2014-10-06,0,24,37,1,15,15,0,124,17162,100,0,124,559,0,0,0,0,0,False,False,False
2014-10-07,0,24,37,0,15,15,0,124,17186,100,0,124,559,0,0,0,0,0,False,False,False
2014-10-08,0,24,37,0,15,15,0,124,17211,100,0,124,559,0,0,0,0,0,False,False,False
2014-10-09,0,23,37,0,15,15,0,124,17234,100,0,124,559,0,0,0,0,0,False,False,False
2014-10-10,0,24,37,0,15,15,0,124,17258,100,0,124,559,0,0,0,0,0,False,False,False
2014-10-11,0,23,37,0,15,15,0,124,17282,100,0,124,559,0,0,0,0,0,False,False,False
2014-10-12,0,24,37,0,15,15,0,124,17306,100,0,124,559,0,0,0,0,0,False,False,False
2014-10-13,0,24,37,0,15,15,0,124,17330,100,0,124,559,0,0,0,0,0,False,False,False
2014-10-14,0,24,37,0,15,15,0,124,17354,100,0,124,559,0,0,0,0,0,False,False,False
2014-10-15,0,23,37,0,15,15,0,124,17379,100,0,124,559,0,0,0,0,0,False,False,False
2014-10-16,0,23,37,2,15,15,0,124,17402,100,0,124,559,0,0,0,0,0,False,False,False
2014-10-17,0,24,37,0,15,15,0,124,17426,100,0,124,559,0,0,0,0,0,False,False,False
2014-10-18,0,23,37,0,15,15,0,124,17450,100,0,124,559,0,0,0,0,0,False,False,False
2014-10-19,0,24,37,0,15,15,0,124,17474,100,0,124,559,0,0,0,0,0,False,False,False
2014-10-20,0,23,37,0,15,15,0,124,17498,100,0,124,559,0,0,0,0,0,False,False,False
2014-10-21,0,24,37,0,15,15,0,124,17522,100,0,124,559,0,0,0,0,0,False,False,False
2014-10-22,0,24,37,0,15,15,0,124,17546,100,0,124,559,0,0,0,0,0,False,False,False
2014-10-23,0,24,37,0,15,15,0,124,17570,100,0,124,559,0,0,0,0,0,False,False,False
2014-10-24,0,24,36,0,15,15,0,125,17594,100,0,125,559,0,0,0,0,0,False,False,False
2014-10-25,0,24,36,0,15,15,0,125,17619,100,0,125,559,0,0,0,0,0,False,False,False
2014-10-26,0,24,36,0,15,15,0,125,17642,100,0,125,559,0,0,0,0,0,False,False,False
2014-10-27,0,24,36,0,15,15,0,125,17666,100,0,125,559,0,0,0,0,0,False,False,False
2014-10-28,0,24,36,0,15,15,0,125,17690,100,0,125,559,0,0,0,0,0,False,False,False
2014-10-29,0,24,36,0,15,15,0,125,17714,100,0,125,559,0,0,0,0,0,False,False,False
2014-10-30,0,24,36,0,15,15,0,125,17738,100,0,125,559,0,0,0,0,0,False,False,False
2014-10-31,0,26,36,0,15,15,0,125,17762,100,0,125,559,0,0,0,0,0,False,False,False
2014-11-01,0,26,36,0,15,15,0,125,17786,100,0,125,559,0,0,0,0,0,False,False,False
2014-11-03,0,24,36,0,15,15,0,125,17836,100,0,125,559,0,0,0,0,0,False,False,False
2014-11-04,0,26,37,0,15,15,0,126,17859,100,0,126,559,0,0,0,0,0,False,False,False
2014-11-05,0,26,36,0,15,15,0,126,17883,100,0,126,559,0,0,0,0,0,False,False,False
2014-11-06,0,25,36,0,15,15,0,127,17908,100,0,127,559,0,0,0,0,0,False,False,False
2014-11-07,0,26,36,0,15,15,0,127,17931,100,0,127,559,0,0,0,0,0,False,False,False
2014-11-08,0,26,36,0,15,15,0,127,17955,100,0,127,559,0,0,0,0,0,False,False,False
2014-11-09,0,26,36,0,15,15,0,127,17980,100,0,127,559,0,0,0,0,0,False,False,False
2014-11-10,0,25,36,0,15,15,0,127,18003,100,0,127,559,0,0,0,0,0,False,False,False
2014-11-11,0,25,36,0,15,15,0,127,18027,100,0,127,559,0,0,0,0,0,False,False,False
2014-11-12,0,24,36,0,15,15,0,127,18051,100,0,127,559,0,0,0,0,0,False,False,False
2014-11-13,0,26,36,0,15,15,0,127,18075,100,0,127,559,0,0,0,0,0,False,False,False
2014-11-14,0,26,36,0,15,15,0,127,18099,100,0,127,559,0,0,0,0,0,False,False,False
2014-11-15,0,26,36,0,15,15,0,127,18123,100,0,127,559,0,0,0,0,0,False,False,False
2014-11-16,0,26,36,0,15,15,0,127,18148,100,0,127,559,0,0,0,0,0,False,False,False
2014-11-17,0,26,36,0,15,15,0,127,18171,100,0,127,559,0,0,0,0,0,False,False,False
2014-11-18,0,26,36,0,15,15,0,127,18195,100,0,127,559,0,0,0,0,0,False,False,False
2014-11-19,0,25,36,0,15,15,0,127,18220,100,0,127,559,0,0,0,0,0,False,False,False
2014-11-20,0,26,36,0,15,15,0,127,18243,100,0,127,559,0,0,0,0,0,False,False,False
2014-11-21,0,25,36,0,15,15,0,127,18267,100,0,127,559,0,0,0,0,0,False,False,False
2014-11-22,0,25,36,0,15,15,0,127,18291,100,0,127,559,0,0,0,0,0,False,False,False
2014-11-23,0,25,36,0,15,15,0,127,18315,100,0,127,559,0,0,0,0,0,False,False,False
2014-11-24,0,25,36,0,15,15,0,127,18339,100,0,127,559,0,0,0,0,0,False,False,False
2014-11-25,0,26,36,0,15,15,0,127,18363,100,0,127,559,0,0,0,0,0,False,False,False
2014-11-26,0,26,36,0,15,15,0,127,18388,100,0,127,559,0,0,0,0,0,False,False,False
2014-11-27,0,26,36,0,15,15,0,127,18411,100,0,127,559,0,0,0,0,0,False,False,False
2014-11-28,0,25,37,0,15,15,0,128,18435,100,0,128,559,0,0,0,0,0,False,False,False
2014-11-29,0,26,37,0,15,15,0,129,18459,100,0,129,559,0,0,0,0,0,False,False,False
2014-11-30,0,26,37,0,15,15,0,129,18483,100,0,129,559,0,0,0,0,0,False,False,False
2014-12-01,0,25,37,0,15,15,0,129,18507,100,0,129,559,0,0,0,0,0,False,False,False
2014-12-02,0,26,37,1,15,15,0,129,18531,100,0,129,559,0,0,0,0,0,False,False,False
2014-12-03,0,25,37,0,15,15,0,129,18555,100,0,129,559,0,0,0,0,0,False,False,False
2014-12-04,0,25,37,0,15,15,0,129,18579,100,0,129,559,0,0,0,0,0,False,False,False
2014-12-05,0,25,37,2,15,15,0,129,18603,100,0,129,559,0,0,0,0,0,False,False,False
2014-12-06,0,25,37,0,15,15,0,129,18628,100,0,129,559,0,0,0,0,0,False,False,False
2014-12-07,0,26,37,0,15,15,0,129,18651,100,0,129,559,0,0,0,0,0,False,False,False
2014-12-08,0,26,37,0,15,15,0,129,18675,100,0,129,559,0,0,0,0,0,False,False,False
2014-12-09,0,25,37,0,15,15,0,129,18700,100,0,129,559,0,0,0,0,0,False,False,False
2014-12-10,0,26,37,0,15,15,0,129,18723,100,0,129,559,0,0,0,0,0,False,False,False
2014-12-11,0,25,37,0,15,15,0,129,18747,100,0,129,559,0,0,0,0,0,False,False,False
2014-12-12,0,26,37,0,15,15,0,129,18771,100,0,129,559,0,0,0,0,0,False,False,False
2014-12-13,0,25,37,0,15,15,0,129,18795,100,0,129,559,0,0,0,0,0,False,False,False
2014-12-14,0,26,37,0,15,15,0,129,18819,100,0,129,559,0,0,0,0,0,False,False,False
2014-12-15,0,26,37,0,15,15,0,129,18843,100,0,129,559,0,0,0,0,0,False,False,False
2014-12-16,0,26,37,0,15,15,0,129,18868,100,0,129,559,0,0,0,0,0,False,False,False
2014-12-17,0,24,37,0,15,15,0,129,18891,100,0,129,559,0,0,0,0,0,False,False,False
2014-12-18,0,26,37,0,15,15,0,129,18915,100,0,129,559,0,0,0,0,0,False,False,False
2014-12-19,0,25,37,0,15,15,0,129,18940,100,0,129,559,0,0,0,0,0,False,False,False
2014-12-20,0,24,37,0,15,15,0,129,18963,100,0,129,559,0,0,0,0,0,False,False,False
2014-12-21,0,24,37,0,15,15,0,129,18987,100,0,129,559,0,0,0,0,0,False,False,False
2014-12-22,0,25,37,0,15,15,0,129,19011,100,0,129,559,0,0,0,0,0,False,False,False
2014-12-23,0,25,37,0,15,15,0,129,19035,100,0,129,559,0,0,0,0,0,False,False,False
2014-12-24,0,25,37,65536,15,15,0,129,19059,100,0,129,559,0,0,0,0,0,False,False,False
2014-12-25,0,25,37,0,15,15,0,129,19083,100,0,129,559,0,0,0,0,0,False,False,False
2014-12-26,0,25,37,0,15,15,0,129,19107,100,0,129,559,0,0,0,0,0,False,False,False
2014-12-27,0,25,37,0,15,15,0,129,19131,100,0,129,559,0,0,0,0,0,False,False,False
2014-12-28,0,24,37,0,15,15,0,129,19155,100,0,129,559,0,0,0,0,0,False,False,False
2014-12-29,0,25,37,0,15,15,0,129,19180,100,0,129,559,0,0,0,0,0,False,False,False
2014-12-30,0,25,37,0,15,15,0,129,19203,100,0,129,559,0,0,0,0,0,False,False,False
2014-12-31,0,25,37,0,15,15,0,130,19227,100,0,130,559,0,0,0,0,0,False,False,False
2015-01-01,0,25,37,0,15,15,0,130,19252,100,0,130,559,0,0,0,0,0,False,False,False
2015-01-02,0,25,37,0,15,15,0,130,19275,100,0,130,559,0,0,0,0,0,False,False,False
2015-01-03,0,25,37,0,15,15,0,130,19299,100,0,130,559,0,0,0,0,0,False,False,False
2015-01-04,0,25,37,0,15,15,0,130,19324,100,0,130,559,0,0,0,0,0,False,False,False
2015-01-05,0,25,37,0,15,15,0,130,19347,100,0,130,559,0,0,0,0,0,False,False,False
2015-01-06,0,25,37,0,15,15,0,130,19371,100,0,130,559,0,0,0,0,0,False,False,False
2015-01-07,0,25,37,65536,15,15,0,130,19395,100,0,130,559,0,0,0,0,0,False,False,False
2015-01-08,0,26,37,0,15,15,0,130,19420,100,0,130,559,0,0,0,0,0,False,False,False
2015-01-09,0,26,37,0,15,15,0,130,19443,100,0,130,559,0,0,0,0,0,False,False,False
2015-01-10,0,26,37,0,15,15,0,130,19467,100,0,130,559,0,0,0,0,0,False,False,False
2015-01-11,0,26,37,0,15,15,0,130,19491,100,0,130,559,0,0,0,0,0,False,False,False
2015-01-12,0,26,37,0,15,15,0,130,19515,100,0,130,559,0,0,0,0,0,False,False,False
2015-01-13,0,26,37,0,15,15,0,130,19539,100,0,130,559,0,0,0,0,0,False,False,False
2015-01-14,0,26,37,0,15,15,0,130,19563,100,0,130,559,0,0,0,0,0,False,False,False
2015-01-15,0,26,37,0,15,15,0,130,19587,100,0,130,559,0,0,0,0,0,False,False,False
2015-01-16,0,26,37,0,15,15,0,130,19611,100,0,130,559,0,0,0,0,0,False,False,False
2015-01-17,0,26,37,0,15,15,0,130,19635,100,0,130,559,0,0,0,0,0,False,False,False
2015-01-18,0,26,37,0,15,15,0,130,19660,100,0,130,559,0,0,0,0,0,False,False,False
2015-01-19,0,26,37,0,15,15,0,130,19683,100,0,130,559,0,0,0,0,0,False,False,False
2015-01-20,0,26,37,0,15,15,0,130,19707,100,0,130,559,0,0,0,0,0,False,False,False
2015-01-21,0,25,37,0,15,15,0,130,19732,100,0,130,559,0,0,0,0,0,False,False,False
2015-01-22,0,25,37,0,15,15,0,130,19755,100,0,130,559,0,0,0,0,0,False,False,False
2015-01-23,0,26,37,0,15,15,0,130,19779,100,0,130,559,0,0,0,0,0,False,False,False
2015-01-24,0,26,37,0,15,15,0,130,19804,100,0,130,559,0,0,0,0,0,False,False,False
2015-01-25,0,24,37,0,15,15,0,130,19827,100,0,130,559,0,0,0,0,0,False,False,False
2015-01-26,0,25,37,0,15,15,0,130,19851,100,0,130,559,0,0,0,0,0,False,False,False
2015-01-27,0,24,37,0,15,15,0,130,19875,100,0,130,559,0,0,0,0,0,False,False,False
2015-01-28,0,24,37,0,15,15,0,130,19899,100,0,130,559,0,0,0,0,0,False,False,False
2015-01-29,0,25,37,0,15,15,0,130,19923,100,0,130,559,0,0,0,0,0,False,False,False
2015-01-30,0,26,37,0,15,15,0,130,19947,100,0,130,559,0,0,0,0,0,False,False,False
2015-01-31,0,26,37,0,15,15,0,130,19972,100,0,130,559,0,0,0,0,0,False,False,False
2015-02-01,0,26,37,0,15,15,0,130,19995,100,0,130,559,0,0,0,0,0,False,False,False
2015-02-02,0,26,37,0,15,15,0,130,20019,100,0,130,559,0,0,0,0,0,False,False,False
2015-02-03,0,26,37,0,15,15,0,131,20044,100,0,131,559,0,0,0,0,0,False,False,False
2015-02-04,0,26,37,0,15,15,0,131,20067,100,0,131,559,0,0,0,0,0,False,False,False
2015-02-05,0,24,37,0,15,15,0,131,20091,100,0,131,559,0,0,0,0,0,False,False,False
2015-02-06,0,26,37,0,15,15,0,131,20116,100,0,131,559,0,0,0,0,0,False,False,False
2015-02-07,0,26,37,0,15,15,0,131,20139,100,0,131,559,0,0,0,0,0,False,False,False
2015-02-08,0,25,37,0,15,15,0,131,20163,100,0,131,559,0,0,0,0,0,False,False,False
2015-02-09,0,26,37,0,15,15,0,131,20187,100,0,131,559,0,0,0,0,0,False,False,False
2015-02-10,0,26,37,0,15,15,0,131,20212,100,0,131,559,0,0,0,0,0,False,False,False
2015-02-11,0,25,37,0,15,15,0,131,20235,100,0,131,559,0,0,0,0,0,False,False,False
2015-02-12,0,26,37,0,15,15,0,131,20259,100,0,131,559,0,0,0,0,0,False,False,False
2015-02-13,0,26,37,0,15,15,0,131,20284,100,0,131,559,0,0,0,0,0,False,False,False
2015-02-14,0,26,37,0,15,15,0,131,20307,100,0,131,559,0,0,0,0,0,False,False,False
2015-02-15,0,26,37,0,15,15,0,131,20331,100,0,131,559,0,0,0,0,0,False,False,False
2015-02-16,0,26,37,0,15,15,0,131,20356,100,0,131,559,0,0,0,0,0,False,False,False
2015-02-17,0,26,37,0,15,15,0,131,20379,100,0,131,559,0,0,0,0,0,False,False,False
2015-02-18,0,27,37,0,15,15,0,132,20403,100,0,132,559,0,0,0,0,0,False,False,False
2015-02-19,0,27,37,0,15,15,0,133,20427,100,0,133,559,0,0,0,0,0,False,False,False
2015-02-20,0,28,37,0,15,15,0,133,20452,100,0,133,559,0,0,0,0,0,False,False,False
2015-02-21,0,27,37,0,15,15,0,133,20475,100,0,133,559,0,0,0,0,0,False,False,False
2015-02-22,0,27,37,0,15,15,0,133,20499,100,0,133,559,0,0,0,0,0,False,False,False
2015-02-23,0,26,37,0,15,15,0,133,20523,100,0,133,559,0,0,0,0,0,False,False,False
2015-02-24,0,27,37,0,15,15,0,133,20547,100,0,133,559,0,0,0,0,0,False,False,False
2015-02-25,0,27,37,0,15,15,0,133,20571,100,0,133,559,0,0,0,0,0,False,False,False
2015-02-26,0,28,37,0,15,15,0,133,20595,100,0,133,559,0,0,0,0,0,False,False,False
2015-02-27,0,27,37,0,15,15,0,133,20620,100,0,133,559,0,0,0,0,0,False,False,False
2015-02-28,0,27,37,0,15,15,0,134,20643,100,0,134,559,0,0,0,0,0,False,False,False
2015-03-01,0,27,37,0,15,15,0,135,20667,100,0,135,559,0,0,0,0,0,False,False,False
2015-03-02,0,27,37,0,15,15,0,135,20691,100,0,135,559,0,0,0,0,0,False,False,False
2015-03-03,0,27,37,0,15,15,0,135,20716,100,0,135,559,0,0,0,0,0,False,False,False
2015-03-04,0,26,37,0,15,15,0,135,20739,100,0,135,559,0,0,0,0,0,False,False,False
2015-03-05,0,26,37,0,15,15,0,135,20763,100,0,135,559,0,0,0,0,0,False,False,False
2015-03-06,0,27,37,0,15,15,0,135,20788,100,0,135,559,0,0,0,0,0,False,False,False
2015-03-07,0,27,37,0,15,15,0,135,20811,100,0,135,559,0,0,0,0,0,False,False,False
2015-03-08,0,27,37,0,15,15,0,135,20835,100,0,135,559,0,0,0,0,0,False,False,False
2015-03-09,0,27,37,0,15,15,0,135,20860,100,0,135,559,0,0,0,0,0,False,False,False
2015-03-10,0,27,37,0,15,15,0,135,20883,100,0,135,559,0,0,0,0,0,False,False,False
2015-03-11,0,27,37,0,15,15,0,135,20906,100,0,135,559,0,0,0,0,0,False,False,False
2015-03-12,0,26,37,0,15,15,0,135,20930,100,0,135,559,0,0,0,0,0,False,False,False
2015-03-13,0,27,37,0,15,15,0,135,20954,100,0,135,559,0,0,0,0,0,False,False,False
2015-03-14,0,27,37,0,15,15,0,135,20978,100,0,135,559,0,0,0,0,0,False,False,False
2015-03-15,0,27,37,131072,15,15,0,135,21002,100,0,135,559,0,0,0,0,0,False,False,False
2015-03-16,0,26,37,0,15,15,0,135,21026,100,0,135,559,0,0,0,0,0,False,False,False
2015-03-17,0,26,37,0,15,15,0,135,21051,100,0,135,559,0,0,0,0,0,False,False,False
2015-03-18,0,26,37,0,15,15,0,135,21074,100,0,135,559,0,0,0,0,0,False,False,False
2015-03-19,0,25,37,0,15,15,0,135,21098,100,0,135,559,0,0,0,0,0,False,False,False
2015-03-20,0,28,36,0,15,15,0,136,21123,100,0,136,559,0,0,0,0,0,False,False,False
2015-03-21,0,27,36,0,15,15,0,137,21146,100,0,137,559,0,0,0,0,0,False,False,False
2015-03-22,0,28,36,0,15,15,0,137,21170,100,0,137,559,0,0,0,0,0,False,False,False
2015-03-23,0,28,36,0,15,15,0,137,21195,100,0,137,559,0,0,0,0,0,False,False,False
2015-03-24,0,28,36,1,15,15,0,137,21218,100,0,137,559,0,0,0,0,0,False,False,False
2015-03-25,0,28,36,0,15,15,0,137,21242,100,0,137,559,0,0,0,0,0,False,False,False
2015-03-26,0,28,36,0,15,15,0,137,21267,100,0,137,559,0,0,0,0,0,False,False,False
2015-03-27,0,28,36,0,15,15,0,137,21291,100,0,137,559,0,0,0,0,0,False,False,False
2015-03-28,0,28,36,0,15,15,0,137,21314,100,0,137,559,0,0,0,0,0,False,False,False
2015-03-29,0,28,36,0,15,15,0,137,21338,100,0,137,559,0,0,0,0,0,False,False,False
2015-03-30,0,28,36,0,15,15,0,137,21363,100,0,137,559,0,0,0,0,0,False,False,False
2015-03-31,0,28,36,0,15,15,0,137,21386,100,0,137,559,0,0,0,0,0,False,False,False
2015-04-01,0,27,36,0,15,15,0,137,21410,100,0,137,559,0,0,0,0,0,False,False,False
2015-04-02,0,27,36,0,15,15,0,137,21435,100,0,137,559,0,0,0,0,0,False,False,False
2015-04-03,0,27,36,0,15,15,0,137,21458,100,0,137,559,0,0,0,0,0,False,False,False
2015-04-04,0,28,36,0,15,15,0,137,21482,100,0,137,559,0,0,0,0,0,False,False,False
2015-04-05,0,28,36,0,15,15,0,137,21506,100,0,137,559,0,0,0,0,0,False,False,False
2015-04-06,0,28,36,0,15,15,0,137,21531,100,0,137,559,0,0,0,0,0,False,False,False
2015-04-07,0,28,36,0,15,15,0,137,21554,100,0,137,559,0,0,0,0,0,False,False,False
2015-04-08,0,27,36,0,15,15,0,137,21578,100,0,137,559,0,0,0,0,0,False,False,False
2015-04-09,0,28,36,0,15,15,0,137,21603,100,0,137,559,0,0,0,0,0,False,False,False
2015-04-10,0,28,36,0,15,15,0,137,21626,100,0,137,559,0,0,0,0,0,False,False,False
2015-04-11,0,28,36,0,15,15,0,137,21650,100,0,137,559,0,0,0,0,0,False,False,False
2015-04-12,0,28,36,0,15,15,0,137,21675,100,0,137,559,0,0,0,0,0,False,False,False
2015-04-13,0,28,36,0,15,15,0,137,21698,100,0,137,559,0,0,0,0,0,False,False,False
2015-04-14,0,23,36,0,15,15,0,137,21722,100,0,137,559,0,0,0,0,0,False,False,False
2015-04-15,0,24,36,0,15,15,0,137,21747,100,0,137,559,0,0,0,0,0,False,False,False
2015-04-16,0,23,36,0,15,15,0,137,21770,100,0,137,559,0,0,0,0,0,False,False,False
2015-04-17,0,23,36,0,15,15,0,137,21794,100,0,137,559,0,0,0,0,0,False,False,False
2015-04-18,0,23,36,0,15,15,0,137,21819,100,0,137,559,0,0,0,0,0,False,False,False
2015-04-19,0,22,36,0,15,15,0,137,21843,100,0,137,559,0,0,0,0,0,False,False,False
2015-04-20,0,23,37,0,15,15,0,138,21866,100,0,138,559,0,0,0,0,0,False,False,False
2015-04-21,0,23,37,0,15,15,0,138,21890,100,0,138,559,0,0,0,0,0,False,False,False
2015-04-22,0,23,37,0,15,15,0,138,21915,100,0,138,559,0,0,0,0,0,False,False,False
2015-04-23,0,23,37,0,15,15,0,138,21938,100,0,138,559,0,0,0,0,0,False,False,False
2015-04-24,0,23,37,0,15,15,0,138,21962,100,0,138,559,0,0,0,0,0,False,False,False
2015-04-25,0,23,37,0,15,15,0,138,21987,100,0,138,559,0,0,0,0,0,False,False,False
2015-04-26,0,23,37,1,15,15,0,139,22010,100,0,139,559,0,0,0,0,0,False,False,False
2015-04-27,0,23,37,0,15,15,0,139,22034,100,0,139,559,0,0,0,0,0,False,False,False
2015-04-28,0,22,37,0,15,15,0,139,22059,100,0,139,559,0,0,0,0,0,False,False,False
2015-04-29,0,22,37,0,15,15,0,139,22083,100,0,139,559,0,0,0,0,0,False,False,False
2015-04-30,0,26,37,0,15,15,0,140,22106,100,0,140,559,0,0,0,0,0,False,False,False
2015-05-01,0,24,37,0,15,15,0,140,22130,100,0,140,559,0,0,0,0,0,False,False,False
2015-05-02,0,25,37,0,15,15,0,140,22155,100,0,140,559,0,0,0,0,0,False,False,False
2015-05-03,0,25,37,0,15,15,0,140,22178,100,0,140,559,0,0,0,0,0,False,False,False
2015-05-04,0,24,37,0,15,15,0,140,22202,100,0,140,559,0,0,0,0,0,False,False,False
2015-05-05,0,24,37,0,15,15,0,140,22227,100,0,140,559,0,0,0,0,0,False,False,False
2015-05-06,0,27,37,0,15,15,0,140,22250,100,0,140,559,0,0,0,0,0,False,False,False
2015-05-07,0,22,37,0,15,15,0,140,22274,100,0,140,559,0,0,0,0,0,False,False,False
2015-05-08,0,23,37,0,15,15,0,140,22298,100,0,140,559,0,0,0,0,0,False,False,False
2015-05-09,0,23,37,0,15,15,0,141,22323,100,0,141,559,0,0,0,0,0,False,False,False
2015-05-10,0,23,37,0,15,15,0,142,22346,100,0,142,559,0,0,0,0,0,False,False,False
2015-05-11,0,23,37,0,15,15,0,142,22370,100,0,142,559,0,0,0,0,0,False,False,False
2015-05-12,0,23,37,0,15,15,0,142,22395,100,0,142,559,0,0,0,0,0,False,False,False
2015-05-13,0,24,37,0,15,15,0,142,22418,100,0,142,559,0,0,0,0,0,False,False,False
2015-05-14,0,24,37,0,15,15,0,142,22442,100,0,142,559,0,0,0,0,0,False,False,False
2015-05-15,0,23,37,0,15,15,0,142,22467,100,0,142,559,0,0,0,0,0,False,False,False
2015-05-16,0,23,37,0,15,15,0,143,22490,100,0,143,559,0,0,0,0,0,False,False,False
2015-05-17,0,23,37,0,15,15,0,143,22514,100,0,143,559,0,0,0,0,0,False,False,False
2015-05-18,0,24,37,0,15,15,0,143,22539,100,0,143,559,0,0,0,0,0,False,False,False
2015-05-19,0,23,37,0,15,15,0,143,22563,100,0,143,559,0,0,0,0,0,False,False,False
2015-05-20,0,23,37,0,15,15,0,143,22586,100,0,143,559,0,0,0,0,0,False,False,False
2015-05-21,0,23,37,0,15,15,0,143,22611,100,0,143,559,0,0,0,0,0,False,False,False
2015-05-22,0,23,37,0,15,15,0,143,22635,100,0,143,559,0,0,0,0,0,False,False,False
2015-05-23,0,22,37,0,15,15,0,143,22658,100,0,143,559,0,0,0,0,0,False,False,False
2015-05-24,0,23,37,65536,15,15,0,143,22682,100,0,143,559,0,0,0,0,0,False,False,False
2015-05-25,0,23,37,0,15,15,0,143,22707,100,0,143,559,0,0,0,0,0,False,False,False
2015-05-26,0,24,37,0,15,15,0,143,22730,100,0,143,559,0,0,0,0,0,False,False,False
2015-05-27,0,24,37,0,15,15,0,143,22754,100,0,143,559,0,0,0,0,0,False,False,False
2015-05-28,0,24,37,0,15,15,0,143,22779,100,0,143,559,0,0,0,0,0,False,False,False
2015-05-29,0,25,37,0,15,15,0,143,22803,100,0,143,559,0,0,0,0,0,False,False,False
2015-05-30,0,25,37,0,15,15,0,143,22826,100,0,143,559,0,0,0,0,0,False,False,False
2015-05-31,0,24,37,0,15,15,0,143,22850,100,0,143,559,0,0,0,0,0,False,False,False
2015-06-01,0,25,37,0,15,15,0,144,22875,100,0,144,559,0,0,0,0,0,False,False,False
2015-06-02,0,24,37,0,15,15,0,144,22898,100,0,144,559,0,0,0,0,0,False,False,False
2015-06-03,0,24,37,0,15,15,0,144,22922,100,0,144,559,0,0,0,0,0,False,False,False
2015-06-04,0,25,37,0,15,15,0,144,22947,100,0,144,559,0,0,0,0,0,False,False,False
2015-06-05,0,25,37,0,15,15,0,144,22970,100,0,144,559,0,0,0,0,0,False,False,False
2015-06-06,0,24,37,0,15,15,0,144,22994,100,0,144,559,0,0,0,0,0,False,False,False
2015-06-07,0,25,37,0,15,15,0,144,23019,100,0,144,559,0,0,0,0,0,False,False,False
2015-06-08,0,24,37,0,15,15,0,144,23043,100,0,144,559,0,0,0,0,0,False,False,False
2015-06-09,0,24,37,0,15,15,0,144,23066,100,0,144,559,0,0,0,0,0,False,False,False
2015-06-10,0,24,37,0,15,15,0,144,23091,100,0,144,559,0,0,0,0,0,False,False,False
2015-06-11,0,24,37,0,15,15,0,144,23115,100,0,144,559,0,0,0,0,0,False,False,False
2015-06-12,0,25,37,0,15,15,0,144,23138,100,0,144,559,0,0,0,0,0,False,False,False
2015-06-13,0,24,37,0,15,15,0,144,23162,100,0,144,559,0,0,0,0,0,False,False,False
2015-06-14,0,24,37,0,15,15,0,144,23187,100,0,144,559,0,0,0,0,0,False,False,False
2015-06-15,0,24,37,0,15,15,0,144,23210,100,0,144,559,0,0,0,0,0,False,False,False
2015-06-16,0,24,37,0,15,15,0,144,23234,100,0,144,559,0,0,0,0,0,False,False,False
2015-06-17,0,23,37,0,15,15,0,145,23259,100,0,145,559,0,0,0,0,0,False,False,False
2015-06-18,0,24,37,0,15,15,0,146,23283,100,0,146,559,0,0,0,0,0,False,False,False
2015-06-19,0,26,37,0,15,15,0,146,23306,100,0,146,559,0,0,0,0,0,False,False,False
2015-06-20,0,24,37,0,15,15,0,146,23331,100,0,146,559,0,0,0,0,0,False,False,False
2015-06-21,0,24,37,0,15,15,0,146,23355,100,0,146,559,0,0,0,0,0,False,False,False
2015-06-22,0,23,37,0,15,15,0,146,23378,100,0,146,559,0,0,0,0,0,False,False,False
2015-06-23,0,23,37,0,15,15,0,146,23403,100,0,146,559,0,0,0,0,0,False,False,False
2015-06-24,0,24,37,0,15,15,0,146,23427,100,0,146,559,0,0,0,0,0,False,False,False
2015-06-25,0,27,37,0,15,15,0,146,23450,100,0,146,559,0,0,0,0,0,False,False,False
2015-06-26,0,27,37,0,15,15,0,146,23474,100,0,146,559,0,0,0,0,0,False,False,False
2015-06-27,0,27,37,0,15,15,0,146,23499,100,0,146,559,0,0,0,0,0,False,False,False
2015-06-28,0,27,37,1,15,15,0,146,23522,100,0,146,559,0,0,0,0,0,False,False,False
2015-06-29,0,24,37,0,15,15,0,146,23546,100,0,146,559,0,0,0,0,0,False,False,False
2015-06-30,0,27,37,0,15,15,0,146,23571,100,0,146,559,0,0,0,0,0,False,False,False
2015-07-01,0,27,37,0,15,15,0,146,23595,100,0,146,559,0,0,0,0,0,False,False,False
2015-07-02,0,27,37,0,15,15,0,146,23618,100,0,146,559,0,0,0,0,0,False,False,False
2015-07-03,0,27,37,0,15,15,0,147,23643,100,0,147,559,0,0,0,0,0,False,False,False
2015-07-04,0,27,37,0,15,15,0,148,23667,100,0,148,559,0,0,0,0,0,False,False,False
2015-07-05,0,27,37,0,15,15,0,148,23690,100,0,148,559,0,0,0,0,0,False,False,False
2015-07-06,0,27,37,0,15,15,0,148,23714,100,0,148,559,0,0,0,0,0,False,False,False
2015-07-07,0,27,37,0,15,15,0,148,23739,100,0,148,559,0,0,0,0,0,False,False,False
2015-07-08,0,27,37,0,15,15,0,148,23762,100,0,148,559,0,0,0,0,0,False,False,False
2015-07-09,0,27,37,0,15,15,0,148,23786,100,0,148,559,0,0,0,0,0,False,False,False
2015-07-10,0,27,37,0,15,15,0,148,23811,100,0,148,559,0,0,0,0,0,False,False,False
2015-07-11,0,27,37,0,15,15,0,148,23835,100,0,148,559,0,0,0,0,0,False,False,False
2015-07-12,0,27,37,0,15,15,0,148,23858,100,0,148,559,0,0,0,0,0,False,False,False
2015-07-13,0,27,37,0,15,15,0,148,23883,100,0,148,559,0,0,0,0,0,False,False,False
2015-07-14,0,27,37,0,15,15,0,148,23907,100,0,148,559,0,0,0,0,0,False,False,False
2015-07-15,0,27,37,0,15,15,0,148,23930,100,0,148,559,0,0,0,0,0,False,False,False
2015-07-16,0,27,37,0,15,15,0,148,23954,100,0,148,559,0,0,0,0,0,False,False,False
2015-07-17,0,27,37,0,15,15,0,148,23979,100,0,148,559,0,0,0,0,0,False,False,False
2015-07-18,0,27,37,65536,15,15,0,148,24002,100,0,148,559,0,0,0,0,0,False,False,False
2015-07-19,0,27,36,0,15,15,0,149,24026,100,0,149,559,0,0,0,0,0,False,False,False
2015-07-20,0,26,36,0,15,15,0,150,24051,100,0,150,559,0,0,0,0,0,False,False,False
2015-07-21,0,26,36,65536,15,15,0,150,24075,100,0,150,559,0,0,0,0,0,False,False,False
2015-07-22,0,27,36,0,15,15,0,150,24099,100,0,150,559,0,0,0,0,0,False,False,False
2015-07-23,0,27,36,0,15,15,0,150,24123,100,0,150,559,0,0,0,0,0,False,False,False
2015-07-24,0,27,36,0,15,15,0,150,24146,100,0,150,559,0,0,0,0,0,False,False,False
2015-07-25,0,27,36,0,15,15,0,150,24170,100,0,150,559,0,0,0,0,0,False,False,False
2015-07-26,0,25,36,0,15,15,0,150,24195,100,0,150,559,0,0,0,0,0,False,False,False
2015-07-27,0,24,36,0,15,15,0,150,24218,100,0,150,559,0,0,0,0,0,False,False,False
2015-07-28,0,27,36,0,15,15,0,150,24242,100,0,150,559,0,0,0,0,0,False,False,False
2015-07-29,0,27,36,0,15,15,0,150,24267,100,0,150,559,0,0,0,0,0,False,False,False
2015-07-30,0,27,37,0,15,15,0,150,24291,100,0,150,559,0,0,0,0,0,False,False,False
2015-07-31,0,25,37,0,15,15,0,151,24314,100,0,151,559,0,0,0,0,0,False,False,False
2015-08-01,0,27,37,65539,15,15,0,152,24339,100,0,152,559,0,0,0,0,0,False,False,False
2015-08-02,0,27,37,0,15,15,0,152,24363,100,0,152,559,0,0,0,0,0,False,False,False
2015-08-03,0,27,37,65536,15,15,0,152,24386,100,0,152,559,0,0,0,0,0,False,False,False
2015-08-04,0,27,37,65536,15,15,0,152,24410,100,0,152,559,0,0,0,0,0,False,False,False
2015-08-05,0,26,37,0,15,15,0,152,24435,100,0,152,559,0,0,0,0,0,False,False,False
2015-08-06,0,27,37,0,15,15,0,152,24459,100,0,152,559,0,0,0,0,0,False,False,False
2015-08-07,0,27,37,0,15,15,0,152,24482,100,0,152,559,0,0,0,0,0,False,False,False
2015-08-08,0,26,37,0,15,15,0,152,24507,100,0,152,559,0,0,0,0,0,False,False,False
2015-08-09,0,26,37,0,15,15,0,152,24531,100,0,152,559,0,0,0,0,0,False,False,False
2015-08-10,0,27,37,1,15,15,0,153,24554,100,0,153,559,0,0,0,0,0,False,False,False
2015-08-11,0,27,37,0,15,15,0,153,24579,100,0,153,559,0,0,0,0,0,False,False,False
2015-08-12,0,26,37,0,15,15,0,154,24603,100,0,154,559,0,0,0,0,0,False,False,False
2015-08-13,0,26,37,0,15,15,0,154,24626,100,0,154,559,0,0,0,0,0,False,False,False
2015-08-14,0,26,37,0,15,15,0,154,24650,100,0,154,559,0,0,0,0,0,False,False,False
2015-08-15,0,27,37,0,15,15,0,154,24675,100,0,154,559,0,0,0,0,0,False,False,False
2015-08-16,0,27,37,0,15,15,0,155,24699,100,0,155,559,0,0,0,0,0,False,False,False
2015-08-17,0,27,37,0,15,15,0,155,24722,100,0,155,559,0,0,0,0,0,False,False,False
2015-08-18,0,27,37,0,15,15,0,155,24746,100,0,155,559,0,0,0,0,0,False,False,False
2015-08-19,0,26,37,0,15,15,0,155,24771,100,0,155,559,0,0,0,0,0,False,False,False
2015-08-20,0,27,37,0,15,15,0,155,24794,100,0,155,559,0,0,0,0,0,False,False,False
2015-08-21,0,27,37,0,15,15,0,155,24818,100,0,155,559,0,0,0,0,0,False,False,False
2015-08-22,0,27,37,0,15,15,0,156,24843,100,0,156,559,0,0,0,0,0,False,False,False
2015-08-23,0,26,37,0,15,15,0,156,24867,100,0,156,559,0,0,0,0,0,False,False,False
2015-08-24,0,26,37,0,15,15,0,157,24890,100,0,157,559,0,0,0,0,0,False,False,False
2015-08-25,0,27,37,0,15,15,0,157,24914,100,0,157,559,0,0,0,0,0,False,False,False
2015-08-26,0,26,37,0,15,15,0,157,24939,100,0,157,559,0,0,0,0,0,False,False,False
2015-08-27,0,26,37,0,15,15,0,157,24962,100,0,157,559,0,0,0,0,0,False,False,False
2015-08-28,0,27,37,0,15,15,0,157,24986,100,0,157,559,0,0,0,0,0,False,False,False
2015-08-29,0,27,37,0,15,15,0,157,25011,100,0,157,559,0,0,0,0,0,False,False,False
2015-08-30,0,26,37,0,15,15,0,157,25035,100,0,157,559,0,0,0,0,0,False,False,False
2015-08-31,0,27,37,0,15,15,0,157,25058,100,0,157,559,0,0,0,0,0,False,False,False
2015-09-01,0,27,37,2,15,15,0,157,25083,100,0,157,559,0,0,0,0,0,False,False,False
2015-09-02,0,25,37,0,15,15,0,158,25107,100,0,158,559,0,0,0,0,0,False,False,False
2015-09-03,0,27,37,0,15,15,0,158,25130,100,0,158,559,0,0,0,0,0,False,False,False
2015-09-04,0,26,37,0,15,15,0,159,25155,100,0,159,559,0,0,0,0,0,False,False,False
2015-09-05,0,27,37,0,15,15,0,159,25179,100,0,159,559,0,0,0,0,0,False,False,False
2015-09-06,0,27,37,0,15,15,0,159,25202,100,0,159,559,0,0,0,0,0,False,False,False
2015-09-07,0,27,37,0,15,15,0,160,25227,100,0,160,559,0,0,0,0,0,False,False,False
2015-09-08,0,27,37,0,15,15,0,160,25251,100,0,160,559,0,0,0,0,0,False,False,False
2015-09-09,0,27,37,0,15,15,0,161,25275,100,0,161,559,0,0,0,0,0,False,False,False
2015-09-10,0,27,37,0,15,15,0,161,25298,100,0,161,559,0,0,0,0,0,False,False,False
2015-09-11,0,26,37,0,15,15,0,161,25323,100,0,161,559,0,0,0,0,0,False,False,False
2015-09-12,0,27,37,0,15,15,0,162,25347,100,0,162,559,0,0,0,0,0,False,False,False
2015-09-13,0,27,37,0,15,15,0,163,25370,100,0,163,559,0,0,0,0,0,False,False,False
2015-09-14,0,27,37,0,15,15,0,163,25395,100,0,163,559,0,0,0,0,0,False,False,False
2015-09-15,0,27,37,0,15,15,0,163,25419,100,0,163,559,0,0,0,0,0,False,False,False
2015-09-16,0,27,37,0,15,15,0,164,25442,100,0,164,559,0,0,0,0,0,False,False,False
2015-09-17,0,26,37,0,15,15,0,164,25467,100,0,164,559,0,0,0,0,0,False,False,False
2015-09-18,0,26,37,0,15,15,0,164,25491,100,0,164,559,0,0,0,0,0,False,False,False
2015-09-19,0,27,37,0,15,15,0,164,25515,100,0,164,559,0,0,0,0,0,False,False,False
2015-09-20,0,27,37,0,15,15,0,164,25538,100,0,164,559,0,0,0,0,0,False,False,False
2015-09-21,0,26,37,0,15,15,0,165,25563,100,0,165,559,0,0,0,0,0,False,False,False
2015-09-22,0,27,37,0,15,15,0,166,25587,100,0,166,559,0,0,0,0,0,False,False,False
2015-09-23,0,27,37,0,15,15,0,166,25610,100,0,166,559,0,0,0,0,0,False,False,False
2015-09-24,0,26,37,0,15,15,0,167,25634,100,0,167,559,0,0,0,0,0,False,False,False
2015-09-25,0,27,37,0,15,15,0,168,25659,100,0,168,559,0,0,0,0,0,False,False,False
2015-09-26,0,26,37,0,15,15,0,168,25682,100,0,168,559,0,0,0,0,0,False,False,False
2015-09-27,0,27,37,0,15,15,0,169,25707,100,0,169,559,0,0,0,0,0,False,False,False
2015-09-28,0,27,37,0,15,15,0,169,25731,100,0,169,559,0,0,0,0,0,False,False,False
2015-09-29,0,27,37,0,15,15,0,169,25755,100,0,169,559,0,0,0,0,0,False,False,False
2015-09-30,0,27,37,0,15,15,0,169,25778,100,0,169,559,0,0,0,0,0,False,False,False
2015-10-01,0,27,37,0,15,15,0,170,25803,100,0,170,559,0,0,0,0,0,False,False,False
2015-10-02,0,25,37,0,15,15,0,171,25827,100,0,171,559,0,0,0,0,0,False,False,False
2015-10-03,0,27,37,0,15,15,0,171,25850,100,0,171,559,0,0,0,0,0,False,False,False
2015-10-04,0,27,37,0,15,15,0,172,25875,100,0,172,559,0,0,0,0,0,False,False,False
2015-10-05,0,27,37,0,15,15,0,172,25899,100,0,172,559,0,0,0,0,0,False,False,False
2015-10-06,0,26,37,0,15,15,0,172,25922,100,0,172,559,0,0,0,0,0,False,False,False
2015-10-07,0,27,37,0,15,15,0,173,25946,100,0,173,559,0,0,0,0,0,False,False,False
2015-10-08,0,27,37,0,15,15,0,173,25971,100,0,173,559,0,0,0,0,0,False,False,False
2015-10-09,0,26,37,0,15,15,0,173,25995,100,0,173,559,0,0,0,0,0,False,False,False
2015-10-10,0,26,37,0,15,15,0,173,26018,100,0,173,559,0,0,0,0,0,False,False,False
2015-10-11,0,27,37,0,15,15,0,173,26043,100,0,173,559,0,0,0,0,0,False,False,False
2015-10-12,0,26,37,0,15,15,0,173,26067,100,0,173,559,0,0,0,0,0,False,False,False
2015-10-13,0,27,37,0,15,15,0,174,26090,100,0,174,559,0,0,0,0,0,False,False,False
2015-10-14,0,27,37,0,15,15,0,175,26115,100,0,175,559,0,0,0,0,0,False,False,False
2015-10-15,0,27,37,0,15,15,0,175,26139,100,0,175,559,0,0,0,0,0,False,False,False
2015-10-16,0,27,37,0,15,15,0,175,26162,100,0,175,559,0,0,0,0,0,False,False,False
2015-10-17,0,26,37,0,15,15,0,175,26187,100,0,175,559,0,0,0,0,0,False,False,False
2015-10-18,0,27,37,0,15,15,0,176,26211,100,0,176,559,0,0,0,0,0,False,False,False
2015-10-19,0,27,37,0,15,15,0,177,26234,100,0,177,559,0,0,0,0,0,False,False,False
2015-10-20,0,26,37,0,15,15,0,177,26259,100,0,177,559,0,0,0,0,0,False,False,False
2015-10-21,0,26,37,0,15,15,0,178,26283,100,0,178,559,0,0,0,0,0,False,False,False
2015-10-22,0,26,37,65536,15,15,0,178,26307,100,0,178,559,0,0,0,0,0,False,False,False
2015-10-23,0,27,37,0,15,15,0,178,26330,100,0,178,559,0,0,0,0,0,False,False,False
2015-10-24,0,26,37,0,15,15,0,179,26355,100,0,179,559,0,0,0,0,0,False,False,False
2015-10-25,0,27,37,0,15,15,0,179,26379,100,0,179,559,0,0,0,0,0,False,False,False
2015-10-26,0,26,37,0,15,15,0,179,26402,100,0,179,559,0,0,0,0,0,False,False,False
2015-10-27,0,26,37,0,15,15,0,179,26427,100,0,179,559,0,0,0,0,0,False,False,False
2015-10-29,0,27,37,0,15,15,0,180,26475,100,0,180,559,0,0,0,0,0,False,False,False
2015-10-30,0,27,37,0,15,15,0,180,26498,100,0,180,559,0,0,0,0,0,False,False,False
2015-10-31,0,26,37,0,15,15,0,180,26523,100,0,180,559,0,0,0,0,0,False,False,False
2015-11-02,0,26,37,0,15,15,0,181,26572,100,0,181,559,0,0,0,0,0,False,False,False
2015-11-03,0,26,37,0,15,15,0,181,26596,100,0,181,559,0,0,0,0,0,False,False,False
2015-11-04,0,26,37,0,15,15,0,181,26619,100,0,181,559,0,0,0,0,0,False,False,False
2015-11-05,0,27,37,0,15,15,0,182,26643,100,0,182,559,0,0,0,0,0,False,False,False
2015-11-06,0,27,37,0,15,15,0,182,26668,100,0,182,559,0,0,0,0,0,False,False,False
2015-11-07,0,26,37,0,15,15,0,182,26692,100,0,182,559,0,0,0,0,0,False,False,False
2015-11-08,0,26,37,131072,15,15,0,183,26715,100,0,183,559,0,0,0,0,0,False,False,False
2015-11-09,0,27,37,0,15,15,0,184,26740,100,0,184,559,0,0,0,0,0,False,False,False
2015-11-10,0,27,37,1,15,15,0,184,26764,100,0,184,559,0,0,0,0,0,False,False,False
2015-11-11,0,27,37,0,15,15,0,184,26787,100,0,184,559,0,0,0,0,0,False,False,False
2015-11-12,0,27,37,0,15,15,0,184,26812,100,0,184,559,0,0,0,0,0,False,False,False
2015-11-13,0,27,37,0,15,15,0,185,26836,100,0,185,559,0,0,0,0,0,False,False,False
2015-11-14,0,26,37,0,15,15,0,185,26859,100,0,185,559,0,0,0,0,0,False,False,False
2015-11-15,0,26,37,0,15,15,0,185,26884,100,0,185,559,0,0,0,0,0,False,False,False
2015-11-16,0,26,37,0,15,15,0,185,26908,100,0,185,559,0,0,0,0,0,False,False,False
2015-11-17,0,26,37,0,15,15,0,185,26931,100,0,185,559,0,0,0,0,0,False,False,False
2015-11-18,0,26,37,0,15,15,0,186,26956,100,0,186,559,0,0,0,0,0,False,False,False
2015-11-19,0,26,37,0,15,15,0,186,26980,100,0,186,559,0,0,0,0,0,False,False,False
2015-11-20,0,27,37,0,15,15,0,186,27004,100,0,186,559,0,0,0,0,0,False,False,False
2015-11-21,0,27,37,0,15,15,0,186,27027,100,0,186,559,0,0,0,0,0,False,False,False
2015-11-22,0,27,37,65536,15,15,0,186,27052,100,0,186,559,0,0,0,0,0,False,False,False
2015-11-23,0,27,37,0,15,15,0,186,27076,100,0,186,559,0,0,0,0,0,False,False,False
2015-11-24,0,27,37,0,15,15,0,187,27099,100,0,187,559,0,0,0,0,0,False,False,False
2015-11-25,0,26,37,0,15,15,0,188,27124,100,0,188,559,0,0,0,0,0,False,False,False
2015-11-26,0,26,37,0,15,15,0,188,27148,100,0,188,559,0,0,0,0,0,False,False,False
2015-11-27,0,27,37,0,15,15,0,188,27171,100,0,188,559,0,0,0,0,0,False,False,False
2015-11-28,0,26,37,0,15,15,0,189,27195,100,0,189,559,0,0,0,0,0,False,False,False
2015-11-29,0,26,37,0,15,15,0,189,27220,100,0,189,559,0,0,0,0,0,False,False,False
2015-11-30,0,27,37,0,15,15,0,189,27244,100,0,189,559,0,0,0,0,0,False,False,False
2015-12-01,0,27,37,0,15,15,0,189,27268,100,0,189,559,0,0,0,0,0,False,False,False
2015-12-02,0,27,37,0,15,15,0,189,27292,100,0,189,559,0,0,0,0,0,False,False,False
2015-12-03,0,27,37,0,15,15,0,190,27316,100,0,190,559,0,0,0,0,0,False,False,False
2015-12-04,0,27,37,0,15,15,0,190,27339,100,0,190,559,0,0,0,0,0,False,False,False
2015-12-05,0,27,37,0,15,15,0,190,27364,100,0,190,559,0,0,0,0,0,False,False,False
2015-12-06,0,27,37,0,15,15,0,191,27388,100,0,191,559,0,0,0,0,0,False,False,False
2015-12-07,0,26,37,0,15,15,0,191,27411,100,0,191,559,0,0,0,0,0,False,False,False
2015-12-08,0,26,37,0,15,15,0,191,27436,101,0,191,559,0,0,0,0,0,False,False,False
2015-12-09,0,26,37,0,15,15,0,192,27460,101,0,192,559,0,0,0,0,0,False,False,False
2015-12-10,0,26,37,0,15,15,0,193,27484,101,0,193,559,0,0,0,0,0,False,False,False
2015-12-11,0,26,37,0,15,15,0,193,27508,101,0,193,559,0,0,0,0,0,False,False,False
2015-12-12,0,27,37,0,15,15,0,193,27532,100,0,193,559,0,0,0,0,0,False,False,False
2015-12-13,0,26,37,0,15,15,0,193,27556,100,0,193,559,0,0,0,0,0,False,False,False
2015-12-14,0,26,37,0,15,15,0,194,27579,100,0,194,559,0,0,0,0,0,False,False,False
2015-12-15,0,26,37,0,15,15,0,194,27604,100,0,194,559,0,0,0,0,0,False,False,False
2015-12-16,0,26,37,0,15,15,0,195,27628,100,0,195,559,0,0,0,0,0,False,False,False
2015-12-17,0,27,37,0,15,15,0,195,27651,100,0,195,559,0,0,0,0,0,False,False,False
2015-12-18,0,27,37,0,15,15,0,195,27676,100,0,195,559,0,0,0,0,0,False,False,False
2015-12-19,0,27,37,0,15,15,0,195,27700,100,0,195,559,0,0,0,0,0,False,False,False
2015-12-20,0,27,37,0,15,15,0,195,27723,100,0,195,559,0,0,0,0,0,False,False,False
2015-12-21,0,27,37,0,15,15,0,196,27748,100,0,196,559,0,0,0,0,0,False,False,False
2015-12-22,0,26,37,0,15,15,0,196,27772,100,0,196,559,0,0,0,0,0,False,False,False
2015-12-23,0,27,37,0,15,15,0,196,27796,100,0,196,559,0,0,0,0,0,False,False,False
2015-12-24,0,27,37,0,15,15,0,196,27820,100,0,196,559,0,0,0,0,0,False,False,False
2015-12-25,0,26,37,0,15,15,0,196,27844,100,0,196,559,0,0,0,0,0,False,False,False
2015-12-26,0,26,37,0,15,15,0,197,27868,100,0,197,559,0,0,0,0,0,False,False,False
2015-12-27,0,26,37,0,15,15,0,197,27891,100,0,197,559,0,0,0,0,0,False,False,False
2015-12-28,0,27,37,0,15,15,0,197,27916,100,0,197,559,0,0,0,0,0,False,False,False
2015-12-29,0,26,37,0,15,15,0,197,27940,100,0,197,559,0,0,0,0,0,False,False,False
2015-12-30,0,26,37,0,15,15,0,197,27963,100,0,197,559,0,0,0,0,0,False,False,False
2015-12-31,0,26,37,0,15,15,0,197,27988,100,0,197,559,0,0,0,0,0,False,False,False
2016-01-01,0,26,37,0,15,15,0,197,28012,100,0,197,559,0,0,0,0,0,False,False,False
2016-01-02,0,27,37,0,15,15,0,198,28036,100,0,198,559,0,0,0,0,0,False,False,False
2016-01-03,0,27,37,0,15,15,0,198,28060,100,0,198,559,0,0,0,0,0,False,False,False
2016-01-04,0,27,37,1,15,15,0,198,28084,100,0,198,559,0,0,0,0,0,False,False,False
2016-01-05,0,27,37,0,15,15,0,198,28108,100,0,198,559,0,0,0,0,0,False,False,False
2016-01-06,0,27,37,0,15,15,0,198,28131,100,0,198,559,0,0,0,0,0,False,False,False
2016-01-07,0,27,37,0,15,15,0,198,28156,100,0,198,559,0,0,0,0,0,False,False,False
2016-01-08,0,27,37,0,15,15,0,199,28180,100,0,199,559,0,0,0,0,0,False,False,False
2016-01-09,0,27,37,0,15,15,0,199,28203,100,0,199,559,0,0,0,0,0,False,False,False
2016-01-10,0,27,37,0,15,15,0,199,28228,100,0,199,559,0,0,0,0,0,False,False,False
2016-01-11,0,27,37,0,15,15,0,199,28252,100,0,199,559,0,0,0,0,0,False,False,False
2016-01-12,0,27,37,0,15,15,0,200,28276,100,0,200,559,0,0,0,0,0,False,False,False
2016-01-13,0,27,37,0,15,15,0,200,28300,100,0,200,559,0,0,0,0,0,False,False,False
2016-01-14,0,27,37,0,15,15,0,200,28324,100,0,200,559,0,0,0,0,0,False,False,False
2016-01-15,0,27,37,0,15,15,0,200,28348,100,0,200,559,0,0,0,0,0,False,False,False
2016-01-16,0,27,37,0,15,15,0,201,28371,100,0,201,559,0,0,0,0,0,False,False,False
2016-01-17,0,26,37,0,15,15,0,202,28396,100,0,202,559,0,0,0,0,0,False,False,False
2016-01-18,0,26,37,0,15,15,0,202,28420,100,0,202,559,0,0,0,0,0,False,False,False
2016-01-19,0,26,37,0,15,15,0,202,28443,100,0,202,559,0,0,0,0,0,False,False,False
2016-01-20,0,27,37,0,15,15,0,203,28468,100,0,203,559,0,0,0,0,0,False,False,False
2016-01-21,0,27,37,0,15,15,0,203,28492,100,0,203,559,0,0,0,0,0,False,False,False
2016-01-22,0,26,37,0,15,15,0,204,28516,100,0,204,559,0,0,0,0,0,False,False,False
2016-01-23,0,26,37,0,15,15,0,205,28539,100,0,205,559,0,0,0,0,0,False,False,False
2016-01-24,0,27,37,1,15,15,0,205,28564,100,0,205,559,0,0,0,0,0,False,False,False
2016-01-25,0,27,37,1,15,15,0,206,28588,100,0,206,559,0,0,0,0,0,False,False,False
2016-01-26,0,27,37,0,15,15,0,206,28611,100,0,206,559,0,0,0,0,0,False,False,False
2016-01-27,0,26,37,0,15,15,0,206,28636,100,0,206,559,0,0,0,0,0,False,False,False
2016-01-28,0,27,37,0,15,15,0,206,28660,100,0,206,559,0,0,0,0,0,False,False,False
2016-01-29,0,26,37,0,15,15,0,206,28683,100,0,206,559,0,0,0,0,0,False,False,False
2016-01-30,0,27,37,0,15,15,0,207,28708,100,0,207,559,0,0,0,0,0,False,False,False
2016-01-31,0,27,37,131072,15,15,0,207,28732,100,0,207,559,0,0,0,0,0,False,False,False
2016-02-01,0,26,37,0,15,15,0,207,28755,100,0,207,559,0,0,0,0,0,False,False,False
2016-02-02,0,26,37,0,15,15,0,208,28780,100,0,208,559,0,0,0,0,0,False,False,False
2016-02-03,0,27,37,0,15,15,0,208,28804,100,0,208,559,0,0,0,0,0,False,False,False
2016-02-04,0,27,36,0,15,15,0,209,28828,100,0,209,559,0,0,0,0,0,False,False,False
2016-02-05,0,27,36,0,15,15,0,209,28851,100,0,209,559,0,0,0,0,0,False,False,False
2016-02-06,0,27,37,0,15,15,0,210,28876,100,0,210,559,0,0,0,0,0,False,False,False
2016-02-07,0,26,37,0,15,15,0,210,28900,100,0,210,559,0,0,0,0,0,False,False,False
2016-02-08,0,26,37,0,15,15,0,210,28923,100,0,210,559,0,0,0,0,0,False,False,False
2016-02-09,0,27,37,0,15,15,0,211,28948,100,0,211,559,0,0,0,0,0,False,False,False
2016-02-10,0,26,37,0,15,15,0,211,28972,100,0,211,559,0,0,0,0,0,False,False,False
2016-02-11,0,26,37,0,15,15,0,211,28996,100,0,211,559,0,0,0,0,0,False,False,False
2016-02-12,0,26,37,0,15,15,0,211,29019,100,0,211,559,0,0,0,0,0,False,False,False
2016-02-13,0,26,37,0,15,15,0,211,29044,100,0,211,559,0,0,0,0,0,False,False,False
2016-02-14,0,27,37,0,15,15,0,212,29068,100,0,212,559,0,0,0,0,0,False,False,False
2016-02-15,0,27,37,0,15,15,0,212,29091,100,0,212,559,0,0,0,0,0,False,False,False
2016-02-16,0,27,37,0,15,15,0,212,29116,100,0,212,559,0,0,0,0,0,False,False,False
2016-02-17,0,27,37,0,15,15,0,212,29140,100,0,212,559,0,0,0,0,0,False,False,False
2016-02-18,0,26,37,0,15,15,0,212,29163,100,0,212,559,0,0,0,0,0,False,False,False
2016-02-19,0,26,37,0,15,15,0,212,29188,100,0,212,559,0,0,0,0,0,False,False,False
2016-02-20,0,26,37,0,15,15,0,212,29212,100,0,212,559,0,0,0,0,0,False,False,False
2016-02-21,0,26,37,0,15,15,0,212,29236,100,0,212,559,0,0,0,0,0,False,False,False
2016-02-22,0,26,37,0,15,15,0,212,29259,100,0,212,559,0,0,0,0,0,False,False,False
2016-02-23,0,26,37,0,15,15,0,212,29284,100,0,212,559,0,0,0,0,0,False,False,False
2016-02-24,0,26,37,0,15,15,0,212,29308,100,0,212,559,0,0,0,0,0,False,False,False
2016-02-25,0,26,37,0,15,15,0,213,29331,100,0,213,559,0,0,0,0,0,False,False,False
2016-02-26,0,27,37,0,15,15,0,213,29356,100,0,213,559,0,0,0,0,0,False,False,False
2016-02-27,0,27,37,0,15,15,0,213,29380,100,0,213,559,0,0,0,0,0,False,False,False
2016-02-28,0,27,37,0,15,15,0,214,29403,100,0,214,559,0,0,0,0,0,False,False,False
2016-02-29,0,27,37,0,15,15,0,214,29428,100,0,214,559,0,0,0,0,0,False,False,False
2016-03-01,0,26,37,0,15,15,0,214,29452,100,0,214,559,0,0,0,0,0,False,False,False
2016-03-02,0,26,37,0,15,15,0,215,29476,100,0,215,559,0,0,0,0,0,False,False,False
2016-03-03,0,27,37,0,15,15,0,215,29499,100,0,215,559,0,0,0,0,0,False,False,False
2016-03-04,0,26,37,0,15,15,0,215,29524,100,0,215,559,0,0,0,0,0,False,False,False
2016-03-05,0,26,37,0,15,15,0,216,29548,100,0,216,559,0,0,0,0,0,False,False,False
2016-03-06,0,29,37,0,15,15,0,216,29571,100,0,216,559,0,0,0,0,0,False,False,False
2016-03-07,0,26,37,0,15,15,0,216,29596,100,0,216,559,0,0,0,0,0,False,False,False
2016-03-08,0,26,37,0,15,15,0,217,29620,100,0,217,559,0,0,0,0,0,False,False,False
2016-03-09,0,25,37,0,15,15,0,217,29643,100,0,217,559,0,0,0,0,0,False,False,False
2016-03-10,0,26,37,0,15,15,0,217,29668,100,0,217,559,0,0,0,0,0,False,False,False
2016-03-11,0,25,37,3,15,15,0,217,29692,100,0,217,559,0,0,0,0,0,False,False,False
2016-03-12,0,26,37,0,15,15,0,217,29716,100,0,217,559,0,0,0,0,0,False,False,False
2016-03-13,0,26,37,0,15,15,0,218,29739,100,0,218,559,0,0,0,0,0,False,False,False
2016-03-14,0,26,37,0,15,15,0,218,29764,100,0,218,559,0,0,0,0,0,False,False,False
2016-03-15,0,26,37,0,15,15,0,218,29787,100,0,218,559,0,0,0,0,0,False,False,False
2016-03-16,0,26,37,0,15,15,0,218,29811,100,0,218,559,0,0,0,0,0,False,False,False
2016-03-17,0,26,37,0,15,15,0,218,29834,100,0,218,559,0,0,0,0,0,False,False,False
2016-03-18,0,26,37,0,15,15,0,219,29859,100,0,219,559,0,0,0,0,0,False,False,False
2016-03-19,0,26,37,0,15,15,0,220,29883,100,0,220,559,0,0,0,0,0,False,False,False
2016-03-20,0,26,36,0,15,15,0,221,29907,100,0,221,559,0,0,0,0,0,False,False,False
2016-03-21,0,25,36,0,15,15,0,221,29931,100,0,221,559,0,0,0,0,0,False,False,False
2016-03-22,0,26,36,0,15,15,0,221,29955,100,0,221,559,0,0,0,0,0,False,False,False
2016-03-23,0,26,36,0,15,15,0,221,29979,100,0,221,559,0,0,0,0,0,False,False,False
2016-03-24,0,26,36,0,15,15,0,221,30002,100,0,221,559,0,0,0,0,0,False,False,False
2016-03-25,0,26,36,0,15,15,0,221,30027,100,0,221,559,0,0,0,0,0,False,False,False
2016-03-26,0,26,36,0,15,15,0,221,30051,100,0,221,559,0,0,0,0,0,False,False,False
2016-03-27,0,26,36,0,15,15,0,221,30074,100,0,221,559,0,0,0,0,0,False,False,False
2016-03-28,0,26,37,0,15,15,0,221,30099,100,0,221,559,0,0,0,0,0,False,False,False
2016-03-29,0,26,37,0,15,15,0,222,30123,100,0,222,559,0,0,0,0,0,False,False,False
2016-03-30,0,27,37,65536,15,15,0,222,30146,100,0,222,559,0,0,0,0,0,False,False,False
2016-03-31,0,27,37,0,15,15,0,222,30171,100,0,222,559,0,0,0,0,0,False,False,False
2016-04-01,0,26,37,65536,15,15,0,223,30195,100,0,223,559,0,0,0,0,0,False,False,False
2016-04-02,0,26,37,0,15,15,0,224,30219,100,0,224,559,0,0,0,0,0,False,False,False
2016-04-03,0,26,37,0,15,15,0,224,30243,100,0,224,559,0,0,0,0,0,False,False,False
2016-04-04,0,26,37,1,15,15,0,225,30267,100,0,225,559,0,0,0,0,0,False,False,False
2016-04-05,0,27,37,0,15,15,0,225,30291,100,0,225,559,0,0,0,0,0,False,False,False
2016-04-06,0,26,37,0,15,15,0,225,30314,100,0,225,559,0,0,0,0,0,False,False,False
2016-04-07,0,26,37,0,15,15,0,226,30339,100,0,226,559,0,0,0,0,0,False,False,False
2016-04-08,0,26,37,0,15,15,0,226,30363,100,0,226,559,0,0,0,0,0,False,False,False
2016-04-09,0,26,37,0,15,15,0,226,30386,100,0,226,559,0,0,0,0,0,False,False,False
2016-04-10,0,26,37,0,15,15,0,226,30411,100,0,226,559,0,0,0,0,0,False,False,False
2016-04-11,0,26,37,0,15,15,0,226,30435,100,0,226,559,0,0,0,0,0,False,False,False
2016-04-12,0,26,37,0,15,15,0,226,30459,100,0,226,559,0,0,0,0,0,False,False,False
2016-04-13,0,26,37,0,15,15,0,226,30483,100,0,226,559,0,0,0,0,0,False,False,False
2016-04-14,0,25,37,0,15,15,0,227,30507,100,0,227,559,0,0,0,0,0,False,False,False
2016-04-15,0,26,37,0,15,15,0,227,30531,100,0,227,559,0,0,0,0,0,False,False,False
2016-04-16,0,25,37,0,15,15,0,227,30554,100,0,227,559,0,0,0,0,0,False,False,False
2016-04-17,0,25,37,0,15,15,0,228,30579,100,0,228,559,0,0,0,0,0,False,False,False
2016-04-18,0,25,37,0,15,15,0,228,30603,100,0,228,559,0,0,0,0,0,False,False,False
2016-04-19,0,24,37,0,15,15,0,228,30626,100,0,228,559,0,0,0,0,0,False,False,False
2016-04-20,0,25,37,0,15,15,0,229,30651,100,0,229,559,0,0,0,0,0,False,False,False
2016-04-21,0,25,37,0,15,15,0,229,30675,100,0,229,559,0,0,0,0,0,False,False,False
2016-04-22,0,25,37,0,15,15,0,229,30699,100,0,229,559,0,0,0,0,0,False,False,False
2016-04-23,0,25,37,0,15,15,0,229,30723,100,0,229,559,0,0,0,0,0,False,False,False
2016-04-24,0,25,37,0,15,15,0,230,30747,100,0,230,559,0,0,0,0,0,False,False,False
2016-04-25,0,25,37,0,15,15,0,231,30771,100,0,231,559,0,0,0,0,0,False,False,False
2016-04-26,0,25,37,0,15,15,0,232,30794,100,0,232,559,0,0,0,0,0,False,False,False
2016-04-27,0,25,37,0,15,15,0,232,30819,100,0,232,559,0,0,0,0,0,False,False,False
2016-04-28,0,25,37,0,15,15,0,232,30843,100,0,232,559,0,0,0,0,0,False,False,False
2016-04-29,0,25,37,0,15,15,0,232,30866,100,0,232,559,0,0,0,0,0,False,False,False
2016-04-30,0,25,37,0,15,15,0,232,30891,100,0,232,559,0,0,0,0,0,False,False,False
2016-05-01,0,25,37,0,15,15,0,233,30915,100,0,233,559,0,0,0,0,0,False,False,False
2016-05-02,0,25,36,1,15,15,0,234,30938,100,0,234,559,0,0,0,0,0,False,False,False
2016-05-03,0,25,36,0,15,15,0,234,30963,100,0,234,559,0,0,0,0,0,False,False,False
2016-05-04,0,26,37,0,15,15,0,235,30987,100,0,235,559,0,0,0,0,0,False,False,False
2016-05-05,0,25,37,0,15,15,0,235,31011,100,0,235,559,0,0,0,0,0,False,False,False
2016-05-06,0,26,37,0,15,15,0,236,31035,100,0,236,559,0,0,0,0,0,False,False,False
2016-05-07,0,26,37,0,15,15,0,236,31059,100,0,236,559,0,0,0,0,0,False,False,False
2016-05-08,0,26,37,0,15,15,0,236,31083,100,0,236,559,0,0,0,0,0,False,False,False
2016-05-09,0,27,37,0,15,15,0,236,31106,100,0,236,559,0,0,0,0,0,False,False,False
2016-05-10,0,27,37,0,15,15,0,236,31131,100,0,236,559,0,0,0,0,0,False,False,False
2016-05-11,0,27,37,0,15,15,0,236,31155,100,0,236,559,0,0,0,0,0,False,False,False
2016-05-12,0,27,37,0,15,15,0,237,31178,100,0,237,559,0,0,0,0,0,False,False,False
2016-05-13,0,27,37,0,15,15,0,238,31203,100,0,238,559,0,0,0,0,0,False,False,False
2016-05-14,0,26,37,0,15,15,0,238,31227,100,0,238,559,0,0,0,0,0,False,False,False
2016-05-15,0,26,37,0,15,15,0,238,31251,100,0,238,559,0,0,0,0,0,False,False,False
2016-05-16,0,27,37,0,15,15,0,238,31274,100,0,238,559,0,0,0,0,0,False,False,False
2016-05-17,0,27,37,0,15,15,0,239,31299,100,0,239,559,0,0,0,0,0,False,False,False
2016-05-18,0,27,37,65536,15,15,0,239,31323,100,0,239,559,0,0,0,0,0,False,False,False
2016-05-19,0,27,37,0,15,15,0,239,31346,100,0,239,559,0,0,0,0,0,False,False,False
2016-05-20,0,26,37,0,15,15,0,239,31371,100,0,239,559,0,0,0,0,0,False,False,False
2016-05-21,0,26,37,0,15,15,0,239,31395,100,0,239,559,0,0,0,0,0,False,False,False
2016-05-22,0,27,37,0,15,15,0,240,31418,100,0,240,559,0,0,0,0,0,False,False,False
2016-05-23,0,26,37,0,15,15,0,240,31443,100,0,240,559,0,0,0,0,0,False,False,False
2016-05-24,0,27,37,0,15,15,0,240,31467,100,0,240,559,0,0,0,0,0,False,False,False
2016-05-25,0,27,37,0,15,15,0,241,31491,100,0,241,559,0,0,0,0,0,False,False,False
2016-05-26,0,27,37,0,15,15,0,242,31515,100,0,242,559,0,0,0,0,0,False,False,False
2016-05-27,0,27,37,2,15,15,0,243,31539,100,0,243,559,0,0,0,0,0,False,False,False
2016-05-28,0,27,37,0,15,15,0,243,31563,100,0,243,559,0,0,0,0,0,False,False,False
2016-05-29,0,27,37,0,15,15,0,243,31587,100,0,243,559,0,0,0,0,0,False,False,False
2016-05-30,0,28,37,0,15,15,0,244,31611,100,0,244,559,0,0,0,0,0,False,False,False
2016-05-31,0,28,37,0,15,15,0,245,31635,100,0,245,559,0,0,0,0,0,False,False,False
2016-06-01,0,28,36,0,15,15,0,246,31658,100,0,246,559,0,0,0,0,0,False,False,False
2016-06-02,0,28,36,0,15,15,0,246,31683,100,0,246,559,0,0,0,0,0,False,False,False
2016-06-03,0,28,36,0,15,15,0,246,31707,100,0,246,559,0,0,0,0,0,False,False,False
2016-06-04,0,28,37,0,15,15,0,247,31731,100,0,247,559,0,0,0,0,0,False,False,False
2016-06-05,0,28,37,0,16,16,0,249,31754,100,0,249,559,0,0,0,0,0,False,False,False
2016-06-06,0,28,37,0,16,16,0,249,31779,100,0,249,559,0,0,0,0,0,False,False,False
2016-06-07,0,28,37,0,16,16,0,249,31803,100,0,249,559,0,0,0,0,0,False,False,False
2016-06-08,0,28,37,0,16,16,0,249,31827,100,0,249,559,0,0,0,0,0,False,False,False
2016-06-09,0,28,37,65536,16,16,0,249,31850,100,0,249,559,0,0,0,0,0,False,False,False
2016-06-10,0,28,37,0,16,16,0,249,31875,100,0,249,559,0,0,0,0,0,False,False,False
2016-06-11,0,27,37,0,16,16,0,249,31899,100,0,249,559,0,0,0,0,0,False,False,False
2016-06-12,0,28,37,0,16,16,0,250,31922,100,0,250,559,0,0,0,0,0,False,False,False
2016-06-13,0,27,37,5,16,16,0,250,31947,100,0,250,559,0,0,0,0,0,False,False,False
2016-06-14,0,27,37,0,16,16,0,251,31971,100,0,251,559,0,0,0,0,0,False,False,False
2016-06-15,0,27,37,0,16,16,0,251,31994,100,0,251,559,0,0,0,0,0,False,False,False
2016-06-16,0,27,37,0,16,16,0,251,32018,100,0,251,559,0,0,0,0,0,False,False,False
2016-06-17,0,27,37,0,16,16,0,252,32043,100,0,252,559,0,0,0,0,0,False,False,False
2016-06-18,0,27,37,0,16,16,0,252,32067,100,0,252,559,0,0,0,0,0,False,False,False
2016-06-19,0,27,37,0,16,16,0,253,32090,100,0,253,559,0,0,0,0,0,False,False,False
2016-06-20,0,27,37,65536,16,16,0,253,32115,100,0,253,559,0,0,0,0,0,False,False,False
2016-06-21,0,29,37,0,16,16,0,253,32139,100,0,253,559,0,0,0,0,0,False,False,False
2016-06-22,0,30,37,0,16,16,0,253,32162,100,0,253,559,0,0,0,0,0,False,False,False
2016-06-23,0,30,37,0,16,16,0,254,32187,100,0,254,559,0,0,0,0,0,False,False,False
2016-06-24,0,29,37,3,16,16,0,254,32211,100,0,254,559,0,0,0,0,0,False,False,False
2016-06-25,0,29,37,0,16,16,0,254,32234,100,0,254,559,0,0,0,0,0,False,False,False
2016-06-26,0,29,37,0,16,16,0,255,32259,100,0,255,559,0,0,0,0,0,False,False,False
2016-06-27,0,30,37,0,16,16,0,255,32283,100,0,255,559,0,0,0,0,0,False,False,False
2016-06-28,0,30,37,0,16,16,0,255,32307,100,0,255,559,0,0,0,0,0,False,False,False
2016-06-29,0,30,37,131072,16,16,0,256,32330,100,0,256,559,0,0,0,0,0,False,False,False
2016-06-30,0,30,37,0,16,16,0,256,32355,100,0,256,559,0,0,0,0,0,False,False,False
