date,failure,Smart 194: Temperature_Celsius (Raw Value),Smart 8: Seek_Time_Performance (Raw Value),Smart 1: Raw_Read_Error_Rate (Raw Value),Smart 12: Power_Cycle_Count (Raw Value),Smart 4: Start_Stop_Count (Raw Value),Smart 10: Spin_Retry_Count (Raw Value),Smart 192: Power-Off_Retract_Count (Raw Value),Smart 9: Power_On_Hours (Raw Value),Smart 2: Throughput_Performance (Raw Value),Smart 7: Seek_Error_Rate (Raw Value),Smart 193: Load_Cycle_Count (Raw Value),Smart 3: Spin_Up_Time (Raw Value),Smart 5: Reallocated_Sector_Ct (Raw Value),Smart 197: Current_Pending_Sector (Raw Value),Smart 198: Offline_Uncorrectable (Raw Value),Smart 199: UDMA_CRC_Error_Count (Raw Value),Smart 196: Reallocated_Event_Count (Raw Value),op_fail_30,op_fail_15,op_fail_1
2013-04-10,0,29,,1,,,,,13053,,,,,0,0,,,,False,False,False
2013-04-11,0,29,,0,,,,,13077,,,,,0,0,,,,False,False,False
2013-04-12,0,30,,0,,,,,13101,,,,,0,0,,,,False,False,False
2013-04-13,0,30,,0,,,,,13125,,,,,0,0,,,,False,False,False
2013-04-14,0,30,,0,,,,,13149,,,,,0,0,,,,False,False,False
2013-04-15,0,30,,0,,,,,13173,,,,,0,0,,,,False,False,False
2013-04-16,0,30,,65536,,,,,13197,,,,,0,0,,,,False,False,False
2013-04-17,0,30,,0,,,,,13221,,,,,0,0,,,,False,False,False
2013-04-18,0,30,,0,,,,,13245,,,,,0,0,,,,False,False,False
2013-04-19,0,23,,458753,,,,,13263,,,,,0,0,,,,False,False,False
2013-04-20,0,24,,0,,,,,13287,,,,,0,0,,,,False,False,False
2013-04-21,0,24,,0,,,,,13311,,,,,0,0,,,,False,False,False
2013-04-22,0,25,,0,,,,,13335,,,,,0,0,,,,False,False,False
2013-04-23,0,23,,0,,,,,13359,,,,,0,0,,,,False,False,False
2013-04-24,0,22,,0,,,,,13383,,,,,0,0,,,,False,False,False
2013-04-25,0,21,,0,,,,,13407,,,,,0,0,,,,False,False,False
2013-04-26,0,23,,0,,,,,13431,,,,,0,0,,,,False,False,False
2013-04-27,0,22,,0,,,,,13455,,,,,0,0,,,,False,False,False
2013-04-28,0,23,,0,,,,,13479,,,,,0,0,,,,False,False,False
2013-04-29,0,21,,0,,,,,13503,,,,,0,0,,,,False,False,False
2013-04-30,0,27,,0,,,,,13527,,,,,0,0,,,,False,False,False
2013-05-01,0,27,,0,,,,,13551,,,,,0,0,,,,False,False,False
2013-05-02,0,23,,0,,,,,13575,,,,,0,0,,,,False,False,False
2013-05-03,0,23,,0,,,,,13599,,,,,0,0,,,,False,False,False
2013-05-04,0,21,,0,,,,,13623,,,,,0,0,,,,False,False,False
2013-05-05,0,20,,0,,,,,13647,,,,,0,0,,,,False,False,False
2013-05-06,0,21,,0,,,,,13671,,,,,0,0,,,,False,False,False
2013-05-07,0,20,,0,,,,,13695,,,,,0,0,,,,False,False,False
2013-05-08,0,27,,0,,,,,13719,,,,,0,0,,,,False,False,False
2013-05-09,0,27,,0,,,,,13743,,,,,0,0,,,,False,False,False
2013-05-10,0,27,,0,,,,,13767,,,,,0,0,,,,False,False,False
2013-05-11,0,27,,0,,,,,13791,,,,,0,0,,,,False,False,False
2013-05-12,0,27,,0,,,,,13815,,,,,0,0,,,,False,False,False
2013-05-13,0,27,,1,,,,,13839,,,,,0,0,,,,False,False,False
2013-05-14,0,27,,0,,,,,13863,,,,,0,0,,,,False,False,False
2013-05-15,0,26,,0,,,,,13887,,,,,0,0,,,,False,False,False
2013-05-16,0,27,,0,,,,,13911,,,,,0,0,,,,False,False,False
2013-05-17,0,22,,0,,,,,13935,,,,,0,0,,,,False,False,False
2013-05-18,0,27,,0,,,,,13959,,,,,0,0,,,,False,False,False
2013-05-19,0,27,,1,,,,,13983,,,,,0,0,,,,False,False,False
2013-05-20,0,27,,0,,,,,14007,,,,,0,0,,,,False,False,False
2013-05-21,0,26,,0,,,,,14031,,,,,0,0,,,,False,False,False
2013-05-22,0,26,,0,,,,,14055,,,,,0,0,,,,False,False,False
2013-05-23,0,27,,0,,,,,14079,,,,,0,0,,,,False,False,False
2013-05-24,0,25,,0,,,,,14103,,,,,0,0,,,,False,False,False
2013-05-25,0,26,,0,,,,,14127,,,,,0,0,,,,False,False,False
2013-05-26,0,26,,0,,,,,14151,,,,,0,0,,,,False,False,False
2013-05-27,0,26,,0,,,,,14174,,,,,0,0,,,,False,False,False
2013-05-28,0,25,,0,,,,,14199,,,,,0,0,,,,False,False,False
2013-05-29,0,25,,0,,,,,14223,,,,,0,0,,,,False,False,False
2013-05-30,0,26,,0,,,,,14247,,,,,0,0,,,,False,False,False
2013-05-31,0,25,,0,,,,,14271,,,,,0,0,,,,False,False,False
2013-06-01,0,25,,0,,,,,14295,,,,,0,0,,,,False,False,False
2013-06-02,0,25,,0,,,,,14319,,,,,0,0,,,,False,False,False
2013-06-03,0,27,,0,,,,,14343,,,,,0,0,,,,False,False,False
2013-06-04,0,27,,0,,,,,14367,,,,,0,0,,,,False,False,False
2013-06-05,0,23,,0,,,,,14391,,,,,0,0,,,,False,False,False
2013-06-06,0,20,,0,,,,,14415,,,,,0,0,,,,False,False,False
2013-06-07,0,22,,1,,,,,14439,,,,,0,0,,,,False,False,False
2013-06-08,0,20,,0,,,,,14463,,,,,0,0,,,,False,False,False
2013-06-09,0,21,,0,,,,,14487,,,,,0,0,,,,False,False,False
2013-06-10,0,19,,0,,,,,14511,,,,,0,0,,,,False,False,False
2013-06-11,0,20,,0,,,,,14535,,,,,0,0,,,,False,False,False
2013-06-12,0,22,,0,,,,,14559,,,,,0,0,,,,False,False,False
2013-06-13,0,26,,0,,,,,14583,,,,,0,0,,,,False,False,False
2013-06-14,0,26,,0,,,,,14607,,,,,0,0,,,,False,False,False
2013-06-15,0,26,,0,,,,,14631,,,,,0,0,,,,False,False,False
2013-06-16,0,26,,0,,,,,14655,,,,,0,0,,,,False,False,False
2013-06-17,0,20,,0,,,,,14679,,,,,0,0,,,,False,False,False
2013-06-18,0,19,,0,,,,,14703,,,,,0,0,,,,False,False,False
2013-06-19,0,25,,0,,,,,14727,,,,,0,0,,,,False,False,False
2013-06-20,0,20,,0,,,,,14751,,,,,0,0,,,,False,False,False
2013-06-21,0,19,,0,,,,,14775,,,,,0,0,,,,False,False,False
2013-06-22,0,20,,0,,,,,14799,,,,,0,0,,,,False,False,False
2013-06-23,0,26,,0,,,,,14823,,,,,0,0,,,,False,False,False
2013-06-24,0,27,,0,,,,,14847,,,,,0,0,,,,False,False,False
2013-06-25,0,27,,0,,,,,14871,,,,,0,0,,,,False,False,False
2013-06-26,0,25,,0,,,,,14895,,,,,0,0,,,,False,False,False
2013-06-27,0,25,,0,,,,,14919,,,,,0,0,,,,False,False,False
2013-06-28,0,26,,0,,,,,14943,,,,,0,0,,,,False,False,False
2013-06-29,0,26,,0,,,,,14967,,,,,0,0,,,,False,False,False
2013-06-30,0,25,,0,,,,,14991,,,,,0,0,,,,False,False,False
2013-07-01,0,25,,0,,,,,15015,,,,,0,0,,,,False,False,False
2013-07-02,0,25,,0,,,,,15039,,,,,0,0,,,,False,False,False
2013-07-03,0,26,,0,,,,,15063,,,,,0,0,,,,False,False,False
2013-07-04,0,26,,0,,,,,15087,,,,,0,0,,,,False,False,False
2013-07-05,0,26,,0,,,,,15111,,,,,0,0,,,,False,False,False
2013-07-06,0,26,,0,,,,,15135,,,,,0,0,,,,False,False,False
2013-07-07,0,27,,0,,,,,15159,,,,,0,0,,,,False,False,False
2013-07-08,0,26,,65536,,,,,15183,,,,,0,0,,,,False,False,False
2013-07-09,0,25,,0,,,,,15207,,,,,0,0,,,,False,False,False
2013-07-10,0,24,,0,,,,,15231,,,,,0,0,,,,False,False,False
2013-07-11,0,26,,0,,,,,15255,,,,,0,0,,,,False,False,False
2013-07-12,0,26,,0,,,,,15279,,,,,0,0,,,,False,False,False
2013-07-13,0,26,,0,,,,,15303,,,,,0,0,,,,False,False,False
2013-07-14,0,26,,0,,,,,15327,,,,,0,0,,,,False,False,False
2013-07-15,0,25,,0,,,,,15351,,,,,0,0,,,,False,False,False
2013-07-16,0,25,,0,,,,,15375,,,,,0,0,,,,False,False,False
2013-07-17,0,26,,0,,,,,15399,,,,,0,0,,,,False,False,False
2013-07-18,0,27,,0,,,,,15423,,,,,0,0,,,,False,False,False
2013-07-19,0,25,,0,,,,,15447,,,,,0,0,,,,False,False,False
2013-07-20,0,25,,0,,,,,15471,,,,,0,0,,,,False,False,False
2013-07-21,0,25,,0,,,,,15495,,,,,0,0,,,,False,False,False
2013-07-22,0,25,,0,,,,,15519,,,,,0,0,,,,False,False,False
2013-07-23,0,25,,0,,,,,15543,,,,,0,0,,,,False,False,False
2013-07-24,0,23,,0,,,,,15567,,,,,0,0,,,,False,False,False
2013-07-25,0,22,,0,,,,,15591,,,,,0,0,,,,False,False,False
2013-07-26,0,23,,0,,,,,15615,,,,,0,0,,,,False,False,False
2013-07-27,0,23,,0,,,,,15639,,,,,0,0,,,,False,False,False
2013-07-28,0,23,,0,,,,,15663,,,,,0,0,,,,False,False,False
2013-07-29,0,22,,0,,,,,15687,,,,,0,0,,,,False,False,False
2013-07-30,0,24,,0,,,,,15711,,,,,0,0,,,,False,False,False
2013-07-31,0,24,,0,,,,,15735,,,,,0,0,,,,False,False,False
2013-08-01,0,25,,0,,,,,15759,,,,,0,0,,,,False,False,False
2013-08-02,0,26,,0,,,,,15783,,,,,0,0,,,,False,False,False
2013-08-03,0,26,,65538,,,,,15807,,,,,0,0,,,,False,False,False
2013-08-04,0,23,,0,,,,,15831,,,,,0,0,,,,False,False,False
2013-08-05,0,25,,0,,,,,15855,,,,,0,0,,,,False,False,False
2013-08-06,0,25,,0,,,,,15879,,,,,0,0,,,,False,False,False
2013-08-07,0,26,,0,,,,,15903,,,,,0,0,,,,False,False,False
2013-08-08,0,23,,0,,,,,15927,,,,,0,0,,,,False,False,False
2013-08-09,0,24,,0,,,,,15951,,,,,0,0,,,,False,False,False
2013-08-10,0,25,,0,,,,,15975,,,,,0,0,,,,False,False,False
2013-08-11,0,26,,0,,,,,15999,,,,,0,0,,,,False,False,False
2013-08-12,0,23,,0,,,,,16023,,,,,0,0,,,,False,False,False
2013-08-13,0,22,,0,,,,,16047,,,,,0,0,,,,False,False,False
2013-08-14,0,25,,0,,,,,16071,,,,,0,0,,,,False,False,False
2013-08-15,0,24,,0,,,,,16095,,,,,0,0,,,,False,False,False
2013-08-16,0,26,,0,,,,,16119,,,,,0,0,,,,False,False,False
2013-08-17,0,25,,0,,,,,16143,,,,,0,0,,,,False,False,False
2013-08-18,0,25,,0,,,,,16167,,,,,0,0,,,,False,False,False
2013-08-19,0,24,,0,,,,,16191,,,,,0,0,,,,False,False,False
2013-10-15,0,27,,0,,,,,17559,,,,,0,0,,,,False,False,False
2013-10-16,0,26,,0,,,,,17583,,,,,0,0,,,,False,False,False
2013-10-17,0,24,,0,,,,,17607,,,,,0,0,,,,False,False,False
2013-10-18,0,25,,0,,,,,17631,,,,,0,0,,,,False,False,False
2013-10-19,0,25,,0,,,,,17655,,,,,0,0,,,,False,False,False
2013-10-20,0,25,,0,,,,,17679,,,,,0,0,,,,False,False,False
2013-10-21,0,25,,0,,,,,17703,,,,,0,0,,,,False,False,False
2013-10-22,0,27,,65536,,,,,17727,,,,,0,0,,,,False,False,False
2013-10-23,0,25,,0,,,,,17751,,,,,0,0,,,,False,False,False
2013-10-24,0,25,,0,,,,,17775,,,,,0,0,,,,False,False,False
2013-10-25,0,26,,0,,,,,17799,,,,,0,0,,,,False,False,False
2013-10-26,0,25,,65537,,,,,17823,,,,,0,0,,,,False,False,False
2013-10-27,0,25,,0,,,,,17847,,,,,0,0,,,,False,False,False
2013-10-28,0,26,,0,,,,,17871,,,,,0,0,,,,False,False,False
2013-10-29,0,25,,0,,,,,17895,,,,,0,0,,,,False,False,False
2013-10-30,0,26,,0,,,,,17919,,,,,0,0,,,,False,False,False
2013-10-31,0,26,,0,,,,,17943,,,,,0,0,,,,False,False,False
2013-11-01,0,26,,0,,,,,17967,,,,,0,0,,,,False,False,False
2013-11-02,0,26,,0,,,,,17991,,,,,0,0,,,,False,False,False
2013-11-03,0,25,,0,,,,,18015,,,,,0,0,,,,False,False,False
2013-11-04,0,27,,2,,,,,18040,,,,,0,0,,,,False,False,False
2013-11-05,0,25,,0,,,,,18064,,,,,0,0,,,,False,False,False
2013-11-06,0,26,,0,,,,,18088,,,,,0,0,,,,False,False,False
2013-11-07,0,24,,0,,,,,18112,,,,,0,0,,,,False,False,False
2013-11-08,0,23,,0,,,,,18136,,,,,0,0,,,,False,False,False
2013-11-09,0,27,,0,,,,,18160,,,,,0,0,,,,False,False,False
2013-11-10,0,25,,0,,,,,18184,,,,,0,0,,,,False,False,False
2013-11-11,0,24,,0,,,,,18208,,,,,0,0,,,,False,False,False
2013-11-12,0,26,,0,,,,,18232,,,,,0,0,,,,False,False,False
2013-11-13,0,24,,0,,,,,18256,,,,,0,0,,,,False,False,False
2013-11-14,0,26,,0,,,,,18280,,,,,0,0,,,,False,False,False
2013-11-15,0,28,,0,,,,,18304,,,,,0,0,,,,False,False,False
2013-11-16,0,27,,0,,,,,18328,,,,,0,0,,,,False,False,False
2013-11-17,0,27,,0,,,,,18352,,,,,0,0,,,,False,False,False
2013-11-18,0,27,,0,,,,,18376,,,,,0,0,,,,False,False,False
2013-11-19,0,27,,0,,,,,18400,,,,,0,0,,,,False,False,False
2013-11-20,0,27,,0,,,,,18424,,,,,0,0,,,,False,False,False
2013-11-21,0,26,,0,,,,,18448,,,,,0,0,,,,False,False,False
2013-11-22,0,28,,0,,,,,18472,,,,,0,0,,,,False,False,False
2013-11-23,0,28,,0,,,,,18496,,,,,0,0,,,,False,False,False
2013-11-24,0,27,,0,,,,,18520,,,,,0,0,,,,False,False,False
2013-11-25,0,27,,0,,,,,18544,,,,,0,0,,,,False,False,False
2013-11-26,0,25,,0,,,,,18568,,,,,0,0,,,,False,False,False
2013-11-27,0,28,,0,,,,,18592,,,,,0,0,,,,False,False,False
2013-11-28,0,27,,0,,,,,18616,,,,,0,0,,,,False,False,False
2013-11-29,0,26,,0,,,,,18640,,,,,0,0,,,,False,False,False
2013-11-30,0,27,,0,,,,,18664,,,,,0,0,,,,False,False,False
2013-12-01,0,27,,0,,,,,18688,,,,,0,0,,,,False,False,False
2013-12-02,0,27,,0,,,,,18712,,,,,0,0,,,,False,False,False
2013-12-03,0,25,,0,,,,,18736,,,,,0,0,,,,False,False,False
2013-12-04,0,26,,0,,,,,18760,,,,,0,0,,,,False,False,False
2013-12-05,0,27,,0,,,,,18784,,,,,0,0,,,,False,False,False
2013-12-06,0,25,,65536,,,,,18808,,,,,0,0,,,,False,False,False
2013-12-07,0,27,,0,,,,,18832,,,,,0,0,,,,False,False,False
2013-12-08,0,27,,65547,,,,,18856,,,,,0,0,,,,False,False,False
2013-12-09,0,27,,0,,,,,18880,,,,,0,0,,,,False,False,False
2013-12-10,0,27,,0,,,,,18904,,,,,0,0,,,,False,False,False
2013-12-11,0,26,,0,,,,,18928,,,,,0,0,,,,False,False,False
2013-12-12,0,27,,0,,,,,18952,,,,,0,0,,,,False,False,False
2013-12-13,0,27,,0,,,,,18976,,,,,0,0,,,,False,False,False
2013-12-14,0,28,,0,,,,,19000,,,,,0,0,,,,False,False,False
2013-12-15,0,27,,0,,,,,19024,,,,,0,0,,,,False,False,False
2013-12-16,0,26,,0,,,,,19048,,,,,0,0,,,,False,False,False
2013-12-17,0,27,,0,,,,,19072,,,,,0,0,,,,False,False,False
2013-12-18,0,27,,0,,,,,19096,,,,,0,0,,,,False,False,False
2013-12-19,0,27,,0,,,,,19120,,,,,0,0,,,,False,False,False
2013-12-20,0,26,,0,,,,,19144,,,,,0,0,,,,False,False,False
2013-12-21,0,26,,0,,,,,19168,,,,,0,0,,,,False,False,False
2013-12-22,0,28,,0,,,,,19192,,,,,0,0,,,,False,False,False
2013-12-23,0,26,,0,,,,,19216,,,,,0,0,,,,False,False,False
2013-12-24,0,27,,0,,,,,19240,,,,,0,0,,,,False,False,False
2013-12-25,0,27,,0,,,,,19264,,,,,0,0,,,,False,False,False
2013-12-26,0,27,,0,,,,,19288,,,,,0,0,,,,False,False,False
2013-12-27,0,28,,0,,,,,19312,,,,,0,0,,,,False,False,False
2013-12-28,0,26,,0,,,,,19336,,,,,0,0,,,,False,False,False
2013-12-29,0,27,,0,,,,,19360,,,,,0,0,,,,False,False,False
2013-12-30,0,27,,0,,,,,19384,,,,,0,0,,,,False,False,False
2013-12-31,0,26,,0,,,,,19408,,,,,0,0,,,,False,False,False
2014-01-01,0,26,,0,,,,,19432,,,,,0,0,,,,False,False,False
2014-01-02,0,27,,196619,,,,,19456,,,,,0,0,,,,False,False,False
2014-01-03,0,27,,0,,,,,19480,,,,,0,0,,,,False,False,False
2014-01-04,0,27,,0,,,,,19504,,,,,0,0,,,,False,False,False
2014-01-05,0,27,,0,,,,,19528,,,,,0,0,,,,False,False,False
2014-01-06,0,27,,0,,,,,19552,,,,,0,0,,,,False,False,False
2014-01-07,0,27,,0,,,,,19576,,,,,0,0,,,,False,False,False
2014-01-08,0,26,,0,,,,,19600,,,,,0,0,,,,False,False,False
2014-01-09,0,27,,0,,,,,19624,,,,,0,0,,,,False,False,False
2014-01-10,0,27,,0,,,,,19648,,,,,0,0,,,,False,False,False
2014-01-11,0,26,,0,,,,,19672,,,,,0,0,,,,False,False,False
2014-01-12,0,27,,0,,,,,19696,,,,,0,0,,,,False,False,False
2014-01-13,0,27,,0,,,,,19720,,,,,0,0,,,,False,False,False
2014-01-14,0,26,,0,,,,,19744,,,,,0,0,,,,False,False,False
2014-01-15,0,26,,0,,,,,19768,,,,,0,0,,,,False,False,False
2014-01-16,0,26,,0,,,,,19792,,,,,0,0,,,,False,False,False
2014-01-17,0,26,,0,,,,,19816,,,,,0,0,,,,False,False,False
2014-01-18,0,27,,0,,,,,19840,,,,,0,0,,,,False,False,False
2014-01-19,0,27,,0,,,,,19864,,,,,0,0,,,,False,False,False
2014-01-20,0,27,,0,,,,,19888,,,,,0,0,,,,False,False,False
2014-01-21,0,27,,2,,,,,19912,,,,,0,0,,,,False,False,False
2014-01-22,0,27,,0,,,,,19936,,,,,0,0,,,,False,False,False
2014-01-23,0,27,,0,,,,,19960,,,,,0,0,,,,False,False,False
2014-01-24,0,28,,0,,,,,19984,,,,,0,0,,,,False,False,False
2014-01-25,0,26,,0,,,,,20008,,,,,0,0,,,,False,False,False
2014-01-26,0,27,,0,,,,,20032,,,,,0,0,,,,False,False,False
2014-01-27,0,27,,0,,,,,20056,,,,,0,0,,,,False,False,False
2014-01-28,0,26,,0,,,,,20080,,,,,0,0,,,,False,False,False
2014-01-29,0,27,,0,,,,,20104,,,,,0,0,,,,False,False,False
2014-01-30,0,27,,0,,,,,20128,,,,,0,0,,,,False,False,False
2014-01-31,0,27,,0,,,,,20152,,,,,0,0,,,,False,False,False
2014-02-01,0,27,,0,,,,,20176,,,,,0,0,,,,False,False,False
2014-02-02,0,27,,0,,,,,20200,,,,,0,0,,,,False,False,False
2014-02-03,0,27,,65536,,,,,20224,,,,,0,0,,,,False,False,False
2014-02-04,0,27,,720905,,,,,20248,,,,,0,0,,,,False,False,False
2014-02-05,0,28,,0,,,,,20272,,,,,0,0,,,,False,False,False
2014-02-06,0,27,,0,,,,,20295,,,,,0,0,,,,False,False,False
2014-02-07,0,27,,0,,,,,20318,,,,,0,0,,,,False,False,False
2014-02-08,0,27,,0,,,,,20342,,,,,0,0,,,,False,False,False
2014-02-09,0,27,,0,,,,,20366,,,,,0,0,,,,False,False,False
2014-02-10,0,28,,0,,,,,20390,,,,,0,0,,,,False,False,False
2014-02-11,0,28,,0,,,,,20414,,,,,0,0,,,,False,False,False
2014-02-12,0,28,,65536,,,,,20438,,,,,0,0,,,,False,False,False
2014-02-13,0,28,,0,,,,,20462,,,,,0,0,,,,False,False,False
2014-02-14,0,28,0,0,18,18,0,684,20486,0,0,684,563,0,0,0,2,0,False,False,False
2014-02-15,0,29,0,0,18,18,0,685,20510,0,0,685,563,0,0,0,2,0,False,False,False
2014-02-16,0,29,0,0,18,18,0,686,20535,0,0,686,563,0,0,0,2,0,False,False,False
2014-02-17,0,27,0,0,18,18,0,687,20558,0,0,687,563,0,0,0,2,0,False,False,False
2014-02-18,0,27,0,0,18,18,0,688,20582,0,0,688,563,0,0,0,2,0,False,False,False
2014-02-19,0,27,0,0,18,18,0,689,20606,0,0,689,563,0,0,0,2,0,False,False,False
2014-02-20,0,27,0,0,18,18,0,690,20630,0,0,690,563,0,0,0,2,0,False,False,False
2014-02-21,0,27,0,1,18,18,0,691,20654,0,0,691,563,0,0,0,2,0,False,False,False
2014-02-22,0,29,0,0,18,18,0,692,20678,0,0,692,563,0,0,0,2,0,False,False,False
2014-02-23,0,28,0,0,18,18,0,693,20702,0,0,693,563,0,0,0,2,0,False,False,False
2014-02-24,0,27,0,0,18,18,0,694,20726,0,0,694,563,0,0,0,2,0,False,False,False
2014-02-25,0,27,0,0,18,18,0,695,20750,0,0,695,563,0,0,0,2,0,False,False,False
2014-02-26,0,28,0,0,18,18,0,696,20774,0,0,696,563,0,0,0,2,0,False,False,False
2014-02-27,0,27,0,0,18,18,0,697,20798,0,0,697,563,0,0,0,2,0,False,False,False
2014-02-28,0,27,0,0,19,19,0,698,20822,0,0,698,563,0,0,0,2,0,False,False,False
2014-03-01,0,27,0,1,19,19,0,699,20846,0,0,699,563,0,0,0,2,0,False,False,False
2014-03-02,0,27,0,0,19,19,0,700,20870,0,0,700,563,0,0,0,2,0,False,False,False
2014-03-03,0,27,0,0,19,19,0,701,20894,0,0,701,563,0,0,0,2,0,False,False,False
2014-03-04,0,28,0,0,19,19,0,702,20918,0,0,702,563,0,0,0,2,0,False,False,False
2014-03-05,0,28,0,0,19,19,0,703,20942,0,0,703,563,0,0,0,2,0,False,False,False
2014-03-06,0,28,0,0,19,19,0,704,20966,0,0,704,563,0,0,0,2,0,False,False,False
2014-03-07,0,27,0,0,19,19,0,705,20990,0,0,705,563,0,0,0,2,0,False,False,False
2014-03-08,0,27,0,0,19,19,0,706,21014,0,0,706,563,0,0,0,2,0,False,False,False
2014-03-09,0,27,0,2,19,19,0,707,21038,0,0,707,563,0,0,0,2,0,False,False,False
2014-03-10,0,28,0,65536,19,19,0,708,21062,0,0,708,563,0,0,0,2,0,False,False,False
2014-03-11,0,27,0,0,19,19,0,709,21085,0,0,709,563,0,0,0,2,0,False,False,False
2014-03-12,0,26,0,0,19,19,0,710,21109,0,0,710,563,0,0,0,2,0,False,False,False
2014-03-13,0,27,0,0,19,19,0,711,21133,0,0,711,563,0,0,0,2,0,False,False,False
2014-03-14,0,27,0,0,19,19,0,712,21157,0,0,712,563,0,0,0,2,0,False,False,False
2014-03-15,0,27,0,0,19,19,0,713,21181,0,0,713,563,0,0,0,2,0,False,False,False
2014-03-16,0,27,0,0,19,19,0,713,21205,0,0,713,563,0,0,0,2,0,False,False,False
2014-03-17,0,28,0,0,19,19,0,714,21229,0,0,714,563,0,0,0,2,0,False,False,False
2014-03-18,0,27,0,0,19,19,0,715,21253,0,0,715,563,0,0,0,2,0,False,False,False
2014-03-19,0,26,0,0,19,19,0,716,21277,0,0,716,563,0,0,0,2,0,False,False,False
2014-03-20,0,27,0,0,19,19,0,717,21301,0,0,717,563,0,0,0,2,0,False,False,False
2014-03-21,0,27,0,0,19,19,0,718,21325,0,0,718,563,0,0,0,2,0,False,False,False
2014-03-22,0,27,0,0,19,19,0,719,21349,0,0,719,563,0,0,0,2,0,False,False,False
2014-03-23,0,27,0,0,19,19,0,720,21373,0,0,720,563,0,0,0,2,0,False,False,False
2014-03-24,0,27,0,0,19,19,0,721,21397,0,0,721,563,0,0,0,2,0,False,False,False
2014-03-25,0,28,0,0,19,19,0,722,21421,0,0,722,563,0,0,0,2,0,False,False,False
2014-03-26,0,27,0,1114112,19,19,0,723,21445,0,0,723,563,0,0,0,2,0,False,False,False
2014-03-27,0,27,0,0,19,19,0,724,21469,0,0,724,563,0,0,0,2,0,False,False,False
2014-03-28,0,27,0,0,19,19,0,725,21493,0,0,725,563,0,0,0,2,0,False,False,False
2014-03-29,0,27,0,0,19,19,0,726,21518,0,0,726,563,0,0,0,2,0,False,False,False
2014-03-30,0,27,0,0,19,19,0,727,21541,0,0,727,563,0,0,0,2,0,False,False,False
2014-03-31,0,27,0,0,19,19,0,728,21565,0,0,728,563,0,0,0,2,0,False,False,False
2014-04-01,0,27,0,0,19,19,0,729,21589,0,0,729,563,0,0,0,2,0,False,False,False
2014-04-02,0,27,0,1,19,19,0,730,21613,0,0,730,563,0,0,0,2,0,False,False,False
2014-04-03,0,28,0,0,19,19,0,730,21637,0,0,730,563,0,0,0,2,0,False,False,False
2014-04-04,0,26,0,0,19,19,0,731,21661,0,0,731,563,0,0,0,2,0,False,False,False
2014-04-05,0,27,0,0,19,19,0,732,21685,0,0,732,563,0,0,0,2,0,False,False,False
2014-04-06,0,27,0,65536,19,19,0,733,21709,0,0,733,563,0,0,0,2,0,False,False,False
2014-04-07,0,26,0,0,19,19,0,734,21733,0,0,734,563,0,0,0,2,0,False,False,False
2014-04-08,0,25,0,0,19,19,0,735,21758,0,0,735,563,0,0,0,2,0,False,False,False
2014-04-09,0,26,0,0,19,19,0,736,21781,0,0,736,563,0,0,0,2,0,False,False,False
2014-04-10,0,27,0,0,19,19,0,737,21805,0,0,737,563,0,0,0,2,0,False,False,False
2014-04-11,0,27,0,0,19,19,0,738,21829,0,0,738,563,0,0,0,2,0,False,False,False
2014-04-12,0,27,0,0,19,19,0,739,21853,0,0,739,563,0,0,0,2,0,False,False,False
2014-04-13,0,27,0,0,19,19,0,740,21877,0,0,740,563,0,0,0,2,0,False,False,False
2014-04-14,0,27,0,0,19,19,0,741,21901,0,0,741,563,0,0,0,2,0,False,False,False
2014-04-15,0,28,0,0,19,19,0,742,21925,0,0,742,563,0,0,0,2,0,False,False,False
2014-04-16,0,28,0,0,19,19,0,743,21949,0,0,743,563,0,0,0,2,0,False,False,False
2014-04-17,0,28,0,0,19,19,0,744,21973,0,0,744,563,0,0,0,2,0,False,False,False
2014-04-18,0,28,0,0,19,19,0,745,21997,0,0,745,563,0,0,0,2,0,False,False,False
2014-04-19,0,28,0,0,19,19,0,746,22021,0,0,746,563,0,0,0,2,0,False,False,False
2014-04-20,0,28,0,0,19,19,0,747,22045,0,0,747,563,0,0,0,2,0,False,False,False
2014-04-21,0,28,0,0,19,19,0,747,22069,0,0,747,563,0,0,0,2,0,False,False,False
2014-04-22,0,28,0,0,19,19,0,748,22093,0,0,748,563,0,0,0,2,0,False,False,False
2014-04-23,0,27,0,0,19,19,0,749,22117,0,0,749,563,0,0,0,2,0,False,False,False
2014-04-24,0,28,0,0,19,19,0,750,22141,0,0,750,563,0,0,0,2,0,False,False,False
2014-04-25,0,29,0,0,19,19,0,751,22165,0,0,751,563,0,0,0,2,0,False,False,False
2014-04-26,0,27,0,0,19,19,0,752,22189,0,0,752,563,0,0,0,2,0,False,False,False
2014-04-27,0,28,0,2,19,19,0,752,22213,0,0,752,563,0,0,0,2,0,False,False,False
2014-04-28,0,28,0,0,19,19,0,753,22237,0,0,753,563,0,0,0,2,0,False,False,False
2014-04-29,0,28,0,0,19,19,0,754,22261,0,0,754,563,0,0,0,2,0,False,False,False
2014-04-30,0,26,0,0,19,19,0,755,22285,0,0,755,563,0,0,0,2,0,False,False,False
2014-05-01,0,27,0,0,19,19,0,756,22310,0,0,756,563,0,0,0,2,0,False,False,False
2014-05-02,0,27,0,0,19,19,0,757,22333,0,0,757,563,0,0,0,2,0,False,False,False
2014-05-03,0,26,0,0,19,19,0,758,22357,0,0,758,563,0,0,0,2,0,False,False,False
2014-05-04,0,26,0,0,19,19,0,759,22381,0,0,759,563,0,0,0,2,0,False,False,False
2014-05-05,0,27,0,0,19,19,0,760,22405,0,0,760,563,0,0,0,2,0,False,False,False
2014-05-06,0,28,0,0,19,19,0,761,22429,0,0,761,563,0,0,0,2,0,False,False,False
2014-05-07,0,28,0,0,19,19,0,762,22453,0,0,762,563,0,0,0,2,0,False,False,False
2014-05-08,0,26,0,0,19,19,0,763,22477,0,0,763,563,0,0,0,2,0,False,False,False
2014-05-09,0,24,0,0,19,19,0,764,22501,0,0,764,563,0,0,0,2,0,False,False,False
2014-05-10,0,28,0,0,19,19,0,765,22525,0,0,765,563,0,0,0,2,0,False,False,False
2014-05-11,0,28,0,0,19,19,0,766,22550,0,0,766,563,0,0,0,2,0,False,False,False
2014-05-12,0,27,0,0,19,19,0,767,22573,0,0,767,563,0,0,0,2,0,False,False,False
2014-05-13,0,27,0,0,19,19,0,767,22597,0,0,767,563,0,0,0,2,0,False,False,False
2014-05-14,0,28,0,0,19,19,0,768,22621,0,0,768,563,0,0,0,2,0,False,False,False
2014-05-15,0,26,0,0,19,19,0,769,22645,0,0,769,563,0,0,0,2,0,False,False,False
2014-05-16,0,27,0,0,19,19,0,770,22669,0,0,770,563,0,0,0,2,0,False,False,False
2014-05-17,0,27,0,0,19,19,0,771,22693,0,0,771,563,0,0,0,2,0,False,False,False
2014-05-18,0,28,0,1,19,19,0,772,22717,0,0,772,563,0,0,0,2,0,False,False,False
2014-05-19,0,27,0,0,19,19,0,773,22741,0,0,773,563,0,0,0,2,0,False,False,False
2014-05-20,0,28,0,0,19,19,0,774,22765,0,0,774,563,0,0,0,2,0,False,False,False
2014-05-21,0,27,0,0,19,19,0,775,22789,0,0,775,563,0,0,0,2,0,False,False,False
2014-05-22,0,27,0,3,19,19,0,776,22813,0,0,776,563,0,0,0,2,0,False,False,False
2014-05-23,0,27,0,0,19,19,0,777,22837,0,0,777,563,0,0,0,2,0,False,False,False
2014-05-24,0,27,0,0,19,19,0,778,22862,0,0,778,563,0,0,0,2,0,False,False,False
2014-05-25,0,27,0,0,19,19,0,779,22885,0,0,779,563,0,0,0,2,0,False,False,False
2014-05-26,0,25,0,0,19,19,0,780,22909,0,0,780,563,0,0,0,2,0,False,False,False
2014-05-27,0,27,0,0,19,19,0,781,22933,0,0,781,563,0,0,0,2,0,False,False,False
2014-05-28,0,27,0,0,19,19,0,782,22957,0,0,782,563,0,0,0,2,0,False,False,False
2014-05-29,0,27,0,0,19,19,0,783,22981,0,0,783,563,0,0,0,2,0,False,False,False
2014-05-30,0,27,0,0,19,19,0,783,23005,0,0,783,563,0,0,0,2,0,False,False,False
2014-05-31,0,27,0,0,19,19,0,784,23029,0,0,784,563,0,0,0,2,0,False,False,False
2014-06-01,0,27,0,0,19,19,0,785,23053,0,0,785,563,0,0,0,2,0,False,False,False
2014-06-02,0,27,0,65536,19,19,0,786,23077,0,0,786,563,0,0,0,2,0,False,False,False
2014-06-03,0,28,0,1,19,19,0,787,23102,0,0,787,563,0,0,0,2,0,False,False,False
2014-06-04,0,28,0,0,19,19,0,788,23125,0,0,788,563,0,0,0,2,0,False,False,False
2014-06-05,0,28,0,0,19,19,0,789,23149,0,0,789,563,0,0,0,2,0,False,False,False
2014-06-06,0,28,0,0,19,19,0,790,23173,0,0,790,563,0,0,0,2,0,False,False,False
2014-06-07,0,28,0,0,19,19,0,790,23197,0,0,790,563,0,0,0,2,0,False,False,False
2014-06-08,0,28,0,0,19,19,0,791,23221,0,0,791,563,0,0,0,2,0,False,False,False
2014-06-09,0,28,0,0,19,19,0,792,23245,0,0,792,563,0,0,0,2,0,False,False,False
2014-06-10,0,28,0,0,19,19,0,793,23269,0,0,793,563,0,0,0,2,0,False,False,False
2014-06-11,0,27,0,2,19,19,0,794,23293,0,0,794,563,0,0,0,2,0,False,False,False
2014-06-12,0,28,0,0,19,19,0,795,23317,0,0,795,563,0,0,0,2,0,False,False,False
2014-06-13,0,27,0,0,19,19,0,796,23341,0,0,796,563,0,0,0,2,0,False,False,False
2014-06-14,0,28,0,0,19,19,0,797,23365,0,0,797,563,0,0,0,2,0,False,False,False
2014-06-15,0,28,0,2,19,19,0,798,23389,0,0,798,563,0,0,0,2,0,False,False,False
2014-06-16,0,28,0,0,19,19,0,798,23414,0,0,798,563,0,0,0,2,0,False,False,False
2014-06-17,0,27,0,0,19,19,0,799,23437,0,0,799,563,0,0,0,2,0,False,False,False
2014-06-18,0,28,0,0,19,19,0,800,23461,0,0,800,563,0,0,0,2,0,False,False,False
2014-06-19,0,28,0,0,19,19,0,801,23486,0,0,801,563,0,0,0,2,0,False,False,False
2014-06-20,0,27,0,1,19,19,0,802,23509,0,0,802,563,0,0,0,2,0,False,False,False
2014-06-21,0,27,0,0,19,19,0,803,23533,0,0,803,563,0,0,0,2,0,False,False,False
2014-06-23,0,28,0,0,19,19,0,805,23581,0,0,805,563,0,0,0,2,0,False,False,False
2014-06-24,0,28,0,0,19,19,0,806,23605,0,0,806,563,0,0,0,2,0,False,False,False
2014-06-25,0,28,0,0,19,19,0,807,23629,0,0,807,563,0,0,0,2,0,False,False,False
2014-06-26,0,27,0,0,19,19,0,808,23653,0,0,808,563,0,0,0,2,0,False,False,False
2014-06-27,0,28,0,0,19,19,0,809,23677,0,0,809,563,0,0,0,2,0,False,False,False
2014-06-28,0,28,0,0,19,19,0,810,23701,0,0,810,563,0,0,0,2,0,False,False,False
2014-06-29,0,28,0,0,19,19,0,811,23726,0,0,811,563,0,0,0,2,0,False,False,False
2014-06-30,0,28,0,0,19,19,0,812,23749,0,0,812,563,0,0,0,2,0,False,False,False
2014-07-01,0,28,0,2,19,19,0,813,23773,0,0,813,563,0,0,0,2,0,False,False,False
2014-07-02,0,28,0,0,19,19,0,814,23798,0,0,814,563,0,0,0,2,0,False,False,False
2014-07-03,0,27,0,0,19,19,0,815,23821,0,0,815,563,0,0,0,2,0,False,False,False
2014-07-04,0,27,0,0,19,19,0,816,23845,0,0,816,563,0,0,0,2,0,False,False,False
2014-07-05,0,27,0,0,19,19,0,817,23869,0,0,817,563,0,0,0,2,0,False,False,False
2014-07-06,0,28,0,0,19,19,0,818,23893,0,0,818,563,0,0,0,2,0,False,False,False
2014-07-07,0,28,0,0,19,19,0,819,23917,0,0,819,563,0,0,0,2,0,False,False,False
2014-07-08,0,28,0,0,19,19,0,820,23941,0,0,820,563,0,0,0,2,0,False,False,False
2014-07-09,0,27,0,0,19,19,0,821,23965,0,0,821,563,0,0,0,2,0,False,False,False
2014-07-10,0,27,0,0,19,19,0,821,23989,0,0,821,563,0,0,0,2,0,False,False,False
2014-07-11,0,22,0,0,19,19,0,822,24013,0,0,822,563,0,0,0,2,0,False,False,False
2014-07-12,0,23,0,1,19,19,0,823,24038,0,0,823,563,0,0,0,2,0,False,False,False
2014-07-13,0,22,0,0,19,19,0,824,24061,0,0,824,563,0,0,0,2,0,False,False,False
2014-07-14,0,23,0,0,19,19,0,825,24085,0,0,825,563,0,0,0,2,0,False,False,False
2014-07-15,0,23,0,0,19,19,0,826,24109,0,0,826,563,0,0,0,2,0,False,False,False
2014-07-16,0,23,0,0,19,19,0,827,24133,0,0,827,563,0,0,0,2,0,False,False,False
2014-07-17,0,23,0,0,19,19,0,828,24157,0,0,828,563,0,0,0,2,0,False,False,False
2014-07-18,0,23,0,327688,19,19,0,829,24181,0,0,829,563,0,0,0,2,0,False,False,False
2014-07-19,0,22,0,0,19,19,0,830,24205,0,0,830,563,0,0,0,2,0,False,False,False
2014-07-20,0,22,0,0,19,19,0,830,24229,0,0,830,563,0,0,0,2,0,False,False,False
2014-07-21,0,23,0,0,19,19,0,831,24253,0,0,831,563,0,0,0,2,0,False,False,False
2014-07-22,0,22,0,0,19,19,0,832,24278,0,0,832,563,0,0,0,2,0,False,False,False
2014-07-23,0,23,0,0,19,19,0,833,24301,0,0,833,563,0,0,0,2,0,False,False,False
2014-07-24,0,23,0,0,19,19,0,834,24325,0,0,834,563,0,0,0,2,0,False,False,False
2014-07-25,0,24,0,0,19,19,0,835,24349,0,0,835,563,0,0,0,2,0,False,False,False
2014-07-26,0,23,0,2,19,19,0,836,24373,0,0,836,563,0,0,0,2,0,False,False,False
2014-07-27,0,22,0,0,19,19,0,837,24397,0,0,837,563,0,0,0,2,0,False,False,False
2014-07-28,0,23,0,0,19,19,0,838,24421,0,0,838,563,0,0,0,2,0,False,False,False
2014-07-29,0,23,0,0,19,19,0,839,24445,0,0,839,563,0,0,0,2,0,False,False,False
2014-07-30,0,22,0,0,19,19,0,840,24469,0,0,840,563,0,0,0,2,0,False,False,False
2014-07-31,0,22,0,0,19,19,0,841,24493,0,0,841,563,0,0,0,2,0,False,False,False
2014-08-01,0,22,0,0,19,19,0,842,24518,0,0,842,563,0,0,0,2,0,False,False,False
2014-08-02,0,22,0,0,19,19,0,843,24541,0,0,843,563,0,0,0,2,0,False,False,False
2014-08-03,0,22,0,1,19,19,0,844,24565,0,0,844,563,0,0,0,2,0,False,False,False
2014-08-04,0,21,0,0,19,19,0,845,24590,0,0,845,563,0,0,0,2,0,False,False,False
2014-08-05,0,22,0,0,19,19,0,846,24613,0,0,846,563,0,0,0,2,0,False,False,False
2014-08-06,0,23,0,0,19,19,0,847,24637,0,0,847,563,0,0,0,2,0,False,False,False
2014-08-07,0,22,0,0,19,19,0,848,24662,0,0,848,563,0,0,0,2,0,False,False,False
2014-08-08,0,22,0,0,19,19,0,848,24685,0,0,848,563,0,0,0,2,0,False,False,False
2014-08-09,0,22,0,0,19,19,0,849,24709,0,0,849,563,0,0,0,2,0,False,False,False
2014-08-10,0,21,0,0,19,19,0,850,24733,0,0,850,563,0,0,0,2,0,False,False,False
2014-08-11,0,21,0,0,19,19,0,851,24758,0,0,851,563,0,0,0,2,0,False,False,False
2014-08-12,0,21,0,0,19,19,0,852,24781,0,0,852,563,0,0,0,2,0,False,False,False
2014-08-13,0,21,0,0,19,19,0,853,24805,0,0,853,563,0,0,0,2,0,False,False,False
2014-08-14,0,22,0,0,19,19,0,854,24830,0,0,854,563,0,0,0,2,0,False,False,False
2014-08-15,0,22,0,0,19,19,0,855,24853,0,0,855,563,0,0,0,2,0,False,False,False
2014-08-16,0,22,0,0,19,19,0,856,24877,0,0,856,563,0,0,0,2,0,False,False,False
2014-08-17,0,22,0,0,19,19,0,857,24902,0,0,857,563,0,0,0,2,0,False,False,False
2014-08-18,0,21,0,0,19,19,0,858,24925,0,0,858,563,0,0,0,2,0,False,False,False
2014-08-19,0,22,0,0,19,19,0,859,24949,0,0,859,563,0,0,0,2,0,False,False,False
2014-08-20,0,22,0,0,19,19,0,860,24973,0,0,860,563,0,0,0,2,0,False,False,False
2014-08-21,0,22,0,0,19,19,0,861,24998,0,0,861,563,0,0,0,2,0,False,False,False
2014-08-22,0,23,0,1,19,19,0,862,25021,0,0,862,563,0,0,0,2,0,False,False,False
2014-08-23,0,23,0,0,19,19,0,862,25045,0,0,862,563,0,0,0,2,0,False,False,False
2014-08-24,0,23,0,0,19,19,0,863,25070,0,0,863,563,0,0,0,2,0,False,False,False
2014-08-25,0,23,0,0,19,19,0,864,25093,0,0,864,563,0,0,0,2,0,False,False,False
2014-08-26,0,23,0,0,19,19,0,865,25117,0,0,865,563,0,0,0,2,0,False,False,False
2014-08-27,0,23,0,0,19,19,0,866,25141,0,0,866,563,0,0,0,2,0,False,False,False
2014-08-28,0,23,0,65536,19,19,0,867,25165,0,0,867,563,0,0,0,2,0,False,False,False
2014-08-29,0,23,0,0,19,19,0,868,25189,0,0,868,563,0,0,0,2,0,False,False,False
2014-08-30,0,23,0,0,19,19,0,869,25214,0,0,869,563,0,0,0,2,0,False,False,False
2014-08-31,0,23,0,0,19,19,0,870,25238,0,0,870,563,0,0,0,2,0,False,False,False
2014-09-01,0,23,0,0,19,19,0,871,25261,0,0,871,563,0,0,0,2,0,False,False,False
2014-09-02,0,23,0,0,19,19,0,871,25285,0,0,871,563,0,0,0,2,0,False,False,False
2014-09-03,0,23,0,0,19,19,0,872,25310,0,0,872,563,0,0,0,2,0,False,False,False
2014-09-04,0,23,0,65537,19,19,0,873,25333,0,0,873,563,0,0,0,2,0,False,False,False
2014-09-05,0,23,0,0,19,19,0,874,25357,0,0,874,563,0,0,0,2,0,False,False,False
2014-09-06,0,23,0,0,19,19,0,875,25382,0,0,875,563,0,0,0,2,0,False,False,False
2014-09-07,0,23,0,65536,19,19,0,876,25405,0,0,876,563,0,0,0,2,0,False,False,False
2014-09-08,0,23,0,0,19,19,0,877,25429,0,0,877,563,0,0,0,2,0,False,False,False
2014-09-09,0,23,0,0,19,19,0,878,25453,0,0,878,563,0,0,0,2,0,False,False,False
2014-09-10,0,23,0,0,19,19,0,879,25478,0,0,879,563,0,0,0,2,0,False,False,False
2014-09-11,0,23,0,0,19,19,0,880,25501,0,0,880,563,0,0,0,2,0,False,False,False
2014-09-12,0,23,0,0,19,19,0,881,25525,0,0,881,563,0,0,0,2,0,False,False,False
2014-09-13,0,23,0,393216,19,19,0,882,25550,0,0,882,563,0,0,0,2,0,False,False,False
2014-09-14,0,23,0,0,19,19,0,883,25573,0,0,883,563,0,0,0,2,0,False,False,False
2014-09-15,0,23,0,0,19,19,0,884,25597,0,0,884,563,0,0,0,2,0,False,False,False
2014-09-16,0,23,0,0,19,19,0,885,25622,0,0,885,563,0,0,0,2,0,False,False,False
2014-09-17,0,23,0,0,19,19,0,886,25645,0,0,886,563,0,0,0,2,0,False,False,False
2014-09-18,0,24,0,0,19,19,0,887,25669,0,0,887,563,0,0,0,2,0,False,False,False
2014-09-19,0,24,0,65536,19,19,0,888,25694,0,0,888,563,0,0,0,2,0,False,False,False
2014-09-20,0,24,0,0,19,19,0,889,25718,0,0,889,563,0,0,0,2,0,False,False,False
2014-09-21,0,24,0,0,19,19,0,890,25741,0,0,890,563,0,0,0,2,0,False,False,False
2014-09-22,0,23,0,0,19,19,0,891,25765,0,0,891,563,0,0,0,2,0,False,False,False
2014-09-23,0,23,0,0,19,19,0,892,25790,0,0,892,563,0,0,0,2,0,False,False,False
2014-09-24,0,24,0,0,19,19,0,892,25813,0,0,892,563,0,0,0,2,0,False,False,False
2014-09-25,0,24,0,0,19,19,0,893,25837,0,0,893,563,0,0,0,2,0,False,False,False
2014-09-26,0,23,0,0,19,19,0,894,25862,0,0,894,563,0,0,0,2,0,False,False,False
2014-09-27,0,24,0,0,19,19,0,895,25885,0,0,895,563,0,0,0,2,0,False,False,False
2014-09-28,0,24,0,131072,19,19,0,896,25909,0,0,896,563,0,0,0,2,0,False,False,False
2014-09-29,0,24,0,0,19,19,0,897,25934,0,0,897,563,0,0,0,2,0,False,False,False
2014-09-30,0,23,0,0,19,19,0,898,25958,0,0,898,563,0,0,0,2,0,False,False,False
2014-10-01,0,24,0,0,19,19,0,899,25981,0,0,899,563,0,0,0,2,0,False,False,False
2014-10-02,0,24,0,0,19,19,0,900,26006,0,0,900,563,0,0,0,2,0,False,False,False
2014-10-03,0,23,0,0,19,19,0,901,26030,0,0,901,563,0,0,0,2,0,False,False,False
2014-10-04,0,23,0,0,19,19,0,902,26053,0,0,902,563,0,0,0,2,0,False,False,False
2014-10-05,0,23,0,0,19,19,0,903,26077,0,0,903,563,0,0,0,2,0,False,False,False
2014-10-06,0,24,0,0,19,19,0,904,26102,0,0,904,563,0,0,0,2,0,False,False,False
2014-10-07,0,24,0,0,19,19,0,905,26125,0,0,905,563,0,0,0,2,0,False,False,False
2014-10-08,0,23,0,0,19,19,0,906,26149,0,0,906,563,0,0,0,2,0,False,False,False
2014-10-09,0,24,0,0,19,19,0,907,26174,0,0,907,563,0,0,0,2,0,False,False,False
2014-10-10,0,24,0,0,19,19,0,908,26197,0,0,908,563,0,0,0,2,0,False,False,False
2014-10-11,0,23,0,0,19,19,0,909,26221,0,0,909,563,0,0,0,2,0,False,False,False
2014-10-12,0,24,0,0,19,19,0,910,26246,0,0,910,563,0,0,0,2,0,False,False,False
2014-10-13,0,24,0,0,19,19,0,911,26270,0,0,911,563,0,0,0,2,0,False,False,False
2014-10-14,0,24,0,0,19,19,0,911,26293,0,0,911,563,0,0,0,2,0,False,False,False
2014-10-15,0,24,0,0,19,19,0,912,26317,0,0,912,563,0,0,0,2,0,False,False,False
2014-10-16,0,23,0,0,19,19,0,913,26342,0,0,913,563,0,0,0,2,0,False,False,False
2014-10-17,0,24,0,0,19,19,0,914,26365,0,0,914,563,0,0,0,2,0,False,False,False
2014-10-18,0,23,0,0,19,19,0,915,26389,0,0,915,563,0,0,0,2,0,False,False,False
2014-10-19,0,23,0,0,19,19,0,916,26414,0,0,916,563,0,0,0,2,0,False,False,False
2014-10-20,0,23,0,0,19,19,0,917,26437,0,0,917,563,0,0,0,2,0,False,False,False
2014-10-21,0,23,0,0,19,19,0,918,26461,0,0,918,563,0,0,0,2,0,False,False,False
2014-10-22,0,23,0,0,19,19,0,919,26486,0,0,919,563,0,0,0,2,0,False,False,False
2014-10-23,0,23,0,0,19,19,0,920,26510,0,0,920,563,0,0,0,2,0,False,False,False
2014-10-24,0,23,0,0,19,19,0,921,26533,0,0,921,563,0,0,0,2,0,False,False,False
2014-10-25,0,24,0,0,19,19,0,922,26557,0,0,922,563,0,0,0,2,0,False,False,False
2014-10-26,0,23,0,0,19,19,0,923,26582,0,0,923,563,0,0,0,2,0,False,False,False
2014-10-27,0,23,0,0,19,19,0,924,26605,0,0,924,563,0,0,0,2,0,False,False,False
2014-10-28,0,23,0,0,19,19,0,925,26629,0,0,925,563,0,0,0,2,0,False,False,False
2014-10-29,0,23,0,0,19,19,0,926,26654,0,0,926,563,0,0,0,2,0,False,False,False
2014-10-30,0,23,0,0,19,19,0,927,26677,0,0,927,563,0,0,0,2,0,False,False,False
2014-10-31,0,23,0,0,19,19,0,928,26701,0,0,928,563,0,0,0,2,0,False,False,False
2014-11-01,0,23,0,0,19,19,0,929,26726,0,0,929,563,0,0,0,2,0,False,False,False
2014-11-03,0,22,0,0,19,19,0,931,26775,0,0,931,563,0,0,0,2,0,False,False,False
2014-11-04,0,27,0,0,19,19,0,932,26799,0,0,932,563,0,0,0,2,0,False,False,False
2014-11-05,0,26,0,0,19,19,0,933,26822,0,0,933,563,0,0,0,2,0,False,False,False
2014-11-06,0,26,0,0,19,19,0,934,26846,0,0,934,563,0,0,0,2,0,False,False,False
2014-11-07,0,27,0,0,19,19,0,934,26871,0,0,934,563,0,0,0,2,0,False,False,False
2014-11-08,0,27,0,0,19,19,0,935,26894,0,0,935,563,0,0,0,2,0,False,False,False
2014-11-09,0,25,0,0,19,19,0,936,26918,0,0,936,563,0,0,0,2,0,False,False,False
2014-11-10,0,26,0,0,19,19,0,937,26943,0,0,937,563,0,0,0,2,0,False,False,False
2014-11-11,0,26,0,0,19,19,0,938,26967,0,0,938,563,0,0,0,2,0,False,False,False
2014-11-12,0,23,0,0,19,19,0,939,26990,0,0,939,563,0,0,0,2,0,False,False,False
2014-11-13,0,25,0,0,19,19,0,940,27015,0,0,940,563,0,0,0,2,0,False,False,False
2014-11-14,0,26,0,0,19,19,0,941,27039,0,0,941,563,0,0,0,2,0,False,False,False
2014-11-15,0,26,0,0,19,19,0,942,27062,0,0,942,563,0,0,0,2,0,False,False,False
2014-11-16,0,26,0,0,19,19,0,943,27086,0,0,943,563,0,0,0,2,0,False,False,False
2014-11-17,0,26,0,0,19,19,0,944,27111,0,0,944,563,0,0,0,2,0,False,False,False
2014-11-18,0,26,0,0,19,19,0,945,27134,0,0,945,563,0,0,0,2,0,False,False,False
2014-11-19,0,26,0,0,19,19,0,946,27158,0,0,946,563,0,0,0,2,0,False,False,False
2014-11-20,0,26,0,0,19,19,0,947,27183,0,0,947,563,0,0,0,2,0,False,False,False
2014-11-21,0,25,0,0,19,19,0,948,27206,0,0,948,563,0,0,0,2,0,False,False,False
2014-11-22,0,25,0,0,19,19,0,949,27230,0,0,949,563,0,0,0,2,0,False,False,False
2014-11-23,0,24,0,0,19,19,0,950,27255,0,0,950,563,0,0,0,2,0,False,False,False
2014-11-24,0,26,0,0,19,19,0,951,27279,0,0,951,563,0,0,0,2,0,False,False,False
2014-11-25,0,26,0,0,19,19,0,952,27302,0,0,952,563,0,0,0,2,0,False,False,False
2014-11-26,0,28,0,0,19,19,0,953,27326,0,0,953,563,0,0,0,2,0,False,False,False
2014-11-27,0,28,0,0,19,19,0,954,27351,0,0,954,563,0,0,0,2,0,False,False,False
2014-11-28,0,26,0,0,19,19,0,955,27374,0,0,955,563,0,0,0,2,0,False,False,False
2014-11-29,0,26,0,0,19,19,0,956,27398,0,0,956,563,0,0,0,2,0,False,False,False
2014-11-30,0,27,0,0,19,19,0,957,27423,0,0,957,563,0,0,0,2,0,False,False,False
2014-12-01,0,27,0,0,19,19,0,958,27446,0,0,958,563,0,0,0,2,0,False,False,False
2014-12-02,0,27,0,0,19,19,0,959,27470,0,0,959,563,0,0,0,2,0,False,False,False
2014-12-03,0,25,0,0,19,19,0,960,27495,0,0,960,563,0,0,0,2,0,False,False,False
2014-12-04,0,25,0,0,19,19,0,961,27519,0,0,961,563,0,0,0,2,0,False,False,False
2014-12-05,0,25,0,0,19,19,0,962,27542,0,0,962,563,0,0,0,2,0,False,False,False
2014-12-06,0,24,0,0,19,19,0,963,27566,0,0,963,563,0,0,0,2,0,False,False,False
2014-12-07,0,28,0,0,19,19,0,964,27591,0,0,964,563,0,0,0,2,0,False,False,False
2014-12-08,0,27,0,0,19,19,0,965,27614,0,0,965,563,0,0,0,2,0,False,False,False
2014-12-09,0,27,0,0,19,19,0,966,27638,0,0,966,563,0,0,0,2,0,False,False,False
2014-12-10,0,28,0,0,19,19,0,967,27663,0,0,967,563,0,0,0,2,0,False,False,False
2014-12-11,0,26,0,0,19,19,0,967,27686,0,0,967,563,0,0,0,2,0,False,False,False
2014-12-12,0,26,0,0,19,19,0,968,27710,0,0,968,563,0,0,0,2,0,False,False,False
2014-12-13,0,24,0,0,19,19,0,969,27735,0,0,969,563,0,0,0,2,0,False,False,False
2014-12-14,0,27,0,0,19,19,0,970,27759,0,0,970,563,0,0,0,2,0,False,False,False
2014-12-15,0,27,0,0,19,19,0,971,27782,0,0,971,563,0,0,0,2,0,False,False,False
2014-12-16,0,27,0,0,19,19,0,972,27807,0,0,972,563,0,0,0,2,0,False,False,False
2014-12-17,0,24,0,0,19,19,0,973,27831,0,0,973,563,0,0,0,2,0,False,False,False
2014-12-18,0,28,0,0,19,19,0,974,27854,0,0,974,563,0,0,0,2,0,False,False,False
2014-12-19,0,24,0,0,19,19,0,975,27878,0,0,975,563,0,0,0,2,0,False,False,False
2014-12-20,0,24,0,0,19,19,0,976,27903,0,0,976,563,0,0,0,2,0,False,False,False
2014-12-21,0,24,0,0,19,19,0,977,27926,0,0,977,563,0,0,0,2,0,False,False,False
2014-12-22,0,24,0,0,19,19,0,978,27950,0,0,978,563,0,0,0,2,0,False,False,False
2014-12-23,0,24,0,0,19,19,0,979,27975,0,0,979,563,0,0,0,2,0,False,False,False
2014-12-24,0,24,0,0,19,19,0,980,27999,0,0,980,563,0,0,0,2,0,False,False,False
2014-12-25,0,24,0,0,19,19,0,981,28022,0,0,981,563,0,0,0,2,0,False,False,False
2014-12-26,0,24,0,0,19,19,0,982,28047,0,0,982,563,0,0,0,2,0,False,False,False
2014-12-27,0,24,0,0,19,19,0,982,28071,0,0,982,563,0,0,0,2,0,False,False,False
2014-12-28,0,23,0,0,19,19,0,983,28094,0,0,983,563,0,0,0,2,0,False,False,False
2014-12-29,0,24,0,0,19,19,0,984,28118,0,0,984,563,0,0,0,2,0,False,False,False
2014-12-30,0,24,0,0,19,19,0,985,28143,0,0,985,563,0,0,0,2,0,False,False,False
2014-12-31,0,24,0,0,19,19,0,986,28166,0,0,986,563,0,0,0,2,0,False,False,False
2015-01-01,0,24,0,0,19,19,0,987,28190,0,0,987,563,0,0,0,2,0,False,False,False
2015-01-02,0,25,0,0,19,19,0,988,28215,0,0,988,563,0,0,0,2,0,False,False,False
2015-01-03,0,24,0,0,19,19,0,989,28238,0,0,989,563,0,0,0,2,0,False,False,False
2015-01-04,0,24,0,0,19,19,0,990,28262,0,0,990,563,0,0,0,2,0,False,False,False
2015-01-05,0,24,0,0,19,19,0,991,28286,0,0,991,563,0,0,0,2,0,False,False,False
2015-01-06,0,27,0,0,19,19,0,992,28311,0,0,992,563,0,0,0,2,0,False,False,False
2015-01-07,0,27,0,0,19,19,0,993,28334,0,0,993,563,0,0,0,2,0,False,False,False
2015-01-08,0,27,0,0,19,19,0,994,28359,0,0,994,563,0,0,0,2,0,False,False,False
2015-01-09,0,28,0,0,19,19,0,995,28383,0,0,995,563,0,0,0,2,0,False,False,False
2015-01-10,0,27,0,1,19,19,0,996,28406,0,0,996,563,0,0,0,2,0,False,False,False
2015-01-11,0,26,0,0,19,19,0,996,28430,0,0,996,563,0,0,0,2,0,False,False,False
2015-01-12,0,28,0,0,19,19,0,997,28455,0,0,997,563,0,0,0,2,0,False,False,False
2015-01-13,0,27,0,0,19,19,0,998,28478,0,0,998,563,0,0,0,2,0,False,False,False
2015-01-14,0,28,0,0,19,19,0,999,28502,0,0,999,563,0,0,0,2,0,False,False,False
2015-01-15,0,27,0,0,19,19,0,1000,28527,0,0,1000,563,0,0,0,2,0,False,False,False
2015-01-16,0,28,0,131072,19,19,0,1001,28551,0,0,1001,563,0,0,0,2,0,False,False,False
2015-01-17,0,27,0,0,19,19,0,1002,28574,0,0,1002,563,0,0,0,2,0,False,False,False
2015-01-18,0,27,0,0,19,19,0,1003,28599,0,0,1003,563,0,0,0,2,0,False,False,False
2015-01-19,0,28,0,0,19,19,0,1003,28623,0,0,1003,563,0,0,0,2,0,False,False,False
2015-01-20,0,28,0,0,19,19,0,1004,28646,0,0,1004,563,0,0,0,2,0,False,False,False
2015-01-21,0,27,0,0,19,19,0,1005,28670,0,0,1005,563,0,0,0,2,0,False,False,False
2015-01-22,0,27,0,0,19,19,0,1006,28695,0,0,1006,563,0,0,0,2,0,False,False,False
2015-01-23,0,27,0,0,19,19,0,1007,28718,0,0,1007,563,0,0,0,2,0,False,False,False
2015-01-24,0,27,0,0,19,19,0,1008,28742,0,0,1008,563,0,0,0,2,0,False,False,False
2015-01-25,0,23,0,0,19,19,0,1009,28767,0,0,1009,563,0,0,0,2,0,False,False,False
2015-01-26,0,25,0,0,19,19,0,1010,28791,0,0,1010,563,0,0,0,2,0,False,False,False
2015-01-27,0,24,0,0,19,19,0,1011,28814,0,0,1011,563,0,0,0,2,0,False,False,False
2015-01-28,0,24,0,3,19,19,0,1012,28839,0,0,1012,563,0,0,0,2,0,False,False,False
2015-01-29,0,27,0,0,19,19,0,1013,28863,0,0,1013,563,0,0,0,2,0,False,False,False
2015-01-30,0,27,0,0,19,19,0,1014,28886,0,0,1014,563,0,0,0,2,0,False,False,False
2015-01-31,0,27,0,0,19,19,0,1015,28910,0,0,1015,563,0,0,0,2,0,False,False,False
2015-02-01,0,27,0,0,19,19,0,1015,28935,0,0,1015,563,0,0,0,2,0,False,False,False
2015-02-02,0,28,0,0,19,19,0,1016,28958,0,0,1016,563,0,0,0,2,0,False,False,False
2015-02-03,0,28,0,0,19,19,0,1017,28982,0,0,1017,563,0,0,0,2,0,False,False,False
2015-02-04,0,29,0,0,19,19,0,1018,29007,0,0,1018,563,0,0,0,2,0,False,False,False
2015-02-05,0,24,0,0,19,19,0,1019,29030,0,0,1019,563,0,0,0,2,0,False,False,False
2015-02-06,0,28,0,65555,19,19,0,1020,29054,0,0,1020,563,0,0,0,2,0,False,False,False
2015-02-07,0,27,0,0,19,19,0,1021,29079,0,0,1021,563,0,0,0,2,0,False,False,False
2015-02-08,0,25,0,0,19,19,0,1022,29103,0,0,1022,563,0,0,0,2,0,False,False,False
2015-02-09,0,28,0,0,19,19,0,1023,29126,0,0,1023,563,0,0,0,2,0,False,False,False
2015-02-10,0,27,0,0,19,19,0,1024,29151,0,0,1024,563,0,0,0,2,0,False,False,False
2015-02-11,0,27,0,0,19,19,0,1025,29175,0,0,1025,563,0,0,0,2,0,False,False,False
2015-02-12,0,28,0,0,19,19,0,1026,29198,0,0,1026,563,0,0,0,2,0,False,False,False
2015-02-13,0,28,0,0,19,19,0,1027,29222,0,0,1027,563,0,0,0,2,0,False,False,False
2015-02-14,0,27,0,65538,19,19,0,1027,29247,0,0,1027,563,0,0,0,2,0,False,False,False
2015-02-15,0,27,0,0,19,19,0,1028,29271,0,0,1028,563,0,0,0,2,0,False,False,False
2015-02-16,0,28,0,0,19,19,0,1029,29294,0,0,1029,563,0,0,0,2,0,False,False,False
2015-02-17,0,27,0,0,19,19,0,1030,29319,0,0,1030,563,0,0,0,2,0,False,False,False
2015-02-18,0,29,0,0,19,19,0,1031,29343,0,0,1031,563,0,0,0,2,0,False,False,False
2015-02-19,0,29,0,0,19,19,0,1032,29366,0,0,1032,563,0,0,0,2,0,False,False,False
2015-02-20,0,29,0,0,19,19,0,1033,29391,0,0,1033,563,0,0,0,2,0,False,False,False
2015-02-21,0,28,0,0,19,19,0,1034,29415,0,0,1034,563,0,0,0,2,0,False,False,False
2015-02-22,0,29,0,65538,19,19,0,1034,29438,0,0,1034,563,0,0,0,2,0,False,False,False
2015-02-23,0,29,0,0,19,19,0,1035,29463,0,0,1035,563,0,0,0,2,0,False,False,False
2015-02-24,0,28,0,0,19,19,0,1036,29487,0,0,1036,563,0,0,0,2,0,False,False,False
2015-02-25,0,28,0,0,19,19,0,1037,29511,0,0,1037,563,0,0,0,2,0,False,False,False
2015-02-26,0,29,0,0,19,19,0,1038,29534,0,0,1038,563,0,0,0,2,0,False,False,False
2015-02-27,0,29,0,0,19,19,0,1039,29558,0,0,1039,563,0,0,0,2,0,False,False,False
2015-02-28,0,29,0,0,19,19,0,1040,29583,0,0,1040,563,0,0,0,2,0,False,False,False
2015-03-01,0,29,0,0,19,19,0,1041,29606,0,0,1041,563,0,0,0,2,0,False,False,False
2015-03-02,0,28,0,0,19,19,0,1041,29630,0,0,1041,563,0,0,0,2,0,False,False,False
2015-03-03,0,28,0,0,19,19,0,1042,29655,0,0,1042,563,0,0,0,2,0,False,False,False
2015-03-04,0,27,0,0,19,19,0,1043,29679,0,0,1043,563,0,0,0,2,0,False,False,False
2015-03-05,0,26,0,0,19,19,0,1044,29702,0,0,1044,563,0,0,0,2,0,False,False,False
2015-03-06,0,28,0,0,19,19,0,1045,29727,0,0,1045,563,0,0,0,2,0,False,False,False
2015-03-07,0,28,0,0,19,19,0,1046,29751,0,0,1046,563,0,0,0,2,0,False,False,False
2015-03-08,0,28,0,0,19,19,0,1047,29774,0,0,1047,563,0,0,0,2,0,False,False,False
2015-03-09,0,27,0,0,19,19,0,1048,29799,0,0,1048,563,0,0,0,2,0,False,False,False
2015-03-10,0,28,0,0,19,19,0,1049,29822,0,0,1049,563,0,0,0,2,0,False,False,False
2015-03-11,0,26,0,0,19,19,0,1050,29846,0,0,1050,563,0,0,0,2,0,False,False,False
2015-03-12,0,26,0,0,19,19,0,1051,29869,0,0,1051,563,0,0,0,2,0,False,False,False
2015-03-13,0,26,0,0,19,19,0,1052,29893,0,0,1052,563,0,0,0,2,0,False,False,False
2015-03-14,0,26,0,65536,19,19,0,1053,29918,0,0,1053,563,0,0,0,2,0,False,False,False
2015-03-15,0,26,0,0,19,19,0,1053,29942,0,0,1053,563,0,0,0,2,0,False,False,False
2015-03-16,0,26,0,0,19,19,0,1054,29965,0,0,1054,563,0,0,0,2,0,False,False,False
2015-03-17,0,26,0,0,19,19,0,1055,29990,0,0,1055,563,0,0,0,2,0,False,False,False
2015-03-18,0,25,0,0,19,19,0,1056,30014,0,0,1056,563,0,0,0,2,0,False,False,False
2015-03-19,0,23,0,0,19,19,0,1057,30037,0,0,1057,563,0,0,0,2,0,False,False,False
2015-03-20,0,30,0,0,19,19,0,1058,30062,0,0,1058,563,0,0,0,2,0,False,False,False
2015-03-21,0,29,0,0,19,19,0,1059,30086,0,0,1059,563,0,0,0,2,0,False,False,False
2015-03-22,0,27,0,0,19,19,0,1060,30109,0,0,1060,563,0,0,0,2,0,False,False,False
2015-03-23,0,30,0,0,19,19,0,1061,30133,0,0,1061,563,0,0,0,2,0,False,False,False
2015-03-24,0,29,0,0,19,19,0,1062,30158,0,0,1062,563,0,0,0,2,0,False,False,False
2015-03-25,0,29,0,0,19,19,0,1063,30182,0,0,1063,563,0,0,0,2,0,False,False,False
2015-03-26,0,30,0,0,19,19,0,1064,30205,0,0,1064,563,0,0,0,2,0,False,False,False
2015-03-27,0,29,0,0,19,19,0,1065,30230,0,0,1065,563,0,0,0,2,0,False,False,False
2015-03-28,0,30,0,0,19,19,0,1066,30254,0,0,1066,563,0,0,0,2,0,False,False,False
2015-03-29,0,30,0,0,19,19,0,1067,30277,0,0,1067,563,0,0,0,2,0,False,False,False
2015-03-30,0,30,0,0,19,19,0,1068,30302,0,0,1068,563,0,0,0,2,0,False,False,False
2015-03-31,0,30,0,0,19,19,0,1068,30326,0,0,1068,563,0,0,0,2,0,False,False,False
2015-04-01,0,29,0,0,19,19,0,1069,30349,0,0,1069,563,0,0,0,2,0,False,False,False
2015-04-02,0,29,0,0,19,19,0,1070,30374,0,0,1070,563,0,0,0,2,0,False,False,False
2015-04-03,0,30,0,0,19,19,0,1071,30398,0,0,1071,563,0,0,0,2,0,False,False,False
2015-04-04,0,30,0,0,19,19,0,1072,30422,0,0,1072,563,0,0,0,2,0,False,False,False
2015-04-05,0,30,0,0,19,19,0,1073,30445,0,0,1073,563,0,0,0,2,0,False,False,False
2015-04-06,0,29,0,0,19,19,0,1074,30470,0,0,1074,563,0,0,0,2,0,False,False,False
2015-04-07,0,29,0,0,19,19,0,1075,30494,0,0,1075,563,0,0,0,2,0,False,False,False
2015-04-08,0,29,0,0,19,19,0,1076,30517,0,0,1076,563,0,0,0,2,0,False,False,False
2015-04-09,0,29,0,0,19,19,0,1077,30542,0,0,1077,563,0,0,0,2,0,False,False,False
2015-04-10,0,29,0,0,19,19,0,1078,30566,0,0,1078,563,0,0,0,2,0,False,False,False
2015-04-11,0,29,0,0,19,19,0,1079,30589,0,0,1079,563,0,0,0,2,0,False,False,False
2015-04-12,0,28,0,131072,19,19,0,1079,30614,0,0,1079,563,0,0,0,2,0,False,False,False
2015-04-13,0,29,0,0,19,19,0,1080,30638,0,0,1080,563,0,0,0,2,0,False,False,False
2015-04-14,0,26,0,0,19,19,0,1081,30661,0,0,1081,563,0,0,0,2,0,False,False,False
2015-04-15,0,27,0,0,19,19,0,1082,30685,0,0,1082,563,0,0,0,2,0,False,False,False
2015-04-16,0,25,0,0,19,19,0,1083,30710,0,0,1083,563,0,0,0,2,0,False,False,False
2015-04-17,0,25,0,0,19,19,0,1084,30734,0,0,1084,563,0,0,0,2,0,False,False,False
2015-04-18,0,26,0,0,19,19,0,1085,30757,0,0,1085,563,0,0,0,2,0,False,False,False
2015-04-19,0,26,0,0,19,19,0,1086,30782,0,0,1086,563,0,0,0,2,0,False,False,False
2015-04-20,0,27,0,0,19,19,0,1087,30806,0,0,1087,563,0,0,0,2,0,False,False,False
2015-04-21,0,26,0,0,19,19,0,1088,30829,0,0,1088,563,0,0,0,2,0,False,False,False
2015-04-22,0,26,0,0,19,19,0,1089,30854,0,0,1089,563,0,0,0,2,0,False,False,False
2015-04-23,0,27,0,0,19,19,0,1090,30878,0,0,1090,563,0,0,0,2,0,False,False,False
2015-04-24,0,26,0,0,19,19,0,1091,30901,0,0,1091,563,0,0,0,2,0,False,False,False
2015-04-25,0,26,0,0,19,19,0,1092,30926,0,0,1092,563,0,0,0,2,0,False,False,False
2015-04-26,0,26,0,0,19,19,0,1093,30950,0,0,1093,563,0,0,0,2,0,False,False,False
2015-04-27,0,27,0,0,19,19,0,1094,30974,0,0,1094,563,0,0,0,2,0,False,False,False
2015-04-28,0,28,0,262144,19,19,0,1095,30998,0,0,1095,563,0,0,0,2,0,False,False,False
2015-04-29,0,27,0,0,19,19,0,1096,31022,0,0,1096,563,0,0,0,2,0,False,False,False
2015-04-30,0,26,0,0,19,19,0,1097,31046,0,0,1097,563,0,0,0,2,0,False,False,False
2015-05-01,0,25,0,0,19,19,0,1098,31069,0,0,1098,563,0,0,0,2,0,False,False,False
2015-05-02,0,24,0,0,19,19,0,1099,31094,0,0,1099,563,0,0,0,2,0,False,False,False
2015-05-03,0,25,0,1,19,19,0,1100,31118,0,0,1100,563,0,0,0,2,0,False,False,False
2015-05-04,0,25,0,0,19,19,0,1101,31141,0,0,1101,563,0,0,0,2,0,False,False,False
2015-05-05,0,24,0,0,19,19,0,1102,31165,0,0,1102,563,0,0,0,2,0,False,False,False
2015-05-06,0,27,0,131072,19,19,0,1103,31190,0,0,1103,563,0,0,0,2,0,False,False,False
2015-05-07,0,25,0,0,19,19,0,1104,31214,0,0,1104,563,0,0,0,2,0,False,False,False
2015-05-08,0,24,0,0,19,19,0,1105,31237,0,0,1105,563,0,0,0,2,0,False,False,False
2015-05-09,0,25,0,0,19,19,0,1106,31262,0,0,1106,563,0,0,0,2,0,False,False,False
2015-05-10,0,25,0,0,19,19,0,1107,31286,0,0,1107,563,0,0,0,2,0,False,False,False
2015-05-11,0,26,0,0,19,19,0,1107,31309,0,0,1107,563,0,0,0,2,0,False,False,False
2015-05-12,0,24,0,0,19,19,0,1109,31334,0,0,1109,563,0,0,0,2,0,False,False,False
2015-05-13,0,26,0,0,19,19,0,1110,31358,0,0,1110,563,0,0,0,2,0,False,False,False
2015-05-14,0,26,0,1,19,19,0,1110,31381,0,0,1110,563,0,0,0,2,0,False,False,False
2015-05-15,0,24,0,0,19,19,0,1111,31406,0,0,1111,563,0,0,0,2,0,False,False,False
2015-05-16,0,25,0,1,19,19,0,1112,31430,0,0,1112,563,0,0,0,2,0,False,False,False
2015-05-17,0,24,0,0,19,19,0,1113,31454,0,0,1113,563,0,0,0,2,0,False,False,False
2015-05-18,0,26,0,0,19,19,0,1114,31478,0,0,1114,563,0,0,0,2,0,False,False,False
2015-05-19,0,24,0,0,19,19,0,1115,31502,0,0,1115,563,0,0,0,2,0,False,False,False
2015-05-20,0,24,0,0,19,19,0,1116,31526,0,0,1116,563,0,0,0,2,0,False,False,False
2015-05-21,0,25,0,0,19,19,0,1117,31549,0,0,1117,563,0,0,0,2,0,False,False,False
2015-05-22,0,25,0,131072,19,19,0,1118,31574,0,0,1118,563,0,0,0,2,0,False,False,False
2015-05-23,0,24,0,0,19,19,0,1119,31598,0,0,1119,563,0,0,0,2,0,False,False,False
2015-05-24,0,25,0,0,19,19,0,1120,31621,0,0,1120,563,0,0,0,2,0,False,False,False
2015-05-25,0,24,0,0,19,19,0,1121,31646,0,0,1121,563,0,0,0,2,0,False,False,False
2015-05-26,0,23,0,1,19,19,0,1122,31670,0,0,1122,563,0,0,0,2,0,False,False,False
2015-05-27,0,23,0,1,19,19,0,1123,31694,0,0,1123,563,0,0,0,2,0,False,False,False
2015-05-28,0,23,0,0,19,19,0,1124,31718,0,0,1124,563,0,0,0,2,0,False,False,False
2015-05-29,0,25,0,0,19,19,0,1125,31742,0,0,1125,563,0,0,0,2,0,False,False,False
2015-05-30,0,24,0,65536,19,19,0,1126,31766,0,0,1126,563,0,0,0,2,0,False,False,False
2015-05-31,0,23,0,0,19,19,0,1127,31789,0,0,1127,563,0,0,0,2,0,False,False,False
2015-06-01,0,24,0,0,19,19,0,1128,31814,0,0,1128,563,0,0,0,2,0,False,False,False
2015-06-02,0,24,0,0,19,19,0,1128,31838,0,0,1128,563,0,0,0,2,0,False,False,False
2015-06-03,0,23,0,0,19,19,0,1129,31861,0,0,1129,563,0,0,0,2,0,False,False,False
2015-06-04,0,25,0,65536,19,19,0,1130,31886,0,0,1130,563,0,0,0,2,0,False,False,False
2015-06-05,0,24,0,0,19,19,0,1131,31910,0,0,1131,563,0,0,0,2,0,False,False,False
2015-06-06,0,23,0,65536,19,19,0,1132,31934,0,0,1132,563,0,0,0,2,0,False,False,False
2015-06-07,0,26,0,0,19,19,0,1133,31958,0,0,1133,563,0,0,0,2,0,False,False,False
2015-06-08,0,23,0,0,19,19,0,1134,31982,0,0,1134,563,0,0,0,2,0,False,False,False
2015-06-09,0,23,0,0,19,19,0,1135,32006,0,0,1135,563,0,0,0,2,0,False,False,False
2015-06-10,0,23,0,0,19,19,0,1136,32030,0,0,1136,563,0,0,0,2,0,False,False,False
2015-06-11,0,23,0,0,19,19,0,1137,32054,0,0,1137,563,0,0,0,2,0,False,False,False
2015-06-12,0,25,0,0,19,19,0,1138,32078,0,0,1138,563,0,0,0,2,0,False,False,False
2015-06-13,0,23,0,0,19,19,0,1139,32101,0,0,1139,563,0,0,0,2,0,False,False,False
2015-06-14,0,24,0,0,19,19,0,1140,32126,0,0,1140,563,0,0,0,2,0,False,False,False
2015-06-15,0,24,0,1,19,19,0,1141,32150,0,0,1141,563,0,0,0,2,0,False,False,False
2015-06-16,0,23,0,0,19,19,0,1142,32174,0,0,1142,563,0,0,0,2,0,False,False,False
2015-06-17,0,23,0,0,19,19,0,1143,32198,0,0,1143,563,0,0,0,2,0,False,False,False
2015-06-18,0,23,0,0,19,19,0,1144,32222,0,0,1144,563,0,0,0,2,0,False,False,False
2015-06-19,0,24,0,0,19,19,0,1145,32246,0,0,1145,563,0,0,0,2,0,False,False,False
2015-06-20,0,24,0,0,19,19,0,1146,32270,0,0,1146,563,0,0,0,2,0,False,False,False
2015-06-21,0,22,0,0,19,19,0,1147,32294,0,0,1147,563,0,0,0,2,0,False,False,False
2015-06-22,0,24,0,0,19,19,0,1148,32318,0,0,1148,563,0,0,0,2,0,False,False,False
2015-06-23,0,24,0,5,19,19,0,1149,32341,0,0,1149,563,0,0,0,2,0,False,False,False
2015-06-24,0,24,0,0,19,19,0,1150,32366,0,0,1150,563,0,0,0,2,0,False,False,False
2015-06-25,0,28,0,0,19,19,0,1150,32390,0,0,1150,563,0,0,0,2,0,False,False,False
2015-06-26,0,29,0,0,19,19,0,1151,32413,0,0,1151,563,0,0,0,2,0,False,False,False
2015-06-27,0,29,0,0,19,19,0,1152,32438,0,0,1152,563,0,0,0,2,0,False,False,False
2015-06-28,0,29,0,0,19,19,0,1153,32462,0,0,1153,563,0,0,0,2,0,False,False,False
2015-06-29,0,25,0,0,19,19,0,1154,32486,0,0,1154,563,0,0,0,2,0,False,False,False
2015-06-30,0,29,0,0,19,19,0,1155,32510,0,0,1155,563,0,0,0,2,0,False,False,False
2015-07-01,0,29,0,1,19,19,0,1156,32534,0,0,1156,563,0,0,0,2,0,False,False,False
2015-07-02,0,29,0,0,19,19,0,1157,32558,0,0,1157,563,0,0,0,2,0,False,False,False
2015-07-03,0,29,0,0,19,19,0,1158,32582,0,0,1158,563,0,0,0,2,0,False,False,False
2015-07-04,0,29,0,0,19,19,0,1159,32606,0,0,1159,563,0,0,0,2,0,False,False,False
2015-07-05,0,29,0,0,19,19,0,1160,32630,0,0,1160,563,0,0,0,2,0,False,False,False
2015-07-06,0,28,0,0,19,19,0,1161,32653,0,0,1161,563,0,0,0,2,0,False,False,False
2015-07-07,0,28,0,0,19,19,0,1162,32678,0,0,1162,563,0,0,0,2,0,False,False,False
2015-07-08,0,29,0,0,19,19,0,1163,32702,0,0,1163,563,0,0,0,2,0,False,False,False
2015-07-09,0,29,0,65536,19,19,0,1164,32726,0,0,1164,563,0,0,0,2,0,False,False,False
2015-07-10,0,29,0,0,19,19,0,1165,32750,0,0,1165,563,0,0,0,2,0,False,False,False
2015-07-11,0,29,0,1,19,19,0,1166,32774,0,0,1166,563,0,0,0,2,0,False,False,False
2015-07-12,0,28,0,0,19,19,0,1167,32798,0,0,1167,563,0,0,0,2,0,False,False,False
2015-07-13,0,29,0,0,19,19,0,1168,32821,0,0,1168,563,0,0,0,2,0,False,False,False
2015-07-14,0,29,0,0,19,19,0,1169,32846,0,0,1169,563,0,0,0,2,0,False,False,False
2015-07-15,0,29,0,0,19,19,0,1170,32870,0,0,1170,563,0,0,0,2,0,False,False,False
2015-07-16,0,29,0,0,19,19,0,1171,32893,0,0,1171,563,0,0,0,2,0,False,False,False
2015-07-17,0,28,0,2,19,19,0,1171,32918,0,0,1171,563,0,0,0,2,0,False,False,False
2015-07-18,0,29,0,65537,19,19,0,1172,32942,0,0,1172,563,0,0,0,2,0,False,False,False
2015-07-19,0,27,0,1,19,19,0,1173,32966,0,0,1173,563,0,0,0,2,0,False,False,False
2015-07-20,0,27,0,0,19,19,0,1174,32990,0,0,1174,563,0,0,0,2,0,False,False,False
2015-07-21,0,27,0,0,19,19,0,1175,33014,0,0,1175,563,0,0,0,2,0,False,False,False
2015-07-22,0,29,0,0,19,19,0,1176,33038,0,0,1176,563,0,0,0,2,0,False,False,False
2015-07-23,0,29,0,0,19,19,0,1177,33062,0,0,1177,563,0,0,0,2,0,False,False,False
2015-07-24,0,27,0,3,19,19,0,1178,33086,0,0,1178,563,0,0,0,2,0,False,False,False
2015-07-25,0,28,0,0,19,19,0,1179,33110,0,0,1179,563,0,0,0,2,0,False,False,False
2015-07-26,0,23,0,0,19,19,0,1180,33134,0,0,1180,563,0,0,0,2,0,False,False,False
2015-07-27,0,23,0,0,19,19,0,1180,33157,0,0,1180,563,0,0,0,2,0,False,False,False
2015-07-28,0,27,0,0,19,19,0,1181,33182,0,0,1181,563,0,0,0,2,0,False,False,False
2015-07-29,0,29,0,0,19,19,0,1182,33206,0,0,1182,563,0,0,0,2,0,False,False,False
2015-07-30,0,29,0,0,19,19,0,1183,33230,0,0,1183,563,0,0,0,2,0,False,False,False
2015-07-31,0,24,0,0,19,19,0,1184,33254,0,0,1184,563,0,0,0,2,0,False,False,False
2015-08-01,0,28,0,65536,19,19,0,1185,33278,0,0,1185,563,0,0,0,2,0,False,False,False
2015-08-02,0,29,0,0,19,19,0,1186,33302,0,0,1186,563,0,0,0,2,0,False,False,False
2015-08-03,0,28,0,0,19,19,0,1187,33326,0,0,1187,563,0,0,0,2,0,False,False,False
2015-08-04,0,27,0,0,19,19,0,1188,33350,0,0,1188,563,0,0,0,2,0,False,False,False
2015-08-05,0,27,0,0,19,19,0,1189,33374,0,0,1189,563,0,0,0,2,0,False,False,False
2015-08-06,0,29,0,0,19,19,0,1190,33397,0,0,1190,563,0,0,0,2,0,False,False,False
2015-08-07,0,28,0,0,19,19,0,1191,33422,0,0,1191,563,0,0,0,2,0,False,False,False
2015-08-08,0,26,0,0,19,19,0,1192,33446,0,0,1192,563,0,0,0,2,0,False,False,False
2015-08-09,0,27,0,0,19,19,0,1193,33470,0,0,1193,563,0,0,0,2,0,False,False,False
2015-08-10,0,29,0,0,19,19,0,1194,33493,0,0,1194,563,0,0,0,2,0,False,False,False
2015-08-11,0,29,0,1,19,19,0,1195,33518,0,0,1195,563,0,0,0,2,0,False,False,False
2015-08-12,0,28,0,0,19,19,0,1196,33542,0,0,1196,563,0,0,0,2,0,False,False,False
2015-08-13,0,29,0,0,19,19,0,1197,33565,0,0,1197,563,0,0,0,2,0,False,False,False
2015-08-14,0,26,0,0,19,19,0,1198,33589,0,0,1198,563,0,0,0,2,0,False,False,False
2015-08-15,0,29,0,0,19,19,0,1199,33614,0,0,1199,563,0,0,0,2,0,False,False,False
2015-08-16,0,27,0,0,19,19,0,1200,33638,0,0,1200,563,0,0,0,2,0,False,False,False
2015-08-17,0,29,0,0,19,19,0,1201,33661,0,0,1201,563,0,0,0,2,0,False,False,False
2015-08-18,0,27,0,1,19,19,0,1201,33686,0,0,1201,563,0,0,0,2,0,False,False,False
2015-08-19,0,29,0,0,19,19,0,1202,33710,0,0,1202,563,0,0,0,2,0,False,False,False
2015-08-20,0,29,0,2,19,19,0,1203,33734,0,0,1203,563,0,0,0,2,0,False,False,False
2015-08-21,0,28,0,0,19,19,0,1204,33757,0,0,1204,563,0,0,0,2,0,False,False,False
2015-08-22,0,31,0,0,19,19,0,1205,33782,0,0,1205,563,0,0,0,2,0,False,False,False
2015-08-23,0,30,0,65536,19,19,0,1206,33806,0,0,1206,563,0,0,0,2,0,False,False,False
2015-08-24,0,31,0,0,19,19,0,1207,33829,0,0,1207,563,0,0,0,2,0,False,False,False
2015-08-25,0,30,0,0,19,19,0,1208,33854,0,0,1208,563,0,0,0,2,0,False,False,False
2015-08-26,0,31,0,0,19,19,0,1209,33878,0,0,1209,563,0,0,0,2,0,False,False,False
2015-08-27,0,31,0,0,19,19,0,1210,33902,0,0,1210,563,0,0,0,2,0,False,False,False
2015-08-28,0,32,0,0,19,19,0,1211,33926,0,0,1211,563,0,0,0,2,0,False,False,False
2015-08-29,0,32,0,0,19,19,0,1211,33950,0,0,1211,563,0,0,0,2,0,False,False,False
2015-08-30,0,31,0,0,19,19,0,1212,33974,0,0,1212,563,0,0,0,2,0,False,False,False
2015-08-31,0,31,0,0,19,19,0,1213,33998,0,0,1213,563,0,0,0,2,0,False,False,False
2015-09-01,0,31,0,0,19,19,0,1214,34022,0,0,1214,563,0,0,0,2,0,False,False,False
2015-09-02,0,30,0,0,19,19,0,1215,34046,0,0,1215,563,0,0,0,2,0,False,False,False
2015-09-03,0,30,0,0,19,19,0,1216,34069,0,0,1216,563,0,0,0,2,0,False,False,False
2015-09-04,0,31,0,0,19,19,0,1217,34094,0,0,1217,563,0,0,0,2,0,False,False,False
2015-09-05,0,32,0,0,19,19,0,1218,34118,0,0,1218,563,0,0,0,2,0,False,False,False
2015-09-06,0,32,0,65536,19,19,0,1219,34142,0,0,1219,563,0,0,0,2,0,False,False,False
2015-09-07,0,32,0,0,19,19,0,1220,34166,0,0,1220,563,0,0,0,2,0,False,False,False
2015-09-08,0,31,0,0,19,19,0,1221,34190,0,0,1221,563,0,0,0,2,0,False,False,False
2015-09-09,0,31,0,0,19,19,0,1222,34214,0,0,1222,563,0,0,0,2,0,False,False,False
2015-09-10,0,31,0,0,19,19,0,1223,34238,0,0,1223,563,0,0,0,2,0,False,False,False
2015-09-11,0,31,0,0,19,19,0,1224,34262,0,0,1224,563,0,0,0,2,0,False,False,False
2015-09-12,0,31,0,0,19,19,0,1225,34286,0,0,1225,563,0,0,0,2,0,False,False,False
2015-09-13,0,31,0,0,19,19,0,1226,34309,0,0,1226,563,0,0,0,2,0,False,False,False
2015-09-14,0,32,0,0,19,19,0,1227,34334,0,0,1227,563,0,0,0,2,0,False,False,False
2015-09-15,0,32,0,65536,19,19,0,1228,34358,0,0,1228,563,0,0,0,2,0,False,False,False
2015-09-16,0,31,0,0,19,19,0,1228,34382,0,0,1228,563,0,0,0,2,0,False,False,False
2015-09-17,0,29,0,0,19,19,0,1229,34406,0,0,1229,563,0,0,0,2,0,False,False,False
2015-09-18,0,28,0,0,19,19,0,1230,34430,0,0,1230,563,0,0,0,2,0,False,False,False
2015-09-19,0,27,0,0,19,19,0,1231,34454,0,0,1231,563,0,0,0,2,0,False,False,False
2015-09-20,0,27,0,0,19,19,0,1232,34478,0,0,1232,563,0,0,0,2,0,False,False,False
2015-09-21,0,26,0,0,19,19,0,1233,34502,0,0,1233,563,0,0,0,2,0,False,False,False
2015-09-22,0,29,0,2,19,19,0,1234,34526,0,0,1234,563,0,0,0,2,0,False,False,False
2015-09-23,0,28,0,1,19,19,0,1235,34550,0,0,1235,563,0,0,0,2,0,False,False,False
2015-09-24,0,28,0,0,19,19,0,1236,34574,0,0,1236,563,0,0,0,2,0,False,False,False
2015-09-25,0,27,0,0,19,19,0,1237,34598,0,0,1237,563,0,0,0,2,0,False,False,False
2015-09-26,0,26,0,0,19,19,0,1238,34622,0,0,1238,563,0,0,0,2,0,False,False,False
2015-09-27,0,27,0,0,19,19,0,1239,34646,0,0,1239,563,0,0,0,2,0,False,False,False
2015-09-28,0,27,0,0,19,19,0,1240,34670,0,0,1240,563,0,0,0,2,0,False,False,False
2015-09-29,0,28,0,0,19,19,0,1241,34694,0,0,1241,563,0,0,0,2,0,False,False,False
2015-09-30,0,29,0,720896,19,19,0,1242,34718,0,0,1242,563,0,0,0,2,0,False,False,False
2015-10-01,0,29,0,0,19,19,0,1243,34742,0,0,1243,563,0,0,0,2,0,False,False,False
2015-10-02,0,27,0,1,19,19,0,1243,34766,0,0,1243,563,0,0,0,2,0,False,False,False
2015-10-03,0,28,0,0,19,19,0,1244,34789,0,0,1244,563,0,0,0,2,0,False,False,False
2015-10-04,0,28,0,0,19,19,0,1245,34814,0,0,1245,563,0,0,0,2,0,False,False,False
2015-10-05,0,28,0,0,19,19,0,1246,34838,0,0,1246,563,0,0,0,2,0,False,False,False
2015-10-06,0,28,0,0,19,19,0,1247,34862,0,0,1247,563,0,0,0,2,0,False,False,False
2015-10-07,0,27,0,65536,19,19,0,1248,34886,0,0,1248,563,0,0,0,2,0,False,False,False
2015-10-08,0,28,0,2,19,19,0,1249,34910,0,0,1249,563,0,0,0,2,0,False,False,False
2015-10-09,0,29,0,0,19,19,0,1250,34934,0,0,1250,563,0,0,0,2,0,False,False,False
2015-10-10,0,28,0,0,19,19,0,1251,34958,0,0,1251,563,0,0,0,2,0,False,False,False
2015-10-11,0,29,0,0,19,19,0,1252,34982,0,0,1252,563,0,0,0,2,0,False,False,False
2015-10-12,0,27,0,0,19,19,0,1253,35006,0,0,1253,563,0,0,0,2,0,False,False,False
2015-10-13,0,29,0,0,19,19,0,1254,35030,0,0,1254,563,0,0,0,2,0,False,False,False
2015-10-14,0,29,0,0,19,19,0,1255,35054,0,0,1255,563,0,0,0,2,0,False,False,False
2015-10-15,0,29,0,0,19,19,0,1256,35078,0,0,1256,563,0,0,0,2,0,False,False,False
2015-10-16,0,29,0,1,19,19,0,1257,35102,0,0,1257,563,0,0,0,2,0,False,False,False
2015-10-17,0,28,0,0,19,19,0,1258,35126,0,0,1258,563,0,0,0,2,0,False,False,False
2015-10-18,0,28,0,0,19,19,0,1259,35150,0,0,1259,563,0,0,0,2,0,False,False,False
2015-10-19,0,28,0,0,19,19,0,1260,35174,0,0,1260,563,0,0,0,2,0,False,False,False
2015-10-20,0,29,0,0,19,19,0,1261,35198,0,0,1261,563,0,0,0,2,0,False,False,False
2015-10-21,0,27,0,65536,19,19,0,1262,35222,0,0,1262,563,0,0,0,2,0,False,False,False
2015-10-22,0,28,0,0,19,19,0,1263,35246,0,0,1263,563,0,0,0,2,0,False,False,False
2015-10-23,0,27,0,0,19,19,0,1264,35270,0,0,1264,563,0,0,0,2,0,False,False,False
2015-10-24,0,27,0,65542,19,19,0,1265,35294,0,0,1265,563,0,0,0,2,0,False,False,False
2015-10-25,0,28,0,0,19,19,0,1265,35318,0,0,1265,563,0,0,0,2,0,False,False,False
2015-10-26,0,27,0,1,19,19,0,1266,35342,0,0,1266,563,0,0,0,2,0,False,False,False
2015-10-27,0,28,0,0,19,19,0,1268,35366,0,0,1268,563,0,0,0,2,0,False,False,False
2015-10-29,0,29,0,0,19,19,0,1269,35414,0,0,1269,563,0,0,0,2,0,False,False,False
2015-10-30,0,28,0,65536,19,19,0,1270,35438,0,0,1270,563,0,0,0,2,0,False,False,False
2015-10-31,0,28,0,0,19,19,0,1271,35462,0,0,1271,563,0,0,0,2,0,False,False,False
2015-11-02,0,29,0,0,19,19,0,1273,35511,0,0,1273,563,0,0,0,2,0,False,False,False
2015-11-03,0,27,0,0,19,19,0,1274,35535,0,0,1274,563,0,0,0,2,0,False,False,False
2015-11-04,0,27,0,0,19,19,0,1275,35559,0,0,1275,563,0,0,0,2,0,False,False,False
2015-11-05,0,27,0,0,19,19,0,1276,35583,0,0,1276,563,0,0,0,2,0,False,False,False
2015-11-06,0,28,0,0,19,19,0,1277,35607,0,0,1277,563,0,0,0,2,0,False,False,False
2015-11-07,0,28,0,0,19,19,0,1278,35631,0,0,1278,563,0,0,0,2,0,False,False,False
2015-11-08,0,28,0,0,19,19,0,1279,35655,0,0,1279,563,0,0,0,2,0,False,False,False
2015-11-09,0,28,0,720898,19,19,0,1280,35679,0,0,1280,563,0,0,0,2,0,False,False,False
2015-11-10,0,28,0,0,19,19,0,1281,35703,0,0,1281,563,0,0,0,2,0,False,False,False
2015-11-11,0,29,0,0,19,19,0,1282,35727,0,0,1282,563,0,0,0,2,0,False,False,False
2015-11-12,0,28,0,0,19,19,0,1283,35751,0,0,1283,563,0,0,0,2,0,False,False,False
2015-11-13,0,27,0,0,19,19,0,1284,35775,0,0,1284,563,0,0,0,2,0,False,False,False
2015-11-14,0,28,0,0,19,19,0,1285,35799,0,0,1285,563,0,0,0,2,0,False,False,False
2015-11-15,0,28,0,0,19,19,0,1286,35823,0,0,1286,563,0,0,0,2,0,False,False,False
2015-11-16,0,27,0,1,19,19,0,1287,35847,0,0,1287,563,0,0,0,2,0,False,False,False
2015-11-17,0,28,0,0,19,19,0,1288,35871,0,0,1288,563,0,0,0,2,0,False,False,False
2015-11-18,0,28,0,0,19,19,0,1289,35895,0,0,1289,563,0,0,0,2,0,False,False,False
2015-11-19,0,28,0,0,19,19,0,1290,35919,0,0,1290,563,0,0,0,2,0,False,False,False
2015-11-20,0,28,0,0,19,19,0,1291,35943,0,0,1291,563,0,0,0,2,0,False,False,False
2015-11-21,0,28,0,0,19,19,0,1292,35967,0,0,1292,563,0,0,0,2,0,False,False,False
2015-11-22,0,28,0,0,19,19,0,1293,35991,0,0,1293,563,0,0,0,2,0,False,False,False
2015-11-23,0,28,0,0,19,19,0,1294,36015,0,0,1294,563,0,0,0,2,0,False,False,False
2015-11-24,0,28,0,0,19,19,0,1294,36039,0,0,1294,563,0,0,0,2,0,False,False,False
2015-11-25,0,27,0,0,19,19,0,1295,36063,0,0,1295,563,0,0,0,2,0,False,False,False
2015-11-26,0,28,0,0,19,19,0,1296,36087,0,0,1296,563,0,0,0,2,0,False,False,False
2015-11-27,0,28,0,0,19,19,0,1297,36111,0,0,1297,563,0,0,0,2,0,False,False,False
2015-11-28,0,28,0,131072,19,19,0,1298,36135,0,0,1298,563,0,0,0,2,0,False,False,False
2015-11-29,0,28,0,0,19,19,0,1299,36159,0,0,1299,563,0,0,0,2,0,False,False,False
2015-11-30,0,28,0,0,19,19,0,1300,36183,0,0,1300,563,0,0,0,2,0,False,False,False
2015-12-01,0,28,0,0,19,19,0,1301,36207,0,0,1301,563,0,0,0,2,0,False,False,False
2015-12-02,0,28,0,0,19,19,0,1302,36231,0,0,1302,563,0,0,0,2,0,False,False,False
2015-12-03,0,28,0,0,19,19,0,1303,36255,0,0,1303,563,0,0,0,2,0,False,False,False
2015-12-04,0,29,0,0,19,19,0,1304,36279,0,0,1304,563,0,0,0,2,0,False,False,False
2015-12-05,0,29,0,0,19,19,0,1305,36303,0,0,1305,563,0,0,0,2,0,False,False,False
2015-12-06,0,28,0,0,19,19,0,1306,36327,0,0,1306,563,0,0,0,2,0,False,False,False
2015-12-07,0,27,0,0,19,19,0,1307,36351,0,0,1307,563,0,0,0,2,0,False,False,False
2015-12-08,0,28,0,0,19,19,0,1308,36375,0,0,1308,563,0,0,0,2,0,False,False,False
2015-12-09,0,27,0,0,19,19,0,1309,36399,0,0,1309,563,0,0,0,2,0,False,False,False
2015-12-10,0,27,0,0,19,19,0,1310,36423,0,0,1310,563,0,0,0,2,0,False,False,False
2015-12-11,0,28,0,0,19,19,0,1311,36447,0,0,1311,563,0,0,0,2,0,False,False,False
2015-12-12,0,28,0,0,19,19,0,1312,36471,0,0,1312,563,0,0,0,2,0,False,False,False
2015-12-13,0,28,0,0,19,19,0,1313,36495,0,0,1313,563,0,0,0,2,0,False,False,False
2015-12-14,0,27,0,0,19,19,0,1314,36519,0,0,1314,563,0,0,0,2,0,False,False,False
2015-12-15,0,27,0,0,19,19,0,1315,36543,0,0,1315,563,0,0,0,2,0,False,False,False
2015-12-16,0,28,0,65537,19,19,0,1316,36567,0,0,1316,563,0,0,0,2,0,False,False,False
2015-12-17,0,28,0,0,19,19,0,1317,36591,0,0,1317,563,0,0,0,2,0,False,False,False
2015-12-18,0,28,0,0,19,19,0,1318,36615,0,0,1318,563,0,0,0,2,0,False,False,False
2015-12-19,0,29,0,65536,19,19,0,1318,36639,0,0,1318,563,0,0,0,2,0,False,False,False
2015-12-20,0,28,0,0,19,19,0,1319,36663,0,0,1319,563,0,0,0,2,0,False,False,False
2015-12-21,0,29,0,0,19,19,0,1320,36687,0,0,1320,563,0,0,0,2,0,False,False,False
2015-12-22,0,28,0,0,19,19,0,1321,36711,0,0,1321,563,0,0,0,2,0,False,False,False
2015-12-23,0,28,0,0,19,19,0,1322,36735,0,0,1322,563,0,0,0,2,0,False,False,False
2015-12-24,0,28,0,0,19,19,0,1323,36759,0,0,1323,563,0,0,0,2,0,False,False,False
2015-12-25,0,28,0,0,19,19,0,1324,36783,0,0,1324,563,0,0,0,2,0,False,False,False
2015-12-26,0,28,0,0,19,19,0,1325,36807,0,0,1325,563,0,0,0,2,0,False,False,False
2015-12-27,0,27,0,0,19,19,0,1326,36831,0,0,1326,563,0,0,0,2,0,False,False,False
2015-12-28,0,28,0,0,19,19,0,1327,36855,0,0,1327,563,0,0,0,2,0,False,False,False
2015-12-29,0,26,0,2,19,19,0,1328,36879,0,0,1328,563,0,0,0,2,0,False,False,False
2015-12-30,0,27,0,0,19,19,0,1329,36903,0,0,1329,563,0,0,0,2,0,False,False,False
2015-12-31,0,27,0,0,19,19,0,1330,36927,0,0,1330,563,0,0,0,2,0,False,False,False
2016-01-01,0,28,0,0,19,19,0,1331,36951,0,0,1331,563,0,0,0,2,0,False,False,False
2016-01-02,0,28,0,0,19,19,0,1332,36975,0,0,1332,563,0,0,0,2,0,False,False,False
2016-01-03,0,29,0,0,19,19,0,1333,36999,0,0,1333,563,0,0,0,2,0,False,False,False
2016-01-04,0,28,0,0,19,19,0,1334,37023,0,0,1334,563,0,0,0,2,0,False,False,False
2016-01-05,0,29,0,0,19,19,0,1335,37047,0,0,1335,563,0,0,0,2,0,False,False,False
2016-01-06,0,28,0,0,19,19,0,1336,37071,0,0,1336,563,0,0,0,2,0,False,False,False
2016-01-07,0,28,0,0,19,19,0,1337,37095,0,0,1337,563,0,0,0,2,0,False,False,False
2016-01-08,0,28,0,0,20,20,0,1338,37119,0,0,1338,562,0,0,0,2,0,False,False,False
2016-01-09,0,28,0,0,20,20,0,1339,37143,0,0,1339,562,0,0,0,2,0,False,False,False
2016-01-10,0,27,0,0,20,20,0,1340,37167,0,0,1340,562,0,0,0,2,0,False,False,False
2016-01-11,0,27,0,0,21,21,0,1342,37191,0,0,1342,562,0,0,0,2,0,False,False,False
2016-01-12,0,29,0,0,21,21,0,1343,37215,0,0,1343,562,0,0,0,2,0,False,False,False
2016-01-13,0,29,0,0,21,21,0,1344,37239,0,0,1344,562,0,0,0,2,0,False,False,False
2016-01-14,0,29,0,0,21,21,0,1345,37263,0,0,1345,562,0,0,0,2,0,False,False,False
2016-01-15,0,29,0,0,21,21,0,1346,37287,0,0,1346,562,0,0,0,2,0,False,False,False
2016-01-16,0,29,0,0,21,21,0,1347,37311,0,0,1347,562,0,0,0,2,0,False,False,False
2016-01-17,0,27,0,0,21,21,0,1348,37335,0,0,1348,562,0,0,0,2,0,False,False,False
2016-01-18,0,27,0,0,21,21,0,1349,37359,0,0,1349,562,0,0,0,2,0,False,False,False
2016-01-19,0,27,0,0,21,21,0,1350,37383,0,0,1350,562,0,0,0,2,0,False,False,False
2016-01-20,0,26,0,65536,21,21,0,1351,37407,0,0,1351,562,0,0,0,2,0,False,False,False
2016-01-21,0,28,0,0,21,21,0,1352,37431,0,0,1352,562,0,0,0,2,0,False,False,False
2016-01-22,0,27,0,0,21,21,0,1353,37455,0,0,1353,562,0,0,0,2,0,False,False,False
2016-01-23,0,27,0,1,21,21,0,1354,37478,0,0,1354,562,0,0,0,2,0,False,False,False
2016-01-24,0,29,0,1,21,21,0,1355,37503,0,0,1355,562,0,0,0,2,0,False,False,False
2016-01-25,0,28,0,0,21,21,0,1356,37527,0,0,1356,562,0,0,0,2,0,False,False,False
2016-01-26,0,29,0,65536,21,21,0,1357,37550,0,0,1357,562,0,0,0,2,0,False,False,False
2016-01-27,0,27,0,0,21,21,0,1358,37575,0,0,1358,562,0,0,0,2,0,False,False,False
2016-01-28,0,29,0,0,21,21,0,1359,37599,0,0,1359,562,0,0,0,2,0,False,False,False
2016-01-29,0,26,0,0,21,21,0,1360,37623,0,0,1360,562,0,0,0,2,0,False,False,False
2016-01-30,0,28,0,0,21,21,0,1360,37647,0,0,1360,562,0,0,0,2,0,False,False,False
2016-01-31,0,27,0,0,21,21,0,1361,37671,0,0,1361,562,0,0,0,2,0,False,False,False
2016-02-01,0,26,0,0,21,21,0,1362,37695,0,0,1362,562,0,0,0,2,0,False,False,False
2016-02-02,0,28,0,0,21,21,0,1363,37719,0,0,1363,562,0,0,0,2,0,False,False,False
2016-02-03,0,29,0,0,21,21,0,1364,37743,0,0,1364,562,0,0,0,2,0,False,False,False
2016-02-04,0,28,0,0,21,21,0,1365,37767,0,0,1365,562,0,0,0,2,0,False,False,False
2016-02-05,0,29,0,0,21,21,0,1366,37790,0,0,1366,562,0,0,0,2,0,False,False,False
2016-02-06,0,29,0,0,21,21,0,1367,37815,0,0,1367,562,0,0,0,2,0,False,False,False
2016-02-07,0,26,0,0,21,21,0,1368,37839,0,0,1368,562,0,0,0,2,0,False,False,False
2016-02-08,0,27,0,0,21,21,0,1369,37863,0,0,1369,562,0,0,0,2,0,False,False,False
2016-02-09,0,28,0,0,21,21,0,1370,37887,0,0,1370,562,0,0,0,2,0,False,False,False
2016-02-10,0,25,0,0,21,21,0,1371,37911,0,0,1371,562,0,0,0,2,0,False,False,False
2016-02-11,0,26,0,0,21,21,0,1372,37935,0,0,1372,562,0,0,0,2,0,False,False,False
2016-02-12,0,27,0,0,21,21,0,1373,37958,0,0,1373,562,0,0,0,2,0,False,False,False
2016-02-13,0,27,0,1,21,21,0,1374,37983,0,0,1374,562,0,0,0,2,0,False,False,False
2016-02-14,0,28,0,0,21,21,0,1375,38007,0,0,1375,562,0,0,0,2,0,False,False,False
2016-02-15,0,28,0,0,21,21,0,1376,38030,0,0,1376,562,0,0,0,2,0,False,False,False
2016-02-16,0,29,0,1,21,21,0,1377,38055,0,0,1377,562,0,0,0,2,0,False,False,False
2016-02-17,0,28,0,0,21,21,0,1378,38079,0,0,1378,562,0,0,0,2,0,False,False,False
2016-02-18,0,28,0,0,21,21,0,1379,38103,0,0,1379,562,0,0,0,2,0,False,False,False
2016-02-19,0,25,0,0,21,21,0,1380,38127,0,0,1380,562,0,0,0,2,0,False,False,False
2016-02-20,0,26,0,0,21,21,0,1381,38151,0,0,1381,562,0,0,0,2,0,False,False,False
2016-02-21,0,26,0,0,21,21,0,1381,38175,0,0,1381,562,0,0,0,2,0,False,False,False
2016-02-22,0,27,0,0,21,21,0,1382,38198,0,0,1382,562,0,0,0,2,0,False,False,False
2016-02-23,0,26,0,0,21,21,0,1383,38223,0,0,1383,562,0,0,0,2,0,False,False,False
2016-02-24,0,26,0,0,21,21,0,1384,38247,0,0,1384,562,0,0,0,2,0,False,False,False
2016-02-25,0,27,0,0,21,21,0,1385,38270,0,0,1385,562,0,0,0,2,0,False,False,False
2016-02-26,0,29,0,0,21,21,0,1386,38295,0,0,1386,562,0,0,0,2,0,False,False,False
2016-02-27,0,27,0,0,21,21,0,1387,38319,0,0,1387,562,0,0,0,2,0,False,False,False
2016-02-28,0,27,0,0,21,21,0,1388,38343,0,0,1388,562,0,0,0,2,0,False,False,False
2016-02-29,0,28,0,0,21,21,0,1389,38367,0,0,1389,562,0,0,0,2,0,False,False,False
2016-03-01,0,27,0,65536,21,21,0,1390,38391,0,0,1390,562,0,0,0,2,0,False,False,False
2016-03-02,0,27,0,0,21,21,0,1391,38415,0,0,1391,562,0,0,0,2,0,False,False,False
2016-03-03,0,26,0,0,21,21,0,1392,38439,0,0,1392,562,0,0,0,2,0,False,False,False
2016-03-04,0,26,0,0,21,21,0,1393,38463,0,0,1393,562,0,0,0,2,0,False,False,False
2016-03-05,0,25,0,0,21,21,0,1394,38487,0,0,1394,562,0,0,0,2,0,False,False,False
2016-03-06,0,26,0,0,21,21,0,1395,38510,0,0,1395,562,0,0,0,2,0,False,False,False
2016-03-07,0,24,0,0,21,21,0,1396,38535,0,0,1396,562,0,0,0,2,0,False,False,False
2016-03-08,0,25,0,1,21,21,0,1396,38559,0,0,1396,562,0,0,0,2,0,False,False,False
2016-03-09,0,24,0,0,21,21,0,1397,38583,0,0,1397,562,0,0,0,2,0,False,False,False
2016-03-10,0,24,0,0,21,21,0,1398,38607,0,0,1398,562,0,0,0,2,0,False,False,False
2016-03-11,0,24,0,0,21,21,0,1399,38631,0,0,1399,562,0,0,0,2,0,False,False,False
2016-03-12,0,24,0,0,21,21,0,1400,38655,0,0,1400,562,0,0,0,2,0,False,False,False
2016-03-13,0,24,0,0,21,21,0,1401,38679,0,0,1401,562,0,0,0,2,0,False,False,False
2016-03-14,0,24,0,0,21,21,0,1402,38703,0,0,1402,562,0,0,0,2,0,False,False,False
2016-03-15,0,25,0,0,21,21,0,1403,38726,0,0,1403,562,0,0,0,2,0,False,False,False
2016-03-16,0,26,0,65539,21,21,0,1404,38750,0,0,1404,562,0,0,0,2,0,False,False,False
2016-03-17,0,25,0,0,21,21,0,1405,38773,0,0,1405,562,0,0,0,2,0,False,False,False
2016-03-18,0,25,0,0,21,21,0,1406,38798,0,0,1406,562,0,0,0,2,0,False,False,False
2016-03-19,0,24,0,0,21,21,0,1407,38822,0,0,1407,562,0,0,0,2,0,False,False,False
2016-03-20,0,24,0,0,21,21,0,1408,38846,0,0,1408,562,0,0,0,2,0,False,False,False
2016-03-21,0,24,0,0,21,21,0,1409,38870,0,0,1409,562,0,0,0,2,0,False,False,False
2016-03-22,0,24,0,0,21,21,0,1410,38894,0,0,1410,562,0,0,0,2,0,False,False,False
2016-03-23,0,25,0,0,21,21,0,1411,38918,0,0,1411,562,0,0,0,2,0,False,False,False
2016-03-24,0,25,0,65540,21,21,0,1411,38942,0,0,1411,562,0,0,0,2,0,False,False,False
2016-03-25,0,24,0,0,21,21,0,1412,38966,0,0,1412,562,0,0,0,2,0,False,False,False
2016-03-26,0,25,0,0,21,21,0,1413,38990,0,0,1413,562,0,0,0,2,0,False,False,False
2016-03-27,0,24,0,131072,21,21,0,1414,39014,0,0,1414,562,0,0,0,2,0,False,False,False
2016-03-28,0,25,0,0,21,21,0,1415,39038,0,0,1415,562,0,0,0,2,0,False,False,False
2016-03-29,0,25,0,0,21,21,0,1416,39062,0,0,1416,562,0,0,0,2,0,False,False,False
2016-03-30,0,26,0,0,21,21,0,1417,39085,0,0,1417,562,0,0,0,2,0,False,False,False
2016-03-31,0,26,0,65536,21,21,0,1418,39110,0,0,1418,562,0,0,0,2,0,False,False,False
2016-04-01,0,26,0,0,21,21,0,1419,39134,0,0,1419,562,0,0,0,2,0,False,False,False
2016-04-02,0,25,0,65536,21,21,0,1420,39158,0,0,1420,562,0,0,0,2,0,False,False,False
2016-04-03,0,25,0,65536,21,21,0,1421,39182,0,0,1421,562,0,0,0,2,0,False,False,False
2016-04-04,0,26,0,0,21,21,0,1422,39206,0,0,1422,562,0,0,0,2,0,False,False,False
2016-04-05,0,26,0,0,21,21,0,1423,39230,0,0,1423,562,0,0,0,2,0,False,False,False
2016-04-06,0,25,0,0,21,21,0,1424,39253,0,0,1424,562,0,0,0,2,0,False,False,False
2016-04-07,0,25,0,0,22,22,0,1426,39277,0,0,1426,562,0,0,0,2,0,False,False,False
2016-04-08,0,25,0,65536,22,22,0,1427,39302,0,0,1427,562,0,0,0,2,0,False,False,False
2016-04-09,0,26,0,0,22,22,0,1428,39326,0,0,1428,562,0,0,0,2,0,False,False,False
2016-04-10,0,26,0,131074,22,22,0,1429,39349,0,0,1429,562,0,0,0,2,0,False,False,False
2016-04-11,0,26,0,0,22,22,0,1430,39373,0,0,1430,562,0,0,0,2,0,False,False,False
2016-04-12,0,25,0,1,22,22,0,1431,39398,0,0,1431,562,0,0,0,2,0,False,False,False
2016-04-13,0,26,0,0,22,22,0,1432,39422,0,0,1432,562,0,0,0,2,0,False,False,False
2016-04-14,0,25,0,0,22,22,0,1433,39445,0,0,1433,562,0,0,0,2,0,False,False,False
2016-04-15,0,26,0,0,22,22,0,1434,39470,0,0,1434,562,0,0,0,2,0,False,False,False
2016-04-16,0,26,0,0,22,22,0,1434,39494,0,0,1434,562,0,0,0,2,0,False,False,False
2016-04-17,0,25,0,0,22,22,0,1435,39517,0,0,1435,562,0,0,0,2,0,False,False,False
2016-04-18,0,25,0,2,22,22,0,1436,39542,0,0,1436,562,0,0,0,2,0,False,False,False
2016-04-19,0,25,0,0,22,22,0,1437,39566,0,0,1437,562,0,0,0,2,0,False,False,False
2016-04-20,0,25,0,0,22,22,0,1438,39589,0,0,1438,562,0,0,0,2,0,False,False,False
2016-04-21,0,25,0,0,22,22,0,1439,39613,0,0,1439,562,0,0,0,2,0,False,False,False
2016-04-22,0,25,0,0,22,22,0,1440,39638,0,0,1440,562,0,0,0,2,0,False,False,False
2016-04-23,0,25,0,0,22,22,0,1441,39661,0,0,1441,562,0,0,0,2,0,False,False,False
2016-04-24,0,25,0,0,22,22,0,1442,39686,0,0,1442,562,0,0,0,2,0,False,False,False
2016-04-25,0,25,0,0,22,22,0,1443,39710,0,0,1443,562,0,0,0,2,0,False,False,False
2016-04-26,0,26,0,65537,22,22,0,1444,39734,0,0,1444,562,0,0,0,2,0,False,False,False
2016-04-27,0,26,0,0,22,22,0,1445,39757,0,0,1445,562,0,0,0,2,0,False,False,False
2016-04-28,0,25,0,0,22,22,0,1446,39782,0,0,1446,562,0,0,0,2,0,False,False,False
2016-04-29,0,26,0,0,22,22,0,1447,39806,0,0,1447,562,0,0,0,2,0,False,False,False
2016-04-30,0,25,0,0,22,22,0,1448,39829,0,0,1448,562,0,0,0,2,0,False,False,False
2016-05-01,0,25,0,0,22,22,0,1449,39854,0,0,1449,562,0,0,0,2,0,False,False,False
2016-05-02,0,26,0,0,22,22,0,1450,39878,0,0,1450,562,0,0,0,2,0,False,False,False
2016-05-03,0,26,0,0,22,22,0,1451,39901,0,0,1451,562,0,0,0,2,0,False,False,False
2016-05-04,0,26,0,1,22,22,0,1452,39925,0,0,1452,562,0,0,0,2,0,False,False,False
2016-05-05,0,26,0,0,22,22,0,1453,39950,0,0,1453,562,0,0,0,2,0,False,False,False
2016-05-06,0,26,0,0,22,22,0,1453,39974,0,0,1453,562,0,0,0,2,0,False,False,False
2016-05-07,0,26,0,0,22,22,0,1454,39997,0,0,1454,562,0,0,0,2,0,False,False,False
2016-05-08,0,26,0,0,22,22,0,1455,40022,0,0,1455,562,0,0,0,2,0,False,False,False
2016-05-09,0,27,0,0,22,22,0,1456,40046,0,0,1456,562,0,0,0,2,0,False,False,False
2016-05-10,0,27,0,0,22,22,0,1457,40069,0,0,1457,562,0,0,0,2,0,False,False,False
2016-05-11,0,26,0,0,22,22,0,1458,40094,0,0,1458,562,0,0,0,2,0,False,False,False
2016-05-12,0,27,0,65536,22,22,0,1459,40118,0,0,1459,562,0,0,0,2,0,False,False,False
2016-05-13,0,26,0,0,22,22,0,1460,40142,0,0,1460,562,0,0,0,2,0,False,False,False
2016-05-14,0,26,0,1,22,22,0,1461,40165,0,0,1461,562,0,0,0,2,0,False,False,False
2016-05-15,0,27,0,0,22,22,0,1462,40190,0,0,1462,562,0,0,0,2,0,False,False,False
2016-05-16,0,27,0,0,22,22,0,1463,40214,0,0,1463,562,0,0,0,2,0,False,False,False
2016-05-17,0,27,0,0,22,22,0,1464,40237,0,0,1464,562,0,0,0,2,0,False,False,False
2016-05-18,0,27,0,65536,22,22,0,1465,40262,0,0,1465,562,0,0,0,2,0,False,False,False
2016-05-19,0,27,0,0,22,22,0,1466,40286,0,0,1466,562,0,0,0,2,0,False,False,False
2016-05-20,0,26,0,0,22,22,0,1466,40309,0,0,1466,562,0,0,0,2,0,False,False,False
2016-05-21,0,26,0,1,22,22,0,1467,40334,0,0,1467,562,0,0,0,2,0,False,False,False
2016-05-22,0,26,0,1,22,22,0,1468,40358,0,0,1468,562,0,0,0,2,0,False,False,False
2016-05-23,0,26,0,0,22,22,0,1469,40382,0,0,1469,562,0,0,0,2,0,False,False,False
2016-05-24,0,27,0,0,22,22,0,1470,40405,0,0,1470,562,0,0,0,2,0,False,False,False
2016-05-25,0,27,0,0,22,22,0,1471,40430,0,0,1471,562,0,0,0,2,0,False,False,False
2016-05-26,0,26,0,0,22,22,0,1472,40454,0,0,1472,562,0,0,0,2,0,False,False,False
2016-05-27,0,27,0,0,22,22,0,1473,40477,0,0,1473,562,0,0,0,2,0,False,False,False
2016-05-28,0,27,0,0,22,22,0,1474,40502,0,0,1474,562,0,0,0,2,0,False,False,False
2016-05-29,0,26,0,65536,22,22,0,1475,40526,0,0,1475,562,0,0,0,2,0,False,False,False
2016-05-30,0,27,0,2,22,22,0,1476,40549,0,0,1476,562,0,0,0,2,0,False,False,False
2016-05-31,0,27,0,0,22,22,0,1477,40574,0,0,1477,562,0,0,0,2,0,False,False,False
2016-06-01,0,28,0,0,22,22,0,1478,40598,0,0,1478,562,0,0,0,2,0,False,False,False
2016-06-02,0,27,0,0,22,22,0,1479,40621,0,0,1479,562,0,0,0,2,0,False,False,False
2016-06-03,0,27,0,1,22,22,0,1479,40645,0,0,1479,562,0,0,0,2,0,False,False,False
2016-06-04,0,27,0,0,22,22,0,1480,40670,0,0,1480,562,0,0,0,2,0,False,False,False
2016-06-05,0,27,0,1,22,22,0,1481,40694,0,0,1481,562,0,0,0,2,0,False,False,False
2016-06-06,0,27,0,1245185,22,22,0,1482,40717,0,0,1482,562,0,0,0,2,0,False,False,False
2016-06-07,0,27,0,65537,22,22,0,1483,40742,0,0,1483,562,0,0,0,2,0,False,False,False
2016-06-08,0,27,0,0,22,22,0,1484,40766,0,0,1484,562,0,0,0,2,0,False,False,False
2016-06-09,0,27,0,0,22,22,0,1485,40789,0,0,1485,562,0,0,0,2,0,False,False,False
2016-06-10,0,27,0,0,22,22,0,1486,40813,0,0,1486,562,0,0,0,2,0,False,False,False
2016-06-11,0,27,0,0,22,22,0,1487,40838,0,0,1487,562,0,0,0,2,0,False,False,False
2016-06-12,0,27,0,65536,22,22,0,1488,40862,0,0,1488,562,0,0,0,2,0,False,False,False
2016-06-13,0,27,0,0,22,22,0,1489,40885,0,0,1489,562,0,0,0,2,0,False,False,False
2016-06-14,0,27,0,2,22,22,0,1490,40910,0,0,1490,562,0,0,0,2,0,False,False,False
2016-06-15,0,26,0,0,22,22,0,1491,40934,0,0,1491,562,0,0,0,2,0,False,False,False
2016-06-16,0,27,0,0,22,22,0,1492,40957,0,0,1492,562,0,0,0,2,0,False,False,False
2016-06-17,0,27,0,0,22,22,0,1493,40982,0,0,1493,562,0,0,0,2,0,False,False,False
2016-06-18,0,27,0,0,22,22,0,1494,41006,0,0,1494,562,0,0,0,2,0,False,False,False
2016-06-19,0,27,0,65536,22,22,0,1495,41029,0,0,1495,562,0,0,0,2,0,False,False,False
2016-06-20,0,27,0,0,22,22,0,1496,41054,0,0,1496,562,0,0,0,2,0,False,False,False
2016-06-21,0,28,0,0,22,22,0,1497,41078,0,0,1497,562,0,0,0,2,0,False,False,False
2016-06-22,0,29,0,0,22,22,0,1497,41102,0,0,1497,562,0,0,0,2,0,False,False,False
2016-06-23,0,28,0,0,22,22,0,1498,41126,0,0,1498,562,0,0,0,2,0,False,False,False
2016-06-24,0,28,0,0,22,22,0,1499,41150,0,0,1499,562,0,0,0,2,0,False,False,False
2016-06-25,0,29,0,0,22,22,0,1500,41174,0,0,1500,562,0,0,0,2,0,False,False,False
2016-06-26,0,29,0,0,22,22,0,1501,41197,0,0,1501,562,0,0,0,2,0,False,False,False
2016-06-27,0,28,0,0,22,22,0,1502,41222,0,0,1502,562,0,0,0,2,0,False,False,False
2016-06-28,0,29,0,65536,22,22,0,1503,41246,0,0,1503,562,0,0,0,2,0,False,False,False
2016-06-29,0,28,0,0,22,22,0,1504,41269,0,0,1504,562,0,0,0,2,0,False,False,False
2016-06-30,0,28,0,1,22,22,0,1505,41294,0,0,1505,562,0,0,0,2,0,False,False,False
