date,failure,Smart 194: Temperature_Celsius (Raw Value),Smart 8: Seek_Time_Performance (Raw Value),Smart 1: Raw_Read_Error_Rate (Raw Value),Smart 12: Power_Cycle_Count (Raw Value),Smart 4: Start_Stop_Count (Raw Value),Smart 10: Spin_Retry_Count (Raw Value),Smart 192: Power-Off_Retract_Count (Raw Value),Smart 9: Power_On_Hours (Raw Value),Smart 2: Throughput_Performance (Raw Value),Smart 7: Seek_Error_Rate (Raw Value),Smart 193: Load_Cycle_Count (Raw Value),Smart 3: Spin_Up_Time (Raw Value),Smart 5: Reallocated_Sector_Ct (Raw Value),Smart 197: Current_Pending_Sector (Raw Value),Smart 198: Offline_Uncorrectable (Raw Value),Smart 199: UDMA_CRC_Error_Count (Raw Value),Smart 196: Reallocated_Event_Count (Raw Value),op_fail_30,op_fail_15,op_fail_1
2013-05-18,0,30,,0,,,,,98,,,,,0,0,,,,False,False,False
2013-05-19,0,30,,0,,,,,122,,,,,0,0,,,,False,False,False
2013-05-20,0,30,,0,,,,,146,,,,,0,0,,,,False,False,False
2013-05-21,0,30,,0,,,,,170,,,,,0,0,,,,False,False,False
2013-05-22,0,30,,0,,,,,194,,,,,0,0,,,,False,False,False
2013-05-23,0,30,,0,,,,,218,,,,,0,0,,,,False,False,False
2013-05-24,0,29,,0,,,,,242,,,,,0,0,,,,False,False,False
2013-05-25,0,32,,0,,,,,266,,,,,0,0,,,,False,False,False
2013-05-26,0,30,,0,,,,,290,,,,,0,0,,,,False,False,False
2013-05-27,0,30,,0,,,,,314,,,,,0,0,,,,False,False,False
2013-05-28,0,30,,0,,,,,338,,,,,0,0,,,,False,False,False
2013-05-29,0,30,,0,,,,,362,,,,,0,0,,,,False,False,False
2013-05-30,0,32,,0,,,,,386,,,,,0,0,,,,False,False,False
2013-05-31,0,29,,0,,,,,410,,,,,0,0,,,,False,False,False
2013-06-01,0,29,,0,,,,,434,,,,,0,0,,,,False,False,False
2013-06-02,0,29,,0,,,,,458,,,,,0,0,,,,False,False,False
2013-06-03,0,30,,0,,,,,482,,,,,0,0,,,,False,False,False
2013-06-04,0,29,,0,,,,,506,,,,,0,0,,,,False,False,False
2013-06-05,0,30,,0,,,,,530,,,,,0,0,,,,False,False,False
2013-06-06,0,28,,0,,,,,554,,,,,0,0,,,,False,False,False
2013-06-07,0,28,,0,,,,,578,,,,,0,0,,,,False,False,False
2013-06-08,0,28,,0,,,,,602,,,,,0,0,,,,False,False,False
2013-06-09,0,27,,0,,,,,626,,,,,0,0,,,,False,False,False
2013-06-10,0,27,,0,,,,,650,,,,,0,0,,,,False,False,False
2013-06-11,0,28,,0,,,,,674,,,,,0,0,,,,False,False,False
2013-06-12,0,26,,0,,,,,698,,,,,0,0,,,,False,False,False
2013-06-13,0,30,,0,,,,,722,,,,,0,0,,,,False,False,False
2013-06-14,0,30,,0,,,,,746,,,,,0,0,,,,False,False,False
2013-06-15,0,30,,0,,,,,770,,,,,0,0,,,,False,False,False
2013-06-16,0,30,,0,,,,,794,,,,,0,0,,,,False,False,False
2013-06-17,0,28,,0,,,,,818,,,,,0,0,,,,False,False,False
2013-06-18,0,28,,0,,,,,842,,,,,0,0,,,,False,False,False
2013-06-19,0,30,,0,,,,,866,,,,,0,0,,,,False,False,False
2013-06-20,0,26,,0,,,,,890,,,,,0,0,,,,False,False,False
2013-06-21,0,27,,0,,,,,914,,,,,0,0,,,,False,False,False
2013-06-22,0,28,,0,,,,,938,,,,,0,0,,,,False,False,False
2013-06-23,0,30,,0,,,,,962,,,,,0,0,,,,False,False,False
2013-06-24,0,30,,0,,,,,986,,,,,0,0,,,,False,False,False
2013-06-25,0,30,,0,,,,,1010,,,,,0,0,,,,False,False,False
2013-06-26,0,30,,0,,,,,1034,,,,,0,0,,,,False,False,False
2013-06-27,0,30,,0,,,,,1058,,,,,0,0,,,,False,False,False
2013-06-28,0,30,,0,,,,,1082,,,,,0,0,,,,False,False,False
2013-06-29,0,30,,0,,,,,1106,,,,,0,0,,,,False,False,False
2013-06-30,0,30,,0,,,,,1130,,,,,0,0,,,,False,False,False
2013-07-01,0,30,,0,,,,,1154,,,,,0,0,,,,False,False,False
2013-07-02,0,30,,0,,,,,1178,,,,,0,0,,,,False,False,False
2013-07-03,0,30,,0,,,,,1202,,,,,0,0,,,,False,False,False
2013-07-04,0,30,,0,,,,,1226,,,,,0,0,,,,False,False,False
2013-07-05,0,30,,0,,,,,1250,,,,,0,0,,,,False,False,False
2013-07-06,0,30,,0,,,,,1274,,,,,0,0,,,,False,False,False
2013-07-07,0,30,,0,,,,,1298,,,,,0,0,,,,False,False,False
2013-07-08,0,29,,0,,,,,1322,,,,,0,0,,,,False,False,False
2013-07-09,0,30,,0,,,,,1346,,,,,0,0,,,,False,False,False
2013-07-10,0,29,,0,,,,,1370,,,,,0,0,,,,False,False,False
2013-07-11,0,29,,0,,,,,1394,,,,,0,0,,,,False,False,False
2013-07-12,0,30,,0,,,,,1418,,,,,0,0,,,,False,False,False
2013-07-13,0,30,,0,,,,,1442,,,,,0,0,,,,False,False,False
2013-07-14,0,30,,0,,,,,1466,,,,,0,0,,,,False,False,False
2013-07-15,0,30,,0,,,,,1490,,,,,0,0,,,,False,False,False
2013-07-16,0,29,,0,,,,,1514,,,,,0,0,,,,False,False,False
2013-07-17,0,29,,0,,,,,1538,,,,,0,0,,,,False,False,False
2013-07-18,0,30,,0,,,,,1562,,,,,0,0,,,,False,False,False
2013-07-19,0,30,,0,,,,,1586,,,,,0,0,,,,False,False,False
2013-07-20,0,30,,0,,,,,1610,,,,,0,0,,,,False,False,False
2013-07-21,0,30,,0,,,,,1634,,,,,0,0,,,,False,False,False
2013-07-22,0,30,,0,,,,,1658,,,,,0,0,,,,False,False,False
2013-07-23,0,30,,0,,,,,1682,,,,,0,0,,,,False,False,False
2013-07-24,0,28,,0,,,,,1706,,,,,0,0,,,,False,False,False
2013-07-25,0,28,,0,,,,,1730,,,,,0,0,,,,False,False,False
2013-07-26,0,28,,0,,,,,1754,,,,,0,0,,,,False,False,False
2013-07-27,0,27,,0,,,,,1778,,,,,0,0,,,,False,False,False
2013-07-28,0,28,,0,,,,,1802,,,,,0,0,,,,False,False,False
2013-07-29,0,28,,0,,,,,1826,,,,,0,0,,,,False,False,False
2013-07-30,0,29,,0,,,,,1850,,,,,0,0,,,,False,False,False
2013-07-31,0,29,,0,,,,,1874,,,,,0,0,,,,False,False,False
2013-08-01,0,29,,0,,,,,1898,,,,,0,0,,,,False,False,False
2013-08-02,0,29,,0,,,,,1922,,,,,0,0,,,,False,False,False
2013-08-03,0,29,,0,,,,,1946,,,,,0,0,,,,False,False,False
2013-08-04,0,28,,0,,,,,1970,,,,,0,0,,,,False,False,False
2013-08-05,0,29,,0,,,,,1994,,,,,0,0,,,,False,False,False
2013-08-06,0,29,,0,,,,,2018,,,,,0,0,,,,False,False,False
2013-08-07,0,29,,0,,,,,2042,,,,,0,0,,,,False,False,False
2013-08-08,0,29,,0,,,,,2066,,,,,0,0,,,,False,False,False
2013-08-09,0,28,,0,,,,,2090,,,,,0,0,,,,False,False,False
2013-08-10,0,29,,0,,,,,2114,,,,,0,0,,,,False,False,False
2013-08-11,0,29,,0,,,,,2138,,,,,0,0,,,,False,False,False
2013-08-12,0,29,,0,,,,,2162,,,,,0,0,,,,False,False,False
2013-08-13,0,28,,0,,,,,2186,,,,,0,0,,,,False,False,False
2013-08-14,0,29,,0,,,,,2210,,,,,0,0,,,,False,False,False
2013-08-15,0,29,,0,,,,,2234,,,,,0,0,,,,False,False,False
2013-08-16,0,29,,0,,,,,2258,,,,,0,0,,,,False,False,False
2013-08-17,0,29,,0,,,,,2282,,,,,0,0,,,,False,False,False
2013-08-18,0,29,,0,,,,,2306,,,,,0,0,,,,False,False,False
2013-08-19,0,29,,0,,,,,2330,,,,,0,0,,,,False,False,False
2013-10-15,0,30,,0,,,,,3698,,,,,0,0,,,,False,False,False
2013-10-16,0,30,,0,,,,,3722,,,,,0,0,,,,False,False,False
2013-10-17,0,30,,0,,,,,3746,,,,,0,0,,,,False,False,False
2013-10-18,0,30,,0,,,,,3770,,,,,0,0,,,,False,False,False
2013-10-19,0,30,,0,,,,,3794,,,,,0,0,,,,False,False,False
2013-10-20,0,30,,0,,,,,3818,,,,,0,0,,,,False,False,False
2013-10-21,0,30,,0,,,,,3842,,,,,0,0,,,,False,False,False
2013-10-22,0,30,,0,,,,,3866,,,,,0,0,,,,False,False,False
2013-10-23,0,30,,0,,,,,3890,,,,,0,0,,,,False,False,False
2013-10-24,0,30,,0,,,,,3914,,,,,0,0,,,,False,False,False
2013-10-25,0,30,,0,,,,,3936,,,,,0,0,,,,False,False,False
2013-10-26,0,30,,0,,,,,3959,,,,,0,0,,,,False,False,False
2013-10-27,0,30,,0,,,,,3984,,,,,0,0,,,,False,False,False
2013-10-28,0,30,,0,,,,,4008,,,,,0,0,,,,False,False,False
2013-10-29,0,30,,0,,,,,4032,,,,,0,0,,,,False,False,False
2013-10-30,0,30,,0,,,,,4056,,,,,0,0,,,,False,False,False
2013-10-31,0,30,,0,,,,,4080,,,,,0,0,,,,False,False,False
2013-11-01,0,30,,0,,,,,4104,,,,,0,0,,,,False,False,False
2013-11-02,0,30,,0,,,,,4128,,,,,0,0,,,,False,False,False
2013-11-03,0,30,,0,,,,,4152,,,,,0,0,,,,False,False,False
2013-11-04,0,30,,0,,,,,4176,,,,,0,0,,,,False,False,False
2013-11-05,0,29,,0,,,,,4201,,,,,0,0,,,,False,False,False
2013-11-06,0,30,,0,,,,,4225,,,,,0,0,,,,False,False,False
2013-11-07,0,29,,0,,,,,4249,,,,,0,0,,,,False,False,False
2013-11-08,0,28,,0,,,,,4272,,,,,0,0,,,,False,False,False
2013-11-09,0,30,,0,,,,,4296,,,,,0,0,,,,False,False,False
2013-11-10,0,30,,0,,,,,4320,,,,,0,0,,,,False,False,False
2013-11-11,0,29,,0,,,,,4345,,,,,0,0,,,,False,False,False
2013-11-12,0,30,,0,,,,,4369,,,,,0,0,,,,False,False,False
2013-11-13,0,29,,0,,,,,4392,,,,,0,0,,,,False,False,False
2013-11-14,0,30,,0,,,,,4417,,,,,0,0,,,,False,False,False
2013-11-15,0,31,,0,,,,,4440,,,,,0,0,,,,False,False,False
2013-11-16,0,30,,0,,,,,4464,,,,,0,0,,,,False,False,False
2013-11-17,0,30,,0,,,,,4488,,,,,0,0,,,,False,False,False
2013-11-18,0,32,,0,,,,,4513,,,,,0,0,,,,False,False,False
2013-11-19,0,30,,0,,,,,4536,,,,,0,0,,,,False,False,False
2013-11-20,0,30,,0,,,,,4561,,,,,0,0,,,,False,False,False
2013-11-21,0,30,,0,,,,,4584,,,,,0,0,,,,False,False,False
2013-11-22,0,30,,0,,,,,4608,,,,,0,0,,,,False,False,False
2013-11-23,0,30,,0,,,,,4632,,,,,0,0,,,,False,False,False
2013-11-24,0,30,,0,,,,,4656,,,,,0,0,,,,False,False,False
2013-11-25,0,30,,0,,,,,4680,,,,,0,0,,,,False,False,False
2013-11-26,0,30,,0,,,,,4704,,,,,0,0,,,,False,False,False
2013-11-27,0,30,,0,,,,,4728,,,,,0,0,,,,False,False,False
2013-11-28,0,31,,0,,,,,4752,,,,,0,0,,,,False,False,False
2013-11-29,0,28,,0,,,,,4776,,,,,0,0,,,,False,False,False
2013-11-30,0,30,,0,,,,,4800,,,,,0,0,,,,False,False,False
2013-12-01,0,30,,0,,,,,4824,,,,,0,0,,,,False,False,False
2013-12-02,0,30,,0,,,,,4848,,,,,0,0,,,,False,False,False
2013-12-03,0,30,,0,,,,,4872,,,,,0,0,,,,False,False,False
2013-12-04,0,30,,0,,,,,4896,,,,,0,0,,,,False,False,False
2013-12-05,0,29,,0,,,,,4920,,,,,0,0,,,,False,False,False
2013-12-06,0,29,,0,,,,,4944,,,,,0,0,,,,False,False,False
2013-12-07,0,29,,0,,,,,4968,,,,,0,0,,,,False,False,False
2013-12-08,0,29,,0,,,,,4992,,,,,0,0,,,,False,False,False
2013-12-09,0,29,,0,,,,,5016,,,,,0,0,,,,False,False,False
2013-12-10,0,29,,0,,,,,5040,,,,,0,0,,,,False,False,False
2013-12-11,0,29,,0,,,,,5064,,,,,0,0,,,,False,False,False
2013-12-12,0,29,,0,,,,,5088,,,,,0,0,,,,False,False,False
2013-12-13,0,29,,0,,,,,5112,,,,,0,0,,,,False,False,False
2013-12-14,0,29,,0,,,,,5136,,,,,0,0,,,,False,False,False
2013-12-15,0,29,,0,,,,,5160,,,,,0,0,,,,False,False,False
2013-12-16,0,29,,0,,,,,5184,,,,,0,0,,,,False,False,False
2013-12-17,0,29,,0,,,,,5208,,,,,0,0,,,,False,False,False
2013-12-18,0,29,,0,,,,,5231,,,,,0,0,,,,False,False,False
2013-12-19,0,30,,0,,,,,5255,,,,,0,0,,,,False,False,False
2013-12-20,0,29,,0,,,,,5279,,,,,0,0,,,,False,False,False
2013-12-21,0,29,,0,,,,,5303,,,,,0,0,,,,False,False,False
2013-12-22,0,29,,0,,,,,5327,,,,,0,0,,,,False,False,False
2013-12-23,0,29,,0,,,,,5351,,,,,0,0,,,,False,False,False
2013-12-24,0,29,,0,,,,,5375,,,,,0,0,,,,False,False,False
2013-12-25,0,30,,0,,,,,5399,,,,,0,0,,,,False,False,False
2013-12-26,0,30,,0,,,,,5423,,,,,0,0,,,,False,False,False
2013-12-27,0,30,,0,,,,,5447,,,,,0,0,,,,False,False,False
2013-12-28,0,29,,0,,,,,5471,,,,,0,0,,,,False,False,False
2013-12-29,0,29,,0,,,,,5495,,,,,0,0,,,,False,False,False
2013-12-30,0,29,,0,,,,,5519,,,,,0,0,,,,False,False,False
2013-12-31,0,29,,0,,,,,5543,,,,,0,0,,,,False,False,False
2014-01-01,0,28,,0,,,,,5567,,,,,0,0,,,,False,False,False
2014-01-02,0,29,,0,,,,,5591,,,,,0,0,,,,False,False,False
2014-01-03,0,29,,0,,,,,5615,,,,,0,0,,,,False,False,False
2014-01-04,0,29,,0,,,,,5639,,,,,0,0,,,,False,False,False
2014-01-05,0,29,,0,,,,,5663,,,,,0,0,,,,False,False,False
2014-01-06,0,29,,0,,,,,5687,,,,,0,0,,,,False,False,False
2014-01-07,0,29,,0,,,,,5711,,,,,0,0,,,,False,False,False
2014-01-08,0,29,,0,,,,,5735,,,,,0,0,,,,False,False,False
2014-01-09,0,29,,0,,,,,5759,,,,,0,0,,,,False,False,False
2014-01-10,0,29,,0,,,,,5783,,,,,0,0,,,,False,False,False
2014-01-11,0,29,,0,,,,,5807,,,,,0,0,,,,False,False,False
2014-01-12,0,30,,0,,,,,5831,,,,,0,0,,,,False,False,False
2014-01-13,0,29,,0,,,,,5855,,,,,0,0,,,,False,False,False
2014-01-14,0,29,,0,,,,,5879,,,,,0,0,,,,False,False,False
2014-01-15,0,29,,0,,,,,5903,,,,,0,0,,,,False,False,False
2014-01-16,0,29,,0,,,,,5927,,,,,0,0,,,,False,False,False
2014-01-17,0,29,,0,,,,,5951,,,,,0,0,,,,False,False,False
2014-01-18,0,29,,0,,,,,5975,,,,,0,0,,,,False,False,False
2014-01-19,0,29,,0,,,,,5999,,,,,0,0,,,,False,False,False
2014-01-20,0,29,,0,,,,,6023,,,,,0,0,,,,False,False,False
2014-01-21,0,29,,0,,,,,6047,,,,,0,0,,,,False,False,False
2014-01-22,0,29,,0,,,,,6071,,,,,0,0,,,,False,False,False
2014-01-23,0,29,,0,,,,,6095,,,,,0,0,,,,False,False,False
2014-01-24,0,29,,0,,,,,6119,,,,,0,0,,,,False,False,False
2014-01-25,0,29,,0,,,,,6143,,,,,0,0,,,,False,False,False
2014-01-26,0,29,,0,,,,,6167,,,,,0,0,,,,False,False,False
2014-01-27,0,29,,0,,,,,6191,,,,,0,0,,,,False,False,False
2014-01-28,0,29,,0,,,,,6215,,,,,0,0,,,,False,False,False
2014-01-29,0,30,,0,,,,,6239,,,,,0,0,,,,False,False,False
2014-01-30,0,31,,0,,,,,6263,,,,,0,0,,,,False,False,False
2014-01-31,0,30,,0,,,,,6287,,,,,0,0,,,,False,False,False
2014-02-01,0,30,,0,,,,,6311,,,,,0,0,,,,False,False,False
2014-02-02,0,30,,0,,,,,6335,,,,,0,0,,,,False,False,False
2014-02-03,0,30,,0,,,,,6359,,,,,0,0,,,,False,False,False
2014-02-04,0,30,,0,,,,,6383,,,,,0,0,,,,False,False,False
2014-02-05,0,30,,0,,,,,6407,,,,,0,0,,,,False,False,False
2014-02-06,0,29,,0,,,,,6430,,,,,0,0,,,,False,False,False
2014-02-07,0,30,,0,,,,,6454,,,,,0,0,,,,False,False,False
2014-02-08,0,30,,0,,,,,6478,,,,,0,0,,,,False,False,False
2014-02-09,0,31,,0,,,,,6502,,,,,0,0,,,,False,False,False
2014-02-10,0,31,,0,,,,,6526,,,,,0,0,,,,False,False,False
2014-02-11,0,30,,0,,,,,6550,,,,,0,0,,,,False,False,False
2014-02-12,0,30,,0,,,,,6574,,,,,0,0,,,,False,False,False
2014-02-13,0,31,,0,,,,,6598,,,,,0,0,,,,False,False,False
2014-02-14,0,31,44,0,18,18,0,21,6622,102,0,21,523,0,0,0,0,0,False,False,False
2014-02-15,0,31,44,0,18,18,0,21,6645,102,0,21,523,0,0,0,0,0,False,False,False
2014-02-16,0,31,44,0,18,18,0,21,6670,102,0,21,523,0,0,0,0,0,False,False,False
2014-02-17,0,30,44,0,18,18,0,21,6694,102,0,21,523,0,0,0,0,0,False,False,False
2014-02-18,0,30,44,0,18,18,0,21,6718,102,0,21,523,0,0,0,0,0,False,False,False
2014-02-19,0,30,44,0,18,18,0,21,6742,102,0,21,523,0,0,0,0,0,False,False,False
2014-02-20,0,30,44,0,18,18,0,21,6766,102,0,21,523,0,0,0,0,0,False,False,False
2014-02-21,0,30,44,0,18,18,0,21,6790,102,0,21,523,0,0,0,0,0,False,False,False
2014-02-22,0,31,44,0,18,18,0,21,6813,102,0,21,523,0,0,0,0,0,False,False,False
2014-02-23,0,31,44,0,18,18,0,21,6838,102,0,21,523,0,0,0,0,0,False,False,False
2014-02-24,0,30,44,0,18,18,0,21,6862,102,0,21,523,0,0,0,0,0,False,False,False
2014-02-25,0,30,44,0,18,18,0,21,6885,102,0,21,523,0,0,0,0,0,False,False,False
2014-02-26,0,31,44,0,18,18,0,21,6910,102,0,21,523,0,0,0,0,0,False,False,False
2014-02-27,0,31,44,0,18,18,0,21,6934,102,0,21,523,0,0,0,0,0,False,False,False
2014-02-28,0,30,42,0,19,19,0,22,6958,102,0,22,523,0,0,0,0,0,False,False,False
2014-03-01,0,30,42,0,19,19,0,22,6981,102,0,22,523,0,0,0,0,0,False,False,False
2014-03-02,0,30,42,0,19,19,0,22,7005,102,0,22,523,0,0,0,0,0,False,False,False
2014-03-03,0,30,42,0,19,19,0,22,7030,102,0,22,523,0,0,0,0,0,False,False,False
2014-03-04,0,30,42,0,19,19,0,22,7053,102,0,22,523,0,0,0,0,0,False,False,False
2014-03-05,0,30,42,0,19,19,0,22,7077,102,0,22,523,0,0,0,0,0,False,False,False
2014-03-06,0,30,42,0,19,19,0,22,7102,102,0,22,523,0,0,0,0,0,False,False,False
2014-03-07,0,30,42,0,19,19,0,22,7126,102,0,22,523,0,0,0,0,0,False,False,False
2014-03-08,0,30,42,0,19,19,0,22,7149,102,0,22,523,0,0,0,0,0,False,False,False
2014-03-09,0,30,42,0,19,19,0,22,7174,102,0,22,523,0,0,0,0,0,False,False,False
2014-03-10,0,31,42,0,19,19,0,22,7198,102,0,22,523,0,0,0,0,0,False,False,False
2014-03-11,0,31,42,0,19,19,0,22,7221,102,0,22,523,0,0,0,0,0,False,False,False
2014-03-12,0,30,42,0,19,19,0,22,7244,102,0,22,523,0,0,0,0,0,False,False,False
2014-03-13,0,30,42,0,19,19,0,22,7269,102,0,22,523,0,0,0,0,0,False,False,False
2014-03-14,0,30,42,0,19,19,0,22,7293,102,0,22,523,0,0,0,0,0,False,False,False
2014-03-15,0,30,42,0,19,19,0,22,7316,102,0,22,523,0,0,0,0,0,False,False,False
2014-03-16,0,30,42,0,19,19,0,22,7341,102,0,22,523,0,0,0,0,0,False,False,False
2014-03-17,0,30,42,0,19,19,0,22,7365,102,0,22,523,0,0,0,0,0,False,False,False
2014-03-18,0,30,42,0,19,19,0,22,7389,102,0,22,523,0,0,0,0,0,False,False,False
2014-03-19,0,29,42,0,19,19,0,22,7412,102,0,22,523,0,0,0,0,0,False,False,False
2014-03-20,0,30,42,0,19,19,0,22,7437,102,0,22,523,0,0,0,0,0,False,False,False
2014-03-21,0,30,42,0,19,19,0,22,7461,102,0,22,523,0,0,0,0,0,False,False,False
2014-03-22,0,31,42,0,19,19,0,22,7484,102,0,22,523,0,0,0,0,0,False,False,False
2014-03-23,0,31,42,0,19,19,0,22,7509,102,0,22,523,0,0,0,0,0,False,False,False
2014-03-24,0,30,42,0,19,19,0,22,7533,102,0,22,523,0,0,0,0,0,False,False,False
2014-03-25,0,31,42,0,19,19,0,22,7556,102,0,22,523,0,0,0,0,0,False,False,False
2014-03-26,0,31,42,0,19,19,0,22,7581,102,0,22,523,0,0,0,0,0,False,False,False
2014-03-27,0,30,42,0,19,19,0,22,7605,102,0,22,523,0,0,0,0,0,False,False,False
2014-03-28,0,30,42,0,19,19,0,22,7628,102,0,22,523,0,0,0,0,0,False,False,False
2014-03-29,0,30,42,0,19,19,0,22,7652,102,0,22,523,0,0,0,0,0,False,False,False
2014-03-30,0,30,42,0,19,19,0,22,7677,102,0,22,523,0,0,0,0,0,False,False,False
2014-03-31,0,30,42,0,19,19,0,22,7701,102,0,22,523,0,0,0,0,0,False,False,False
2014-04-01,0,30,42,0,19,19,0,22,7724,102,0,22,523,0,0,0,0,0,False,False,False
2014-04-02,0,30,42,0,19,19,0,22,7749,102,0,22,523,0,0,0,0,0,False,False,False
2014-04-03,0,30,42,0,19,19,0,22,7773,102,0,22,523,0,0,0,0,0,False,False,False
2014-04-04,0,30,42,0,19,19,0,22,7796,102,0,22,523,0,0,0,0,0,False,False,False
2014-04-05,0,30,42,0,19,19,0,22,7821,102,0,22,523,0,0,0,0,0,False,False,False
2014-04-06,0,31,42,0,19,19,0,22,7845,102,0,22,523,0,0,0,0,0,False,False,False
2014-04-07,0,30,42,0,19,19,0,22,7868,102,0,22,523,0,0,0,0,0,False,False,False
2014-04-08,0,29,42,0,19,19,0,22,7892,102,0,22,523,0,0,0,0,0,False,False,False
2014-04-09,0,29,42,0,19,19,0,22,7917,102,0,22,523,0,0,0,0,0,False,False,False
2014-04-10,0,31,42,0,19,19,0,22,7941,102,0,22,523,0,0,0,0,0,False,False,False
2014-04-11,0,30,42,0,19,19,0,22,7964,102,0,22,523,0,0,0,0,0,False,False,False
2014-04-12,0,30,42,0,19,19,0,22,7989,102,0,22,523,0,0,0,0,0,False,False,False
2014-04-13,0,31,42,0,19,19,0,22,8013,102,0,22,523,0,0,0,0,0,False,False,False
2014-04-14,0,30,42,0,19,19,0,22,8036,102,0,22,523,0,0,0,0,0,False,False,False
2014-04-15,0,31,42,0,19,19,0,22,8061,102,0,22,523,0,0,0,0,0,False,False,False
2014-04-16,0,31,42,0,19,19,0,22,8085,102,0,22,523,0,0,0,0,0,False,False,False
2014-04-17,0,31,42,0,19,19,0,22,8108,102,0,22,523,0,0,0,0,0,False,False,False
2014-04-18,0,31,42,0,19,19,0,22,8133,102,0,22,523,0,0,0,0,0,False,False,False
2014-04-19,0,31,42,0,19,19,0,22,8157,102,0,22,523,0,0,0,0,0,False,False,False
2014-04-20,0,31,42,0,19,19,0,22,8180,102,0,22,523,0,0,0,0,0,False,False,False
2014-04-21,0,31,42,0,19,19,0,22,8204,102,0,22,523,0,0,0,0,0,False,False,False
2014-04-22,0,31,42,0,19,19,0,22,8229,102,0,22,523,0,0,0,0,0,False,False,False
2014-04-23,0,30,42,0,19,19,0,22,8253,102,0,22,523,0,0,0,0,0,False,False,False
2014-04-24,0,31,42,0,19,19,0,22,8276,102,0,22,523,0,0,0,0,0,False,False,False
2014-04-25,0,31,42,0,19,19,0,22,8301,102,0,22,523,0,0,0,0,0,False,False,False
2014-04-26,0,31,42,0,19,19,0,22,8325,102,0,22,523,0,0,0,0,0,False,False,False
2014-04-27,0,30,42,0,19,19,0,22,8348,102,0,22,523,0,0,0,0,0,False,False,False
2014-04-28,0,30,42,0,19,19,0,22,8373,102,0,22,523,0,0,0,0,0,False,False,False
2014-04-29,0,30,42,0,19,19,0,22,8397,102,0,22,523,0,0,0,0,0,False,False,False
2014-04-30,0,30,42,0,19,19,0,22,8420,102,0,22,523,0,0,0,0,0,False,False,False
2014-05-01,0,31,42,0,19,19,0,22,8444,102,0,22,523,0,0,0,0,0,False,False,False
2014-05-02,0,30,42,0,19,19,0,22,8469,102,0,22,523,0,0,0,0,0,False,False,False
2014-05-03,0,30,42,0,19,19,0,22,8493,102,0,22,523,0,0,0,0,0,False,False,False
2014-05-04,0,30,42,0,19,19,0,22,8516,102,0,22,523,0,0,0,0,0,False,False,False
2014-05-05,0,30,42,0,19,19,0,22,8541,102,0,22,523,0,0,0,0,0,False,False,False
2014-05-06,0,30,42,0,19,19,0,22,8565,102,0,22,523,0,0,0,0,0,False,False,False
2014-05-07,0,30,42,0,19,19,0,22,8588,102,0,22,523,0,0,0,0,0,False,False,False
2014-05-08,0,30,42,0,19,19,0,22,8613,102,0,22,523,0,0,0,0,0,False,False,False
2014-05-09,0,29,42,0,19,19,0,22,8637,102,0,22,523,0,0,0,0,0,False,False,False
2014-05-10,0,30,42,0,19,19,0,22,8660,102,0,22,523,0,0,0,0,0,False,False,False
2014-05-11,0,30,42,0,19,19,0,22,8684,102,0,22,523,0,0,0,0,0,False,False,False
2014-05-12,0,30,42,0,19,19,0,22,8709,102,0,22,523,0,0,0,0,0,False,False,False
2014-05-13,0,30,42,0,19,19,0,22,8733,102,0,22,523,0,0,0,0,0,False,False,False
2014-05-14,0,30,42,0,19,19,0,22,8756,102,0,22,523,0,0,0,0,0,False,False,False
2014-05-15,0,30,42,0,19,19,0,22,8781,102,0,22,523,0,0,0,0,0,False,False,False
2014-05-16,0,30,42,0,19,19,0,22,8805,102,0,22,523,0,0,0,0,0,False,False,False
2014-05-17,0,30,42,0,19,19,0,22,8828,102,0,22,523,0,0,0,0,0,False,False,False
2014-05-18,0,30,42,0,19,19,0,22,8853,102,0,22,523,0,0,0,0,0,False,False,False
2014-05-19,0,30,42,0,19,19,0,22,8877,102,0,22,523,0,0,0,0,0,False,False,False
2014-05-20,0,30,42,0,19,19,0,22,8900,102,0,22,523,0,0,0,0,0,False,False,False
2014-05-21,0,30,42,0,19,19,0,22,8925,102,0,22,523,0,0,0,0,0,False,False,False
2014-05-22,0,30,42,0,19,19,0,22,8949,102,0,22,523,0,0,0,0,0,False,False,False
2014-05-23,0,30,42,0,19,19,0,22,8972,102,0,22,523,0,0,0,0,0,False,False,False
2014-05-24,0,30,42,0,19,19,0,22,8996,102,0,22,523,0,0,0,0,0,False,False,False
2014-05-25,0,30,42,0,19,19,0,22,9021,102,0,22,523,0,0,0,0,0,False,False,False
2014-05-26,0,29,42,0,19,19,0,22,9045,102,0,22,523,0,0,0,0,0,False,False,False
2014-05-27,0,30,42,0,19,19,0,22,9068,102,0,22,523,0,0,0,0,0,False,False,False
2014-05-28,0,30,42,0,19,19,0,22,9093,102,0,22,523,0,0,0,0,0,False,False,False
2014-05-29,0,29,42,0,19,19,0,22,9117,102,0,22,523,0,0,0,0,0,False,False,False
2014-05-30,0,30,42,0,19,19,0,22,9140,102,0,22,523,0,0,0,0,0,False,False,False
2014-05-31,0,29,42,0,19,19,0,22,9165,102,0,22,523,0,0,0,0,0,False,False,False
2014-06-01,0,30,42,0,19,19,0,22,9189,102,0,22,523,0,0,0,0,0,False,False,False
2014-06-02,0,30,42,0,19,19,0,22,9212,102,0,22,523,0,0,0,0,0,False,False,False
2014-06-03,0,30,42,0,19,19,0,22,9237,102,0,22,523,0,0,0,0,0,False,False,False
2014-06-04,0,30,42,0,19,19,0,22,9261,102,0,22,523,0,0,0,0,0,False,False,False
2014-06-05,0,30,42,0,19,19,0,22,9285,102,0,22,523,0,0,0,0,0,False,False,False
2014-06-06,0,30,42,0,19,19,0,22,9309,102,0,22,523,0,0,0,0,0,False,False,False
2014-06-07,0,30,42,0,19,19,0,22,9333,102,0,22,523,0,0,0,0,0,False,False,False
2014-06-08,0,30,42,0,19,19,0,22,9357,102,0,22,523,0,0,0,0,0,False,False,False
2014-06-09,0,30,42,0,19,19,0,22,9380,102,0,22,523,0,0,0,0,0,False,False,False
2014-06-10,0,30,42,0,19,19,0,22,9405,102,0,22,523,0,0,0,0,0,False,False,False
2014-06-11,0,30,42,0,19,19,0,22,9429,102,0,22,523,0,0,0,0,0,False,False,False
2014-06-12,0,30,42,0,19,19,0,22,9452,102,0,22,523,0,0,0,0,0,False,False,False
2014-06-13,0,30,42,0,19,19,0,22,9477,102,0,22,523,0,0,0,0,0,False,False,False
2014-06-14,0,30,42,0,19,19,0,22,9501,102,0,22,523,0,0,0,0,0,False,False,False
2014-06-15,0,30,42,0,19,19,0,22,9525,102,0,22,523,0,0,0,0,0,False,False,False
2014-06-16,0,30,42,0,19,19,0,22,9548,102,0,22,523,0,0,0,0,0,False,False,False
2014-06-17,0,30,42,0,19,19,0,22,9573,102,0,22,523,0,0,0,0,0,False,False,False
2014-06-18,0,30,42,0,19,19,0,22,9597,102,0,22,523,0,0,0,0,0,False,False,False
2014-06-19,0,29,42,0,19,19,0,22,9620,102,0,22,523,0,0,0,0,0,False,False,False
2014-06-20,0,30,42,0,19,19,0,22,9645,102,0,22,523,0,0,0,0,0,False,False,False
2014-06-21,0,29,42,0,19,19,0,22,9669,102,0,22,523,0,0,0,0,0,False,False,False
2014-06-22,0,29,42,0,19,19,0,22,9692,102,0,22,523,0,0,0,0,0,False,False,False
2014-06-23,0,30,42,0,19,19,0,22,9717,102,0,22,523,0,0,0,0,0,False,False,False
2014-06-24,0,30,42,0,19,19,0,22,9741,102,0,22,523,0,0,0,0,0,False,False,False
2014-06-25,0,30,42,0,19,19,0,22,9765,102,0,22,523,0,0,0,0,0,False,False,False
2014-06-26,0,30,42,0,19,19,0,22,9789,102,0,22,523,0,0,0,0,0,False,False,False
2014-06-27,0,30,42,0,19,19,0,22,9813,102,0,22,523,0,0,0,0,0,False,False,False
2014-06-28,0,30,42,0,19,19,0,22,9837,102,0,22,523,0,0,0,0,0,False,False,False
2014-06-29,0,30,42,0,19,19,0,22,9861,102,0,22,523,0,0,0,0,0,False,False,False
2014-06-30,0,30,42,0,19,19,0,22,9885,102,0,22,523,0,0,0,0,0,False,False,False
2014-07-01,0,30,42,0,19,19,0,22,9909,102,0,22,523,0,0,0,0,0,False,False,False
2014-07-02,0,30,42,0,19,19,0,22,9932,102,0,22,523,0,0,0,0,0,False,False,False
2014-07-03,0,30,42,0,19,19,0,22,9957,102,0,22,523,0,0,0,0,0,False,False,False
2014-07-04,0,29,42,0,19,19,0,22,9981,102,0,22,523,0,0,0,0,0,False,False,False
2014-07-05,0,30,42,0,19,19,0,22,10004,102,0,22,523,0,0,0,0,0,False,False,False
2014-07-06,0,30,42,0,19,19,0,22,10029,102,0,22,523,0,0,0,0,0,False,False,False
2014-07-07,0,30,42,0,19,19,0,22,10053,102,0,22,523,0,0,0,0,0,False,False,False
2014-07-08,0,30,42,0,19,19,0,22,10077,102,0,22,523,0,0,0,0,0,False,False,False
2014-07-09,0,30,42,0,19,19,0,22,10100,102,0,22,523,0,0,0,0,0,False,False,False
2014-07-10,0,30,42,0,19,19,0,22,10125,102,0,22,523,0,0,0,0,0,False,False,False
2014-07-11,0,28,42,0,19,19,0,22,10149,102,0,22,523,0,0,0,0,0,False,False,False
2014-07-12,0,28,42,0,19,19,0,22,10172,102,0,22,523,0,0,0,0,0,False,False,False
2014-07-13,0,28,42,0,19,19,0,22,10197,102,0,22,523,0,0,0,0,0,False,False,False
2014-07-14,0,28,42,0,19,19,0,22,10221,102,0,22,523,0,0,0,0,0,False,False,False
2014-07-15,0,28,42,0,19,19,0,22,10244,102,0,22,523,0,0,0,0,0,False,False,False
2014-07-16,0,28,42,0,19,19,0,22,10269,102,0,22,523,0,0,0,0,0,False,False,False
2014-07-17,0,28,42,0,19,19,0,22,10293,102,0,22,523,0,0,0,0,0,False,False,False
2014-07-18,0,28,42,0,19,19,0,22,10317,102,0,22,523,0,0,0,0,0,False,False,False
2014-07-19,0,28,42,0,19,19,0,22,10341,102,0,22,523,0,0,0,0,0,False,False,False
2014-07-20,0,28,42,0,19,19,0,22,10365,102,0,22,523,0,0,0,0,0,False,False,False
2014-07-21,0,28,42,0,19,19,0,22,10389,102,0,22,523,0,0,0,0,0,False,False,False
2014-07-22,0,28,42,0,19,19,0,22,10412,102,0,22,523,0,0,0,0,0,False,False,False
2014-07-23,0,28,42,0,19,19,0,22,10437,102,0,22,523,0,0,0,0,0,False,False,False
2014-07-24,0,28,42,0,19,19,0,22,10461,102,0,22,523,0,0,0,0,0,False,False,False
2014-07-25,0,28,42,0,19,19,0,22,10484,102,0,22,523,0,0,0,0,0,False,False,False
2014-07-26,0,28,42,0,19,19,0,22,10509,102,0,22,523,0,0,0,0,0,False,False,False
2014-07-27,0,28,42,0,19,19,0,22,10533,102,0,22,523,0,0,0,0,0,False,False,False
2014-07-28,0,28,42,0,19,19,0,22,10557,102,0,22,523,0,0,0,0,0,False,False,False
2014-07-29,0,29,42,0,19,19,0,22,10581,102,0,22,523,0,0,0,0,0,False,False,False
2014-07-30,0,27,42,0,19,19,0,22,10605,102,0,22,523,0,0,0,0,0,False,False,False
2014-07-31,0,27,42,0,19,19,0,22,10629,102,0,22,523,0,0,0,0,0,False,False,False
2014-08-01,0,27,42,0,19,19,0,22,10652,102,0,22,523,0,0,0,0,0,False,False,False
2014-08-02,0,27,42,0,19,19,0,22,10677,102,0,22,523,0,0,0,0,0,False,False,False
2014-08-03,0,27,42,0,19,19,0,22,10701,102,0,22,523,0,0,0,0,0,False,False,False
2014-08-04,0,27,42,0,19,19,0,22,10724,102,0,22,523,0,0,0,0,0,False,False,False
2014-08-05,0,27,42,0,19,19,0,22,10749,102,0,22,523,0,0,0,0,0,False,False,False
2014-08-06,0,27,42,0,19,19,0,22,10773,102,0,22,523,0,0,0,0,0,False,False,False
2014-08-07,0,27,42,0,19,19,0,22,10797,102,0,22,523,0,0,0,0,0,False,False,False
2014-08-08,0,27,42,0,19,19,0,22,10821,102,0,22,523,0,0,0,0,0,False,False,False
2014-08-09,0,27,42,0,19,19,0,22,10845,102,0,22,523,0,0,0,0,0,False,False,False
2014-08-10,0,27,42,0,19,19,0,22,10869,102,0,22,523,0,0,0,0,0,False,False,False
2014-08-11,0,27,42,0,19,19,0,22,10892,102,0,22,523,0,0,0,0,0,False,False,False
2014-08-12,0,27,42,0,19,19,0,22,10917,102,0,22,523,0,0,0,0,0,False,False,False
2014-08-13,0,27,42,0,19,19,0,22,10941,102,0,22,523,0,0,0,0,0,False,False,False
2014-08-14,0,27,42,0,19,19,0,22,10964,102,0,22,523,0,0,0,0,0,False,False,False
2014-08-15,0,27,42,0,19,19,0,22,10989,102,0,22,523,0,0,0,0,0,False,False,False
2014-08-16,0,27,42,0,19,19,0,22,11013,102,0,22,523,0,0,0,0,0,False,False,False
2014-08-17,0,27,42,0,19,19,0,22,11036,102,0,22,523,0,0,0,0,0,False,False,False
2014-08-18,0,27,42,0,19,19,0,22,11061,102,0,22,523,0,0,0,0,0,False,False,False
2014-08-19,0,27,42,0,19,19,0,22,11085,102,0,22,523,0,0,0,0,0,False,False,False
2014-08-20,0,28,42,0,19,19,0,22,11109,102,0,22,523,0,0,0,0,0,False,False,False
2014-08-21,0,28,42,0,19,19,0,22,11133,102,0,22,523,0,0,0,0,0,False,False,False
2014-08-22,0,29,42,0,19,19,0,22,11157,102,0,22,523,0,0,0,0,0,False,False,False
2014-08-23,0,29,42,0,19,19,0,22,11181,102,0,22,523,0,0,0,0,0,False,False,False
2014-08-24,0,29,42,0,19,19,0,22,11205,102,0,22,523,0,0,0,0,0,False,False,False
2014-08-25,0,29,42,0,19,19,0,22,11229,102,0,22,523,0,0,0,0,0,False,False,False
2014-08-26,0,29,42,0,19,19,0,22,11253,102,0,22,523,0,0,0,0,0,False,False,False
2014-08-27,0,29,42,0,19,19,0,22,11277,102,0,22,523,0,0,0,0,0,False,False,False
2014-08-28,0,29,42,0,19,19,0,22,11301,102,0,22,523,0,0,0,0,0,False,False,False
2014-08-29,0,29,42,0,19,19,0,22,11325,102,0,22,523,0,0,0,0,0,False,False,False
2014-08-30,0,29,42,0,19,19,0,22,11349,102,0,22,523,0,0,0,0,0,False,False,False
2014-08-31,0,29,42,0,19,19,0,22,11373,102,0,22,523,0,0,0,0,0,False,False,False
2014-09-01,0,29,42,0,19,19,0,22,11397,102,0,22,523,0,0,0,0,0,False,False,False
2014-09-02,0,29,42,0,19,19,0,22,11421,102,0,22,523,0,0,0,0,0,False,False,False
2014-09-03,0,29,42,0,19,19,0,22,11445,102,0,22,523,0,0,0,0,0,False,False,False
2014-09-04,0,29,42,0,19,19,0,22,11469,102,0,22,523,0,0,0,0,0,False,False,False
2014-09-05,0,29,42,0,19,19,0,22,11493,102,0,22,523,0,0,0,0,0,False,False,False
2014-09-06,0,29,42,0,19,19,0,22,11517,102,0,22,523,0,0,0,0,0,False,False,False
2014-09-07,0,29,42,0,19,19,0,22,11541,102,0,22,523,0,0,0,0,0,False,False,False
2014-09-08,0,29,42,0,19,19,0,22,11565,102,0,22,523,0,0,0,0,0,False,False,False
2014-09-09,0,29,42,0,19,19,0,22,11589,102,0,22,523,0,0,0,0,0,False,False,False
2014-09-10,0,29,42,0,19,19,0,22,11613,102,0,22,523,0,0,0,0,0,False,False,False
2014-09-11,0,29,42,0,19,19,0,22,11637,102,0,22,523,0,0,0,0,0,False,False,False
2014-09-12,0,29,42,0,19,19,0,22,11661,102,0,22,523,0,0,0,0,0,False,False,False
2014-09-13,0,29,42,0,19,19,0,22,11685,102,0,22,523,0,0,0,0,0,False,False,False
2014-09-14,0,29,42,0,19,19,0,22,11709,102,0,22,523,0,0,0,0,0,False,False,False
2014-09-15,0,29,42,0,19,19,0,22,11733,102,0,22,523,0,0,0,0,0,False,False,False
2014-09-16,0,29,42,0,19,19,0,22,11757,102,0,22,523,0,0,0,0,0,False,False,False
2014-09-17,0,29,42,0,19,19,0,22,11781,102,0,22,523,0,0,0,0,0,False,False,False
2014-09-18,0,29,42,0,19,19,0,22,11805,102,0,22,523,0,0,0,0,0,False,False,False
2014-09-19,0,29,42,0,19,19,0,22,11829,102,0,22,523,0,0,0,0,0,False,False,False
2014-09-20,0,29,42,0,19,19,0,22,11853,102,0,22,523,0,0,0,0,0,False,False,False
2014-09-21,0,29,42,0,19,19,0,22,11877,102,0,22,523,0,0,0,0,0,False,False,False
2014-09-22,0,29,42,0,19,19,0,22,11901,102,0,22,523,0,0,0,0,0,False,False,False
2014-09-23,0,30,42,0,19,19,0,22,11925,102,0,22,523,0,0,0,0,0,False,False,False
2014-09-24,0,29,42,0,19,19,0,22,11949,102,0,22,523,0,0,0,0,0,False,False,False
2014-09-25,0,30,42,0,19,19,0,22,11973,102,0,22,523,0,0,0,0,0,False,False,False
2014-09-26,0,29,42,0,19,19,0,22,11997,102,0,22,523,0,0,0,0,0,False,False,False
2014-09-27,0,30,42,0,19,19,0,22,12021,102,0,22,523,0,0,0,0,0,False,False,False
2014-09-28,0,29,42,0,19,19,0,22,12045,102,0,22,523,0,0,0,0,0,False,False,False
2014-09-29,0,29,42,0,19,19,0,22,12069,102,0,22,523,0,0,0,0,0,False,False,False
2014-09-30,0,30,42,0,19,19,0,22,12093,102,0,22,523,0,0,0,0,0,False,False,False
2014-10-01,0,29,42,0,19,19,0,22,12117,102,0,22,523,0,0,0,0,0,False,False,False
2014-10-02,0,30,42,0,19,19,0,22,12141,102,0,22,523,0,0,0,0,0,False,False,False
2014-10-03,0,29,42,0,19,19,0,22,12165,102,0,22,523,0,0,0,0,0,False,False,False
2014-10-04,0,29,42,0,19,19,0,22,12189,102,0,22,523,0,0,0,0,0,False,False,False
2014-10-05,0,29,42,0,19,19,0,22,12213,102,0,22,523,0,0,0,0,0,False,False,False
2014-10-06,0,29,42,0,19,19,0,22,12237,102,0,22,523,0,0,0,0,0,False,False,False
2014-10-07,0,30,42,0,19,19,0,22,12261,102,0,22,523,0,0,0,0,0,False,False,False
2014-10-08,0,29,42,0,19,19,0,22,12285,102,0,22,523,0,0,0,0,0,False,False,False
2014-10-09,0,29,42,0,19,19,0,22,12309,102,0,22,523,0,0,0,0,0,False,False,False
2014-10-10,0,30,42,0,19,19,0,22,12333,102,0,22,523,0,0,0,0,0,False,False,False
2014-10-11,0,29,42,0,19,19,0,22,12357,102,0,22,523,0,0,0,0,0,False,False,False
2014-10-12,0,30,42,0,19,19,0,22,12381,102,0,22,523,0,0,0,0,0,False,False,False
2014-10-13,0,30,42,0,19,19,0,22,12405,102,0,22,523,0,0,0,0,0,False,False,False
2014-10-14,0,29,42,0,19,19,0,22,12429,102,0,22,523,0,0,0,0,0,False,False,False
2014-10-15,0,29,42,0,19,19,0,22,12453,102,0,22,523,0,0,0,0,0,False,False,False
2014-10-16,0,29,42,0,19,19,0,22,12477,102,0,22,523,0,0,0,0,0,False,False,False
2014-10-17,0,30,42,0,19,19,0,22,12501,102,0,22,523,0,0,0,0,0,False,False,False
2014-10-18,0,29,42,0,19,19,0,22,12525,102,0,22,523,0,0,0,0,0,False,False,False
2014-10-19,0,29,42,0,19,19,0,22,12549,102,0,22,523,0,0,0,0,0,False,False,False
2014-10-20,0,29,42,0,19,19,0,22,12573,102,0,22,523,0,0,0,0,0,False,False,False
2014-10-21,0,28,42,0,19,19,0,22,12597,102,0,22,523,0,0,0,0,0,False,False,False
2014-10-22,0,29,42,0,19,19,0,22,12621,102,0,22,523,0,0,0,0,0,False,False,False
2014-10-23,0,29,42,0,19,19,0,22,12645,102,0,22,523,0,0,0,0,0,False,False,False
2014-10-24,0,29,42,0,19,19,0,22,12669,102,0,22,523,0,0,0,0,0,False,False,False
2014-10-25,0,29,42,0,19,19,0,22,12693,102,0,22,523,0,0,0,0,0,False,False,False
2014-10-26,0,29,42,0,19,19,0,22,12717,102,0,22,523,0,0,0,0,0,False,False,False
2014-10-27,0,29,42,0,19,19,0,22,12741,102,0,22,523,0,0,0,0,0,False,False,False
2014-10-28,0,28,42,0,19,19,0,22,12765,102,0,22,523,0,0,0,0,0,False,False,False
2014-10-29,0,28,42,0,19,19,0,22,12789,102,0,22,523,0,0,0,0,0,False,False,False
2014-10-30,0,28,42,0,19,19,0,22,12813,102,0,22,523,0,0,0,0,0,False,False,False
2014-10-31,0,30,42,0,19,19,0,22,12837,102,0,22,523,0,0,0,0,0,False,False,False
2014-11-01,0,30,42,0,19,19,0,22,12861,102,0,22,523,0,0,0,0,0,False,False,False
2014-11-03,0,28,42,0,19,19,0,22,12910,102,0,22,523,0,0,0,0,0,False,False,False
2014-11-04,0,29,42,0,19,19,0,22,12934,102,0,22,523,0,0,0,0,0,False,False,False
2014-11-05,0,29,42,0,19,19,0,22,12958,102,0,22,523,0,0,0,0,0,False,False,False
2014-11-06,0,29,42,0,19,19,0,22,12982,102,0,22,523,0,0,0,0,0,False,False,False
2014-11-07,0,29,42,0,19,19,0,22,13006,102,0,22,523,0,0,0,0,0,False,False,False
2014-11-08,0,30,42,0,19,19,0,22,13030,102,0,22,523,0,0,0,0,0,False,False,False
2014-11-09,0,29,42,0,19,19,0,22,13054,102,0,22,523,0,0,0,0,0,False,False,False
2014-11-10,0,30,42,0,19,19,0,22,13078,102,0,22,523,0,0,0,0,0,False,False,False
2014-11-11,0,29,42,0,19,19,0,22,13102,102,0,22,523,0,0,0,0,0,False,False,False
2014-11-12,0,28,42,0,19,19,0,22,13126,102,0,22,523,0,0,0,0,0,False,False,False
2014-11-13,0,29,42,0,19,19,0,22,13150,102,0,22,523,0,0,0,0,0,False,False,False
2014-11-14,0,29,42,0,19,19,0,22,13174,102,0,22,523,0,0,0,0,0,False,False,False
2014-11-15,0,29,42,0,19,19,0,22,13198,102,0,22,523,0,0,0,0,0,False,False,False
2014-11-16,0,29,42,0,19,19,0,22,13222,102,0,22,523,0,0,0,0,0,False,False,False
2014-11-17,0,29,42,0,19,19,0,22,13246,102,0,22,523,0,0,0,0,0,False,False,False
2014-11-18,0,30,42,0,19,19,0,22,13270,102,0,22,523,0,0,0,0,0,False,False,False
2014-11-19,0,29,42,0,19,19,0,22,13294,102,0,22,523,0,0,0,0,0,False,False,False
2014-11-20,0,30,42,0,19,19,0,22,13318,102,0,22,523,0,0,0,0,0,False,False,False
2014-11-21,0,29,42,0,19,19,0,22,13342,102,0,22,523,0,0,0,0,0,False,False,False
2014-11-22,0,29,42,0,19,19,0,22,13366,102,0,22,523,0,0,0,0,0,False,False,False
2014-11-23,0,29,42,0,19,19,0,22,13390,102,0,22,523,0,0,0,0,0,False,False,False
2014-11-24,0,30,42,0,19,19,0,22,13414,102,0,22,523,0,0,0,0,0,False,False,False
2014-11-25,0,29,42,0,19,19,0,22,13438,102,0,22,523,0,0,0,0,0,False,False,False
2014-11-26,0,30,42,0,19,19,0,22,13462,102,0,22,523,0,0,0,0,0,False,False,False
2014-11-27,0,29,42,0,19,19,0,22,13486,102,0,22,523,0,0,0,0,0,False,False,False
2014-11-28,0,29,42,0,19,19,0,22,13510,102,0,22,523,0,0,0,0,0,False,False,False
2014-11-29,0,30,42,0,19,19,0,22,13534,102,0,22,523,0,0,0,0,0,False,False,False
2014-11-30,0,30,42,0,19,19,0,22,13558,102,0,22,523,0,0,0,0,0,False,False,False
2014-12-01,0,29,42,0,19,19,0,22,13582,102,0,22,523,0,0,0,0,0,False,False,False
2014-12-02,0,29,42,0,19,19,0,22,13606,102,0,22,523,0,0,0,0,0,False,False,False
2014-12-03,0,29,42,0,19,19,0,22,13630,102,0,22,523,0,0,0,0,0,False,False,False
2014-12-04,0,29,42,0,19,19,0,22,13654,102,0,22,523,0,0,0,0,0,False,False,False
2014-12-05,0,29,42,0,19,19,0,22,13678,102,0,22,523,0,0,0,0,0,False,False,False
2014-12-06,0,29,42,0,19,19,0,22,13702,102,0,22,523,0,0,0,0,0,False,False,False
2014-12-07,0,29,42,0,19,19,0,22,13726,102,0,22,523,0,0,0,0,0,False,False,False
2014-12-08,0,30,42,0,19,19,0,22,13750,102,0,22,523,0,0,0,0,0,False,False,False
2014-12-09,0,30,42,0,19,19,0,22,13774,102,0,22,523,0,0,0,0,0,False,False,False
2014-12-10,0,30,42,0,19,19,0,22,13798,102,0,22,523,0,0,0,0,0,False,False,False
2014-12-11,0,29,42,0,19,19,0,22,13822,102,0,22,523,0,0,0,0,0,False,False,False
2014-12-12,0,29,42,0,19,19,0,22,13846,102,0,22,523,0,0,0,0,0,False,False,False
2014-12-13,0,29,42,0,19,19,0,22,13870,102,0,22,523,0,0,0,0,0,False,False,False
2014-12-14,0,29,42,0,19,19,0,22,13894,102,0,22,523,0,0,0,0,0,False,False,False
2014-12-15,0,30,42,0,19,19,0,22,13918,102,0,22,523,0,0,0,0,0,False,False,False
2014-12-16,0,29,42,0,19,19,0,22,13942,102,0,22,523,0,0,0,0,0,False,False,False
2014-12-17,0,28,42,0,19,19,0,22,13966,102,0,22,523,0,0,0,0,0,False,False,False
2014-12-18,0,29,42,0,19,19,0,22,13990,102,0,22,523,0,0,0,0,0,False,False,False
2014-12-19,0,29,42,0,19,19,0,22,14014,102,0,22,523,0,0,0,0,0,False,False,False
2014-12-20,0,29,42,0,19,19,0,22,14038,102,0,22,523,0,0,0,0,0,False,False,False
2014-12-21,0,29,42,0,19,19,0,22,14062,102,0,22,523,0,0,0,0,0,False,False,False
2014-12-22,0,29,42,0,19,19,0,22,14086,102,0,22,523,0,0,0,0,0,False,False,False
2014-12-23,0,29,42,0,19,19,0,22,14110,102,0,22,523,0,0,0,0,0,False,False,False
2014-12-24,0,29,42,0,19,19,0,22,14134,102,0,22,523,0,0,0,0,0,False,False,False
2014-12-25,0,29,42,0,19,19,0,22,14158,102,0,22,523,0,0,0,0,0,False,False,False
2014-12-26,0,29,42,0,19,19,0,22,14182,102,0,22,523,0,0,0,0,0,False,False,False
2014-12-27,0,29,42,0,19,19,0,22,14206,102,0,22,523,0,0,0,0,0,False,False,False
2014-12-28,0,29,42,0,19,19,0,22,14230,102,0,22,523,0,0,0,0,0,False,False,False
2014-12-29,0,29,42,0,19,19,0,22,14254,102,0,22,523,0,0,0,0,0,False,False,False
2014-12-30,0,29,42,0,19,19,0,22,14278,102,0,22,523,0,0,0,0,0,False,False,False
2014-12-31,0,29,42,0,19,19,0,22,14302,102,0,22,523,0,0,0,0,0,False,False,False
2015-01-01,0,29,42,0,19,19,0,22,14326,102,0,22,523,0,0,0,0,0,False,False,False
2015-01-02,0,29,42,0,19,19,0,22,14350,102,0,22,523,0,0,0,0,0,False,False,False
2015-01-03,0,29,42,0,19,19,0,22,14374,102,0,22,523,0,0,0,0,0,False,False,False
2015-01-04,0,29,42,0,19,19,0,22,14398,102,0,22,523,0,0,0,0,0,False,False,False
2015-01-05,0,29,42,0,19,19,0,22,14422,102,0,22,523,0,0,0,0,0,False,False,False
2015-01-06,0,29,42,0,19,19,0,22,14446,102,0,22,523,0,0,0,0,0,False,False,False
2015-01-07,0,29,42,0,19,19,0,22,14470,102,0,22,523,0,0,0,0,0,False,False,False
2015-01-08,0,29,42,0,19,19,0,22,14494,102,0,22,523,0,0,0,0,0,False,False,False
2015-01-09,0,30,42,0,19,19,0,22,14518,102,0,22,523,0,0,0,0,0,False,False,False
2015-01-10,0,30,42,0,19,19,0,22,14542,102,0,22,523,0,0,0,0,0,False,False,False
2015-01-11,0,29,42,0,19,19,0,22,14566,102,0,22,523,0,0,0,0,0,False,False,False
2015-01-12,0,29,42,0,19,19,0,22,14590,102,0,22,523,0,0,0,0,0,False,False,False
2015-01-13,0,29,42,0,19,19,0,22,14614,102,0,22,523,0,0,0,0,0,False,False,False
2015-01-14,0,29,42,0,19,19,0,22,14638,102,0,22,523,0,0,0,0,0,False,False,False
2015-01-15,0,29,42,0,19,19,0,22,14662,102,0,22,523,0,0,0,0,0,False,False,False
2015-01-16,0,29,42,0,19,19,0,22,14686,102,0,22,523,0,0,0,0,0,False,False,False
2015-01-17,0,29,42,0,19,19,0,22,14710,102,0,22,523,0,0,0,0,0,False,False,False
2015-01-18,0,29,42,0,19,19,0,22,14734,102,0,22,523,0,0,0,0,0,False,False,False
2015-01-19,0,30,42,0,19,19,0,22,14758,102,0,22,523,0,0,0,0,0,False,False,False
2015-01-20,0,30,42,0,19,19,0,22,14782,102,0,22,523,0,0,0,0,0,False,False,False
2015-01-21,0,29,42,0,19,19,0,22,14806,102,0,22,523,0,0,0,0,0,False,False,False
2015-01-22,0,29,42,0,19,19,0,22,14830,102,0,22,523,0,0,0,0,0,False,False,False
2015-01-23,0,29,42,0,19,19,0,22,14854,102,0,22,523,0,0,0,0,0,False,False,False
2015-01-24,0,29,42,0,19,19,0,22,14878,102,0,22,523,0,0,0,0,0,False,False,False
2015-01-25,0,28,42,0,19,19,0,22,14902,102,0,22,523,0,0,0,0,0,False,False,False
2015-01-26,0,28,42,0,19,19,0,22,14926,102,0,22,523,0,0,0,0,0,False,False,False
2015-01-27,0,28,42,0,19,19,0,22,14950,102,0,22,523,0,0,0,0,0,False,False,False
2015-01-28,0,28,42,0,19,19,0,22,14974,102,0,22,523,0,0,0,0,0,False,False,False
2015-01-29,0,29,42,0,19,19,0,22,14998,102,0,22,523,0,0,0,0,0,False,False,False
2015-01-30,0,29,42,0,19,19,0,22,15022,102,0,22,523,0,0,0,0,0,False,False,False
2015-01-31,0,29,42,0,19,19,0,22,15046,102,0,22,523,0,0,0,0,0,False,False,False
2015-02-01,0,29,42,0,19,19,0,22,15070,102,0,22,523,0,0,0,0,0,False,False,False
2015-02-02,0,30,42,0,19,19,0,22,15094,102,0,22,523,0,0,0,0,0,False,False,False
2015-02-03,0,30,42,0,19,19,0,22,15118,102,0,22,523,0,0,0,0,0,False,False,False
2015-02-04,0,30,42,0,19,19,0,22,15142,102,0,22,523,0,0,0,0,0,False,False,False
2015-02-05,0,28,42,0,19,19,0,22,15166,102,0,22,523,0,0,0,0,0,False,False,False
2015-02-06,0,30,42,0,19,19,0,22,15190,102,0,22,523,0,0,0,0,0,False,False,False
2015-02-07,0,30,42,0,19,19,0,22,15214,102,0,22,523,0,0,0,0,0,False,False,False
2015-02-08,0,29,42,0,19,19,0,22,15238,102,0,22,523,0,0,0,0,0,False,False,False
2015-02-09,0,30,42,0,19,19,0,22,15262,102,0,22,523,0,0,0,0,0,False,False,False
2015-02-10,0,29,42,0,19,19,0,22,15286,102,0,22,523,0,0,0,0,0,False,False,False
2015-02-11,0,29,42,0,19,19,0,22,15310,102,0,22,523,0,0,0,0,0,False,False,False
2015-02-12,0,29,42,0,19,19,0,22,15334,102,0,22,523,0,0,0,0,0,False,False,False
2015-02-13,0,30,42,0,19,19,0,22,15358,102,0,22,523,0,0,0,0,0,False,False,False
2015-02-14,0,29,42,0,19,19,0,22,15382,102,0,22,523,0,0,0,0,0,False,False,False
2015-02-15,0,29,42,0,19,19,0,22,15406,102,0,22,523,0,0,0,0,0,False,False,False
2015-02-16,0,30,42,0,19,19,0,22,15430,102,0,22,523,0,0,0,0,0,False,False,False
2015-02-17,0,30,42,0,19,19,0,22,15454,102,0,22,523,0,0,0,0,0,False,False,False
2015-02-18,0,30,42,0,19,19,0,22,15478,102,0,22,523,0,0,0,0,0,False,False,False
2015-02-19,0,31,42,0,19,19,0,22,15502,102,0,22,523,0,0,0,0,0,False,False,False
2015-02-20,0,31,42,0,19,19,0,22,15526,102,0,22,523,0,0,0,0,0,False,False,False
2015-02-21,0,30,42,0,19,19,0,22,15550,102,0,22,523,0,0,0,0,0,False,False,False
2015-02-22,0,30,42,0,19,19,0,22,15574,102,0,22,523,0,0,0,0,0,False,False,False
2015-02-23,0,30,42,0,19,19,0,22,15598,102,0,22,523,0,0,0,0,0,False,False,False
2015-02-24,0,30,42,0,19,19,0,22,15623,102,0,22,523,0,0,0,0,0,False,False,False
2015-02-25,0,30,42,0,19,19,0,22,15646,102,0,22,523,0,0,0,0,0,False,False,False
2015-02-26,0,30,42,0,19,19,0,22,15670,102,0,22,523,0,0,0,0,0,False,False,False
2015-02-27,0,30,42,0,19,19,0,22,15694,102,0,22,523,0,0,0,0,0,False,False,False
2015-02-28,0,30,42,0,19,19,0,22,15718,102,0,22,523,0,0,0,0,0,False,False,False
2015-03-01,0,30,42,0,19,19,0,22,15742,102,0,22,523,0,0,0,0,0,False,False,False
2015-03-02,0,30,42,0,19,19,0,22,15766,102,0,22,523,0,0,0,0,0,False,False,False
2015-03-03,0,30,42,0,19,19,0,22,15790,102,0,22,523,0,0,0,0,0,False,False,False
2015-03-04,0,29,42,0,19,19,0,22,15814,102,0,22,523,0,0,0,0,0,False,False,False
2015-03-05,0,30,42,0,19,19,0,22,15838,102,0,22,523,0,0,0,0,0,False,False,False
2015-03-06,0,30,42,0,19,19,0,22,15862,102,0,22,523,0,0,0,0,0,False,False,False
2015-03-07,0,30,42,0,19,19,0,22,15886,102,0,22,523,0,0,0,0,0,False,False,False
2015-03-08,0,30,42,0,19,19,0,22,15910,102,0,22,523,0,0,0,0,0,False,False,False
2015-03-09,0,30,42,0,19,19,0,22,15934,102,0,22,523,0,0,0,0,0,False,False,False
2015-03-10,0,30,42,0,19,19,0,22,15957,102,0,22,523,0,0,0,0,0,False,False,False
2015-03-11,0,30,42,0,19,19,0,22,15981,102,0,22,523,0,0,0,0,0,False,False,False
2015-03-12,0,30,42,0,19,19,0,22,16005,102,0,22,523,0,0,0,0,0,False,False,False
2015-03-13,0,30,42,0,19,19,0,22,16029,102,0,22,523,0,0,0,0,0,False,False,False
2015-03-14,0,30,42,0,19,19,0,22,16053,102,0,22,523,0,0,0,0,0,False,False,False
2015-03-15,0,30,42,0,19,19,0,22,16077,102,0,22,523,0,0,0,0,0,False,False,False
2015-03-16,0,30,42,0,19,19,0,22,16101,102,0,22,523,0,0,0,0,0,False,False,False
2015-03-17,0,30,42,0,19,19,0,22,16125,102,0,22,523,0,0,0,0,0,False,False,False
2015-03-18,0,31,42,0,19,19,0,22,16149,102,0,22,523,0,0,0,0,0,False,False,False
2015-03-19,0,30,42,0,19,19,0,22,16173,102,0,22,523,0,0,0,0,0,False,False,False
2015-03-20,0,30,42,0,19,19,0,22,16197,102,0,22,523,0,0,0,0,0,False,False,False
2015-03-21,0,30,42,0,19,19,0,22,16221,102,0,22,523,0,0,0,0,0,False,False,False
2015-03-22,0,31,42,0,19,19,0,22,16245,102,0,22,523,0,0,0,0,0,False,False,False
2015-03-23,0,31,42,0,19,19,0,22,16269,102,0,22,523,0,0,0,0,0,False,False,False
2015-03-24,0,30,42,0,19,19,0,22,16293,102,0,22,523,0,0,0,0,0,False,False,False
2015-03-25,0,30,42,0,19,19,0,22,16317,102,0,22,523,0,0,0,0,0,False,False,False
2015-03-26,0,30,42,0,19,19,0,22,16341,102,0,22,523,0,0,0,0,0,False,False,False
2015-03-27,0,31,42,0,19,19,0,22,16365,102,0,22,523,0,0,0,0,0,False,False,False
2015-03-28,0,31,42,0,19,19,0,22,16389,102,0,22,523,0,0,0,0,0,False,False,False
2015-03-29,0,30,42,0,19,19,0,22,16413,102,0,22,523,0,0,0,0,0,False,False,False
2015-03-30,0,31,42,0,19,19,0,22,16437,102,0,22,523,0,0,0,0,0,False,False,False
2015-03-31,0,31,42,0,19,19,0,22,16461,102,0,22,523,0,0,0,0,0,False,False,False
2015-04-01,0,29,42,0,19,19,0,22,16485,102,0,22,523,0,0,0,0,0,False,False,False
2015-04-02,0,30,42,0,19,19,0,22,16509,102,0,22,523,0,0,0,0,0,False,False,False
2015-04-03,0,29,42,0,19,19,0,22,16533,102,0,22,523,0,0,0,0,0,False,False,False
2015-04-04,0,29,42,0,19,19,0,22,16557,102,0,22,523,0,0,0,0,0,False,False,False
2015-04-05,0,30,42,0,19,19,0,22,16581,102,0,22,523,0,0,0,0,0,False,False,False
2015-04-06,0,29,42,0,19,19,0,22,16605,102,0,22,523,0,0,0,0,0,False,False,False
2015-04-07,0,30,42,0,19,19,0,22,16629,102,0,22,523,0,0,0,0,0,False,False,False
2015-04-08,0,30,42,0,19,19,0,22,16653,102,0,22,523,0,0,0,0,0,False,False,False
2015-04-09,0,30,42,0,19,19,0,22,16677,102,0,22,523,0,0,0,0,0,False,False,False
2015-04-10,0,31,42,0,19,19,0,22,16701,102,0,22,523,0,0,0,0,0,False,False,False
2015-04-11,0,31,42,0,19,19,0,22,16725,102,0,22,523,0,0,0,0,0,False,False,False
2015-04-12,0,31,42,0,19,19,0,22,16749,102,0,22,523,0,0,0,0,0,False,False,False
2015-04-13,0,31,42,0,19,19,0,22,16773,102,0,22,523,0,0,0,0,0,False,False,False
2015-04-14,0,30,42,0,19,19,0,22,16797,102,0,22,523,0,0,0,0,0,False,False,False
2015-04-15,0,31,42,0,19,19,0,22,16821,102,0,22,523,0,0,0,0,0,False,False,False
2015-04-16,0,30,42,0,19,19,0,22,16845,102,0,22,523,0,0,0,0,0,False,False,False
2015-04-17,0,29,42,0,19,19,0,22,16869,102,0,22,523,0,0,0,0,0,False,False,False
2015-04-18,0,30,42,0,19,19,0,22,16893,102,0,22,523,0,0,0,0,0,False,False,False
2015-04-19,0,30,42,0,19,19,0,22,16917,102,0,22,523,0,0,0,0,0,False,False,False
2015-04-20,0,30,42,0,19,19,0,22,16941,102,0,22,523,0,0,0,0,0,False,False,False
2015-04-21,0,30,42,0,19,19,0,22,16965,102,0,22,523,0,0,0,0,0,False,False,False
2015-04-22,0,30,42,0,19,19,0,22,16989,102,0,22,523,0,0,0,0,0,False,False,False
2015-04-23,0,30,42,0,19,19,0,22,17013,102,0,22,523,0,0,0,0,0,False,False,False
2015-04-24,0,30,42,0,19,19,0,22,17037,102,0,22,523,0,0,0,0,0,False,False,False
2015-04-25,0,30,42,0,19,19,0,22,17061,102,0,22,523,0,0,0,0,0,False,False,False
2015-04-26,0,30,42,0,19,19,0,22,17086,102,0,22,523,0,0,0,0,0,False,False,False
2015-04-27,0,30,42,0,19,19,0,22,17109,102,0,22,523,0,0,0,0,0,False,False,False
2015-04-28,0,31,42,0,19,19,0,22,17133,102,0,22,523,0,0,0,0,0,False,False,False
2015-04-29,0,31,42,0,19,19,0,22,17157,102,0,22,523,0,0,0,0,0,False,False,False
2015-04-30,0,29,42,0,19,19,0,22,17181,102,0,22,523,0,0,0,0,0,False,False,False
2015-05-01,0,30,42,0,19,19,0,22,17205,102,0,22,523,0,0,0,0,0,False,False,False
2015-05-02,0,30,42,0,19,19,0,22,17229,102,0,22,523,0,0,0,0,0,False,False,False
2015-05-03,0,30,42,0,19,19,0,22,17253,102,0,22,523,0,0,0,0,0,False,False,False
2015-05-04,0,30,42,0,19,19,0,22,17277,102,0,22,523,0,0,0,0,0,False,False,False
2015-05-05,0,30,42,0,19,19,0,22,17301,102,0,22,523,0,0,0,0,0,False,False,False
2015-05-06,0,32,42,0,19,19,0,22,17325,102,0,22,523,0,0,0,0,0,False,False,False
2015-05-07,0,30,42,0,19,19,0,22,17349,102,0,22,523,0,0,0,0,0,False,False,False
2015-05-08,0,30,42,0,19,19,0,22,17373,102,0,22,523,0,0,0,0,0,False,False,False
2015-05-09,0,30,42,0,19,19,0,22,17397,102,0,22,523,0,0,0,0,0,False,False,False
2015-05-10,0,30,42,0,19,19,0,22,17421,102,0,22,523,0,0,0,0,0,False,False,False
2015-05-11,0,31,42,0,19,19,0,22,17445,102,0,22,523,0,0,0,0,0,False,False,False
2015-05-12,0,30,42,0,19,19,0,22,17469,102,0,22,523,0,0,0,0,0,False,False,False
2015-05-13,0,30,42,0,19,19,0,22,17493,102,0,22,523,0,0,0,0,0,False,False,False
2015-05-14,0,30,42,0,19,19,0,22,17517,102,0,22,523,0,0,0,0,0,False,False,False
2015-05-15,0,30,42,0,19,19,0,22,17541,102,0,22,523,0,0,0,0,0,False,False,False
2015-05-16,0,30,42,0,19,19,0,22,17566,102,0,22,523,0,0,0,0,0,False,False,False
2015-05-17,0,30,42,0,19,19,0,22,17589,102,0,22,523,0,0,0,0,0,False,False,False
2015-05-18,0,30,42,0,19,19,0,22,17613,102,0,22,523,0,0,0,0,0,False,False,False
2015-05-19,0,30,42,0,19,19,0,22,17638,102,0,22,523,0,0,0,0,0,False,False,False
2015-05-20,0,30,42,0,19,19,0,22,17661,102,0,22,523,0,0,0,0,0,False,False,False
2015-05-21,0,30,42,0,19,19,0,22,17685,102,0,22,523,0,0,0,0,0,False,False,False
2015-05-22,0,30,42,0,19,19,0,22,17709,102,0,22,523,0,0,0,0,0,False,False,False
2015-05-23,0,30,42,0,19,19,0,22,17733,102,0,22,523,0,0,0,0,0,False,False,False
2015-05-24,0,30,42,0,19,19,0,22,17757,102,0,22,523,0,0,0,0,0,False,False,False
2015-05-25,0,30,42,0,19,19,0,22,17781,102,0,22,523,0,0,0,0,0,False,False,False
2015-05-26,0,29,42,0,19,19,0,22,17806,102,0,22,523,0,0,0,0,0,False,False,False
2015-05-27,0,29,42,0,19,19,0,22,17829,102,0,22,523,0,0,0,0,0,False,False,False
2015-05-28,0,29,42,0,19,19,0,22,17853,102,0,22,523,0,0,0,0,0,False,False,False
2015-05-29,0,29,42,0,19,19,0,22,17877,102,0,22,523,0,0,0,0,0,False,False,False
2015-05-30,0,29,42,0,19,19,0,22,17901,102,0,22,523,0,0,0,0,0,False,False,False
2015-05-31,0,29,42,0,19,19,0,22,17925,102,0,22,523,0,0,0,0,0,False,False,False
2015-06-01,0,29,42,0,19,19,0,22,17949,102,0,22,523,0,0,0,0,0,False,False,False
2015-06-02,0,29,42,0,19,19,0,22,17973,102,0,22,523,0,0,0,0,0,False,False,False
2015-06-03,0,29,42,0,19,19,0,22,17997,102,0,22,523,0,0,0,0,0,False,False,False
2015-06-04,0,29,42,0,19,19,0,22,18021,102,0,22,523,0,0,0,0,0,False,False,False
2015-06-05,0,29,42,0,19,19,0,22,18046,102,0,22,523,0,0,0,0,0,False,False,False
2015-06-06,0,29,42,0,19,19,0,22,18069,102,0,22,523,0,0,0,0,0,False,False,False
2015-06-07,0,30,42,0,19,19,0,22,18093,102,0,22,523,0,0,0,0,0,False,False,False
2015-06-08,0,29,42,0,19,19,0,22,18118,102,0,22,523,0,0,0,0,0,False,False,False
2015-06-09,0,29,42,0,19,19,0,22,18141,102,0,22,523,0,0,0,0,0,False,False,False
2015-06-10,0,29,42,0,19,19,0,22,18165,102,0,22,523,0,0,0,0,0,False,False,False
2015-06-11,0,29,42,0,19,19,0,22,18190,102,0,22,523,0,0,0,0,0,False,False,False
2015-06-12,0,29,42,0,19,19,0,22,18213,102,0,22,523,0,0,0,0,0,False,False,False
2015-06-13,0,29,42,0,19,19,0,22,18237,102,0,22,523,0,0,0,0,0,False,False,False
2015-06-14,0,29,42,0,19,19,0,22,18261,102,0,22,523,0,0,0,0,0,False,False,False
2015-06-15,0,29,42,0,19,19,0,22,18286,102,0,22,523,0,0,0,0,0,False,False,False
2015-06-16,0,29,42,0,19,19,0,22,18309,102,0,22,523,0,0,0,0,0,False,False,False
2015-06-17,0,29,42,0,19,19,0,22,18333,102,0,22,523,0,0,0,0,0,False,False,False
2015-06-18,0,28,42,0,19,19,0,22,18358,102,0,22,523,0,0,0,0,0,False,False,False
2015-06-19,0,29,42,0,19,19,0,22,18381,102,0,22,523,0,0,0,0,0,False,False,False
2015-06-20,0,30,42,0,19,19,0,22,18405,102,0,22,523,0,0,0,0,0,False,False,False
2015-06-21,0,29,42,0,19,19,0,22,18430,102,0,22,523,0,0,0,0,0,False,False,False
2015-06-22,0,30,42,0,19,19,0,22,18453,102,0,22,523,0,0,0,0,0,False,False,False
2015-06-23,0,30,42,0,19,19,0,22,18477,102,0,22,523,0,0,0,0,0,False,False,False
2015-06-24,0,29,42,0,19,19,0,22,18501,102,0,22,523,0,0,0,0,0,False,False,False
2015-06-25,0,30,42,0,19,19,0,22,18525,102,0,22,523,0,0,0,0,0,False,False,False
2015-06-26,0,30,42,0,19,19,0,22,18549,102,0,22,523,0,0,0,0,0,False,False,False
2015-06-27,0,30,42,0,19,19,0,22,18573,102,0,22,523,0,0,0,0,0,False,False,False
2015-06-28,0,30,42,0,19,19,0,22,18598,102,0,22,523,0,0,0,0,0,False,False,False
2015-06-29,0,29,42,0,19,19,0,22,18621,102,0,22,523,0,0,0,0,0,False,False,False
2015-06-30,0,30,42,0,19,19,0,22,18645,102,0,22,523,0,0,0,0,0,False,False,False
2015-07-01,0,30,42,0,19,19,0,22,18670,102,0,22,523,0,0,0,0,0,False,False,False
2015-07-02,0,30,42,0,19,19,0,22,18693,102,0,22,523,0,0,0,0,0,False,False,False
2015-07-03,0,30,42,0,19,19,0,22,18717,102,0,22,523,0,0,0,0,0,False,False,False
2015-07-04,0,30,42,0,19,19,0,22,18741,102,0,22,523,0,0,0,0,0,False,False,False
2015-07-05,0,30,42,0,19,19,0,22,18765,102,0,22,523,0,0,0,0,0,False,False,False
2015-07-06,0,30,42,0,19,19,0,22,18789,102,0,22,523,0,0,0,0,0,False,False,False
2015-07-07,0,30,42,0,19,19,0,22,18813,102,0,22,523,0,0,0,0,0,False,False,False
2015-07-08,0,30,42,0,19,19,0,22,18838,102,0,22,523,0,0,0,0,0,False,False,False
2015-07-09,0,30,42,0,19,19,0,22,18861,102,0,22,523,0,0,0,0,0,False,False,False
2015-07-10,0,29,42,0,19,19,0,22,18885,102,0,22,523,0,0,0,0,0,False,False,False
2015-07-11,0,30,42,0,19,19,0,22,18909,102,0,22,523,0,0,0,0,0,False,False,False
2015-07-12,0,30,42,0,19,19,0,22,18933,102,0,22,523,0,0,0,0,0,False,False,False
2015-07-13,0,30,42,0,19,19,0,22,18957,102,0,22,523,0,0,0,0,0,False,False,False
2015-07-14,0,30,42,0,19,19,0,22,18981,102,0,22,523,0,0,0,0,0,False,False,False
2015-07-15,0,30,42,0,19,19,0,22,19005,102,0,22,523,0,0,0,0,0,False,False,False
2015-07-16,0,30,42,0,19,19,0,22,19029,102,0,22,523,0,0,0,0,0,False,False,False
2015-07-17,0,30,42,0,19,19,0,22,19053,102,0,22,523,0,0,0,0,0,False,False,False
2015-07-18,0,29,42,0,19,19,0,22,19078,102,0,22,523,0,0,0,0,0,False,False,False
2015-07-19,0,30,42,0,19,19,0,22,19101,102,0,22,523,0,0,0,0,0,False,False,False
2015-07-20,0,30,42,0,19,19,0,22,19125,102,0,22,523,0,0,0,0,0,False,False,False
2015-07-21,0,30,42,0,19,19,0,22,19150,102,0,22,523,0,0,0,0,0,False,False,False
2015-07-22,0,30,42,0,19,19,0,22,19173,102,0,22,523,0,0,0,0,0,False,False,False
2015-07-23,0,30,42,0,19,19,0,22,19197,102,0,22,523,0,0,0,0,0,False,False,False
2015-07-24,0,30,42,0,19,19,0,22,19222,102,0,22,523,0,0,0,0,0,False,False,False
2015-07-25,0,30,42,0,19,19,0,22,19245,102,0,22,523,0,0,0,0,0,False,False,False
2015-07-26,0,28,42,0,19,19,0,22,19269,102,0,22,523,0,0,0,0,0,False,False,False
2015-07-27,0,28,42,0,19,19,0,22,19294,102,0,22,523,0,0,0,0,0,False,False,False
2015-07-28,0,30,42,0,19,19,0,22,19317,102,0,22,523,0,0,0,0,0,False,False,False
2015-07-29,0,29,42,0,19,19,0,22,19341,102,0,22,523,0,0,0,0,0,False,False,False
2015-07-30,0,30,42,0,19,19,0,22,19365,102,0,22,523,0,0,0,0,0,False,False,False
2015-07-31,0,28,42,0,19,19,0,22,19389,102,0,22,523,0,0,0,0,0,False,False,False
2015-08-01,0,29,42,0,19,19,0,22,19413,102,0,22,523,0,0,0,0,0,False,False,False
2015-08-02,0,30,42,0,19,19,0,22,19437,102,0,22,523,0,0,0,0,0,False,False,False
2015-08-03,0,30,42,0,19,19,0,22,19462,102,0,22,523,0,0,0,0,0,False,False,False
2015-08-04,0,30,42,0,19,19,0,22,19485,102,0,22,523,0,0,0,0,0,False,False,False
2015-08-05,0,30,42,0,19,19,0,22,19509,102,0,22,523,0,0,0,0,0,False,False,False
2015-08-06,0,30,42,0,19,19,0,22,19533,102,0,22,523,0,0,0,0,0,False,False,False
2015-08-07,0,30,42,0,19,19,0,22,19557,102,0,22,523,0,0,0,0,0,False,False,False
2015-08-08,0,30,42,0,19,19,0,22,19581,102,0,22,523,0,0,0,0,0,False,False,False
2015-08-09,0,30,42,0,19,19,0,22,19605,102,0,22,523,0,0,0,0,0,False,False,False
2015-08-10,0,30,42,0,19,19,0,22,19629,102,0,22,523,0,0,0,0,0,False,False,False
2015-08-11,0,30,42,0,19,19,0,22,19653,102,0,22,523,0,0,0,0,0,False,False,False
2015-08-12,0,30,42,0,19,19,0,22,19678,102,0,22,523,0,0,0,0,0,False,False,False
2015-08-13,0,30,42,0,19,19,0,22,19701,102,0,22,523,0,0,0,0,0,False,False,False
2015-08-14,0,30,42,0,19,19,0,22,19725,102,0,22,523,0,0,0,0,0,False,False,False
2015-08-15,0,30,42,0,19,19,0,22,19749,102,0,22,523,0,0,0,0,0,False,False,False
2015-08-16,0,30,42,0,19,19,0,22,19774,102,0,22,523,0,0,0,0,0,False,False,False
2015-08-17,0,29,42,0,19,19,0,22,19797,102,0,22,523,0,0,0,0,0,False,False,False
2015-08-18,0,30,42,0,19,19,0,22,19821,102,0,22,523,0,0,0,0,0,False,False,False
2015-08-19,0,29,42,0,19,19,0,22,19845,102,0,22,523,0,0,0,0,0,False,False,False
2015-08-20,0,29,42,0,19,19,0,22,19870,102,0,22,523,0,0,0,0,0,False,False,False
2015-08-21,0,30,42,0,19,19,0,22,19893,102,0,22,523,0,0,0,0,0,False,False,False
2015-08-22,0,29,42,0,19,19,0,22,19917,102,0,22,523,0,0,0,0,0,False,False,False
2015-08-23,0,30,42,0,19,19,0,22,19941,102,0,22,523,0,0,0,0,0,False,False,False
2015-08-24,0,29,42,0,19,19,0,22,19965,102,0,22,523,0,0,0,0,0,False,False,False
2015-08-25,0,30,42,0,19,19,0,22,19989,102,0,22,523,0,0,0,0,0,False,False,False
2015-08-26,0,29,42,0,19,19,0,22,20013,102,0,22,523,0,0,0,0,0,False,False,False
2015-08-27,0,30,42,0,19,19,0,22,20038,102,0,22,523,0,0,0,0,0,False,False,False
2015-08-28,0,29,42,0,19,19,0,22,20061,102,0,22,523,0,0,0,0,0,False,False,False
2015-08-29,0,30,42,0,19,19,0,22,20085,102,0,22,523,0,0,0,0,0,False,False,False
2015-08-30,0,30,42,0,19,19,0,22,20110,102,0,22,523,0,0,0,0,0,False,False,False
2015-08-31,0,29,42,0,19,19,0,22,20133,102,0,22,523,0,0,0,0,0,False,False,False
2015-09-01,0,30,42,0,19,19,0,22,20157,102,0,22,523,0,0,0,0,0,False,False,False
2015-09-02,0,30,42,0,19,19,0,22,20181,102,0,22,523,0,0,0,0,0,False,False,False
2015-09-03,0,29,42,0,19,19,0,22,20206,102,0,22,523,0,0,0,0,0,False,False,False
2015-09-04,0,29,42,0,19,19,0,22,20229,102,0,22,523,0,0,0,0,0,False,False,False
2015-09-05,0,30,42,0,19,19,0,22,20253,102,0,22,523,0,0,0,0,0,False,False,False
2015-09-06,0,29,42,0,19,19,0,22,20278,102,0,22,523,0,0,0,0,0,False,False,False
2015-09-07,0,29,42,0,19,19,0,22,20301,102,0,22,523,0,0,0,0,0,False,False,False
2015-09-08,0,29,42,0,19,19,0,22,20325,102,0,22,523,0,0,0,0,0,False,False,False
2015-09-09,0,29,42,0,19,19,0,22,20350,102,0,22,523,0,0,0,0,0,False,False,False
2015-09-10,0,29,42,0,19,19,0,22,20373,102,0,22,523,0,0,0,0,0,False,False,False
2015-09-11,0,29,42,0,19,19,0,22,20397,102,0,22,523,0,0,0,0,0,False,False,False
2015-09-12,0,30,42,0,19,19,0,22,20422,102,0,22,523,0,0,0,0,0,False,False,False
2015-09-13,0,29,42,0,19,19,0,22,20446,102,0,22,523,0,0,0,0,0,False,False,False
2015-09-14,0,29,42,0,19,19,0,22,20469,102,0,22,523,0,0,0,0,0,False,False,False
2015-09-15,0,30,42,0,19,19,0,22,20493,102,0,22,523,0,0,0,0,0,False,False,False
2015-09-16,0,29,42,0,19,19,0,22,20518,102,0,22,523,0,0,0,0,0,False,False,False
2015-09-17,0,29,42,0,19,19,0,22,20541,102,0,22,523,0,0,0,0,0,False,False,False
2015-09-18,0,29,42,0,19,19,0,22,20565,102,0,22,523,0,0,0,0,0,False,False,False
2015-09-19,0,29,42,0,19,19,0,22,20590,102,0,22,523,0,0,0,0,0,False,False,False
2015-09-20,0,29,42,0,19,19,0,22,20613,102,0,22,523,0,0,0,0,0,False,False,False
2015-09-21,0,30,42,0,19,19,0,22,20637,102,0,22,523,0,0,0,0,0,False,False,False
2015-09-22,0,29,42,0,19,19,0,22,20662,102,0,22,523,0,0,0,0,0,False,False,False
2015-09-23,0,29,42,0,19,19,0,22,20685,102,0,22,523,0,0,0,0,0,False,False,False
2015-09-24,0,29,42,0,19,19,0,22,20709,102,0,22,523,0,0,0,0,0,False,False,False
2015-09-25,0,30,42,0,19,19,0,22,20733,102,0,22,523,0,0,0,0,0,False,False,False
2015-09-26,0,29,42,0,19,19,0,22,20758,102,0,22,523,0,0,0,0,0,False,False,False
2015-09-27,0,30,42,0,19,19,0,22,20781,102,0,22,523,0,0,0,0,0,False,False,False
2015-09-28,0,29,42,0,19,19,0,22,20805,102,0,22,523,0,0,0,0,0,False,False,False
2015-09-29,0,29,42,0,19,19,0,22,20830,102,0,22,523,0,0,0,0,0,False,False,False
2015-09-30,0,29,42,0,19,19,0,22,20853,102,0,22,523,0,0,0,0,0,False,False,False
2015-10-01,0,29,42,0,19,19,0,22,20877,102,0,22,523,0,0,0,0,0,False,False,False
2015-10-02,0,29,42,0,19,19,0,22,20902,102,0,22,523,0,0,0,0,0,False,False,False
2015-10-03,0,29,42,0,19,19,0,22,20925,102,0,22,523,0,0,0,0,0,False,False,False
2015-10-04,0,29,42,0,19,19,0,22,20949,102,0,22,523,0,0,0,0,0,False,False,False
2015-10-05,0,29,42,0,19,19,0,22,20973,102,0,22,523,0,0,0,0,0,False,False,False
2015-10-06,0,29,42,0,19,19,0,22,20998,102,0,22,523,0,0,0,0,0,False,False,False
2015-10-07,0,30,42,0,19,19,0,22,21021,102,0,22,523,0,0,0,0,0,False,False,False
2015-10-08,0,29,42,0,19,19,0,22,21045,102,0,22,523,0,0,0,0,0,False,False,False
2015-10-09,0,29,42,0,19,19,0,22,21070,102,0,22,523,0,0,0,0,0,False,False,False
2015-10-10,0,29,42,0,19,19,0,22,21093,102,0,22,523,0,0,0,0,0,False,False,False
2015-10-11,0,29,42,0,19,19,0,22,21117,102,0,22,523,0,0,0,0,0,False,False,False
2015-10-12,0,29,42,0,19,19,0,22,21142,102,0,22,523,0,0,0,0,0,False,False,False
2015-10-13,0,29,42,0,19,19,0,22,21165,102,0,22,523,0,0,0,0,0,False,False,False
2015-10-14,0,30,42,0,19,19,0,22,21189,102,0,22,523,0,0,0,0,0,False,False,False
2015-10-15,0,29,42,0,19,19,0,22,21214,102,0,22,523,0,0,0,0,0,False,False,False
2015-10-16,0,30,42,0,19,19,0,22,21238,102,0,22,523,0,0,0,0,0,False,False,False
2015-10-17,0,29,42,0,19,19,0,22,21261,102,0,22,523,0,0,0,0,0,False,False,False
2015-10-18,0,30,42,0,19,19,0,22,21285,102,0,22,523,0,0,0,0,0,False,False,False
2015-10-19,0,29,42,0,19,19,0,22,21310,102,0,22,523,0,0,0,0,0,False,False,False
2015-10-20,0,30,42,0,19,19,0,22,21333,102,0,22,523,0,0,0,0,0,False,False,False
2015-10-21,0,29,42,0,19,19,0,22,21357,102,0,22,523,0,0,0,0,0,False,False,False
2015-10-22,0,29,42,0,19,19,0,22,21382,102,0,22,523,0,0,0,0,0,False,False,False
2015-10-23,0,30,42,0,19,19,0,22,21405,102,0,22,523,0,0,0,0,0,False,False,False
2015-10-24,0,29,42,0,19,19,0,22,21429,102,0,22,523,0,0,0,0,0,False,False,False
2015-10-25,0,29,42,0,19,19,0,22,21454,102,0,22,523,0,0,0,0,0,False,False,False
2015-10-26,0,29,42,0,19,19,0,22,21478,102,0,22,523,0,0,0,0,0,False,False,False
2015-10-27,0,30,42,0,19,19,0,22,21501,102,0,22,523,0,0,0,0,0,False,False,False
2015-10-29,0,30,42,0,19,19,0,22,21550,102,0,22,523,0,0,0,0,0,False,False,False
2015-10-30,0,29,42,0,19,19,0,22,21573,102,0,22,523,0,0,0,0,0,False,False,False
2015-10-31,0,29,42,0,19,19,0,22,21597,102,0,22,523,0,0,0,0,0,False,False,False
2015-11-02,0,30,42,0,19,19,0,22,21646,102,0,22,523,0,0,0,0,0,False,False,False
2015-11-03,0,29,42,0,19,19,0,22,21671,102,0,22,523,0,0,0,0,0,False,False,False
2015-11-04,0,29,42,0,19,19,0,22,21695,102,0,22,523,0,0,0,0,0,False,False,False
2015-11-05,0,29,42,0,19,19,0,22,21718,102,0,22,523,0,0,0,0,0,False,False,False
2015-11-06,0,30,42,0,19,19,0,22,21742,102,0,22,523,0,0,0,0,0,False,False,False
2015-11-07,0,29,42,0,19,19,0,22,21767,102,0,22,523,0,0,0,0,0,False,False,False
2015-11-08,0,29,42,0,19,19,0,22,21790,102,0,22,523,0,0,0,0,0,False,False,False
2015-11-09,0,30,42,0,19,19,0,22,21814,102,0,22,523,0,0,0,0,0,False,False,False
2015-11-10,0,29,42,0,19,19,0,22,21839,102,0,22,523,0,0,0,0,0,False,False,False
2015-11-11,0,30,42,0,19,19,0,22,21862,102,0,22,523,0,0,0,0,0,False,False,False
2015-11-12,0,30,42,0,19,19,0,22,21886,102,0,22,523,0,0,0,0,0,False,False,False
2015-11-13,0,29,42,0,19,19,0,22,21911,102,0,22,523,0,0,0,0,0,False,False,False
2015-11-14,0,29,42,0,19,19,0,22,21935,102,0,22,523,0,0,0,0,0,False,False,False
2015-11-15,0,30,42,0,19,19,0,22,21958,102,0,22,523,0,0,0,0,0,False,False,False
2015-11-16,0,29,42,0,19,19,0,22,21983,102,0,22,523,0,0,0,0,0,False,False,False
2015-11-17,0,29,42,0,19,19,0,22,22007,102,0,22,523,0,0,0,0,0,False,False,False
2015-11-18,0,29,42,0,19,19,0,22,22030,102,0,22,523,0,0,0,0,0,False,False,False
2015-11-19,0,29,42,0,19,19,0,22,22054,102,0,22,523,0,0,0,0,0,False,False,False
2015-11-20,0,29,42,0,19,19,0,22,22079,102,0,22,523,0,0,0,0,0,False,False,False
2015-11-21,0,30,42,0,19,19,0,22,22102,102,0,22,523,0,0,0,0,0,False,False,False
2015-11-22,0,30,42,0,19,19,0,22,22126,102,0,22,523,0,0,0,0,0,False,False,False
2015-11-23,0,29,42,0,19,19,0,22,22151,102,0,22,523,0,0,0,0,0,False,False,False
2015-11-24,0,30,42,0,19,19,0,22,22174,102,0,22,523,0,0,0,0,0,False,False,False
2015-11-25,0,29,42,0,19,19,0,22,22198,102,0,22,523,0,0,0,0,0,False,False,False
2015-11-26,0,29,42,0,19,19,0,22,22223,102,0,22,523,0,0,0,0,0,False,False,False
2015-11-27,0,30,42,0,19,19,0,22,22247,102,0,22,523,0,0,0,0,0,False,False,False
2015-11-28,0,30,42,0,19,19,0,22,22270,102,0,22,523,0,0,0,0,0,False,False,False
2015-11-29,0,29,42,0,19,19,0,22,22294,102,0,22,523,0,0,0,0,0,False,False,False
2015-11-30,0,29,42,0,19,19,0,22,22319,102,0,22,523,0,0,0,0,0,False,False,False
2015-12-01,0,29,42,0,19,19,0,22,22342,102,0,22,523,0,0,0,0,0,False,False,False
2015-12-02,0,30,42,0,19,19,0,22,22366,102,0,22,523,0,0,0,0,0,False,False,False
2015-12-03,0,30,42,0,19,19,0,22,22391,102,0,22,523,0,0,0,0,0,False,False,False
2015-12-04,0,30,42,0,19,19,0,22,22414,102,0,22,523,0,0,0,0,0,False,False,False
2015-12-05,0,30,42,0,19,19,0,22,22438,102,0,22,523,0,0,0,0,0,False,False,False
2015-12-06,0,30,42,0,19,19,0,22,22463,102,0,22,523,0,0,0,0,0,False,False,False
2015-12-07,0,30,42,0,19,19,0,22,22487,102,0,22,523,0,0,0,0,0,False,False,False
2015-12-08,0,30,42,0,19,19,0,22,22510,102,0,22,523,0,0,0,0,0,False,False,False
2015-12-09,0,30,42,0,19,19,0,22,22535,102,0,22,523,0,0,0,0,0,False,False,False
2015-12-10,0,30,42,0,19,19,0,22,22559,102,0,22,523,0,0,0,0,0,False,False,False
2015-12-11,0,30,42,0,19,19,0,22,22582,102,0,22,523,0,0,0,0,0,False,False,False
2015-12-12,0,30,42,0,19,19,0,22,22606,102,0,22,523,0,0,0,0,0,False,False,False
2015-12-13,0,30,42,0,19,19,0,22,22631,102,0,22,523,0,0,0,0,0,False,False,False
2015-12-14,0,29,42,0,19,19,0,22,22654,102,0,22,523,0,0,0,0,0,False,False,False
2015-12-15,0,29,42,0,19,19,0,22,22678,102,0,22,523,0,0,0,0,0,False,False,False
2015-12-16,0,29,42,0,19,19,0,22,22703,102,0,22,523,0,0,0,0,0,False,False,False
2015-12-17,0,29,42,0,19,19,0,22,22727,102,0,22,523,0,0,0,0,0,False,False,False
2015-12-18,0,29,42,0,19,19,0,22,22750,102,0,22,523,0,0,0,0,0,False,False,False
2015-12-19,0,30,42,0,19,19,0,22,22774,102,0,22,523,0,0,0,0,0,False,False,False
2015-12-20,0,30,42,0,19,19,0,22,22799,102,0,22,523,0,0,0,0,0,False,False,False
2015-12-21,0,30,42,0,19,19,0,22,22822,102,0,22,523,0,0,0,0,0,False,False,False
2015-12-22,0,30,42,0,19,19,0,22,22847,102,0,22,523,0,0,0,0,0,False,False,False
2015-12-23,0,30,42,0,19,19,0,22,22871,102,0,22,523,0,0,0,0,0,False,False,False
2015-12-24,0,29,42,0,19,19,0,22,22894,102,0,22,523,0,0,0,0,0,False,False,False
2015-12-25,0,29,42,0,19,19,0,22,22918,102,0,22,523,0,0,0,0,0,False,False,False
2015-12-26,0,29,42,0,19,19,0,22,22943,102,0,22,523,0,0,0,0,0,False,False,False
2015-12-27,0,29,42,0,19,19,0,22,22967,102,0,22,523,0,0,0,0,0,False,False,False
2015-12-28,0,29,42,0,19,19,0,22,22990,102,0,22,523,0,0,0,0,0,False,False,False
2015-12-29,0,29,42,0,19,19,0,22,23015,102,0,22,523,0,0,0,0,0,False,False,False
2015-12-30,0,29,42,0,19,19,0,22,23039,102,0,22,523,0,0,0,0,0,False,False,False
2015-12-31,0,29,42,0,19,19,0,22,23062,102,0,22,523,0,0,0,0,0,False,False,False
2016-01-01,0,29,42,0,19,19,0,22,23087,102,0,22,523,0,0,0,0,0,False,False,False
2016-01-02,0,29,42,0,19,19,0,22,23111,102,0,22,523,0,0,0,0,0,False,False,False
2016-01-03,0,29,42,0,19,19,0,22,23134,102,0,22,523,0,0,0,0,0,False,False,False
2016-01-04,0,29,42,0,19,19,0,22,23158,102,0,22,523,0,0,0,0,0,False,False,False
2016-01-05,0,30,42,0,19,19,0,22,23183,102,0,22,523,0,0,0,0,0,False,False,False
2016-01-06,0,30,42,0,19,19,0,22,23206,102,0,22,523,0,0,0,0,0,False,False,False
2016-01-07,0,30,42,0,19,19,0,22,23230,102,0,22,523,0,0,0,0,0,False,False,False
2016-01-08,0,29,42,0,19,19,0,22,23255,102,0,22,523,0,0,0,0,0,False,False,False
2016-01-09,0,30,42,0,19,19,0,22,23279,102,0,22,523,0,0,0,0,0,False,False,False
2016-01-10,0,30,42,0,19,19,0,22,23302,102,0,22,523,0,0,0,0,0,False,False,False
2016-01-11,0,29,42,0,19,19,0,22,23327,102,0,22,523,0,0,0,0,0,False,False,False
2016-01-12,0,30,42,0,19,19,0,22,23351,102,0,22,523,0,0,0,0,0,False,False,False
2016-01-13,0,30,42,0,19,19,0,22,23374,102,0,22,523,0,0,0,0,0,False,False,False
2016-01-14,0,30,42,0,19,19,0,22,23398,102,0,22,523,0,0,0,0,0,False,False,False
2016-01-15,0,30,42,0,19,19,0,22,23423,102,0,22,523,0,0,0,0,0,False,False,False
2016-01-16,0,30,42,0,19,19,0,22,23446,102,0,22,523,0,0,0,0,0,False,False,False
2016-01-17,0,30,42,0,19,19,0,22,23470,102,0,22,523,0,0,0,0,0,False,False,False
2016-01-18,0,30,42,0,19,19,0,22,23495,102,0,22,523,0,0,0,0,0,False,False,False
2016-01-19,0,30,42,0,19,19,0,22,23519,102,0,22,523,0,0,0,0,0,False,False,False
2016-01-20,0,30,42,0,19,19,0,22,23542,102,0,22,523,0,0,0,0,0,False,False,False
2016-01-21,0,30,42,0,19,19,0,22,23567,102,0,22,523,0,0,0,0,0,False,False,False
2016-01-22,0,30,42,0,19,19,0,22,23591,102,0,22,523,0,0,0,0,0,False,False,False
2016-01-23,0,30,42,0,19,19,0,22,23614,102,0,22,523,0,0,0,0,0,False,False,False
2016-01-24,0,30,42,0,19,19,0,22,23638,102,0,22,523,0,0,0,0,0,False,False,False
2016-01-25,0,30,42,0,19,19,0,22,23663,102,0,22,523,0,0,0,0,0,False,False,False
2016-01-26,0,30,42,0,19,19,0,22,23686,102,0,22,523,0,0,0,0,0,False,False,False
2016-01-27,0,30,42,0,19,19,0,22,23710,102,0,22,523,0,0,0,0,0,False,False,False
2016-01-28,0,30,42,0,19,19,0,22,23735,102,0,22,523,0,0,0,0,0,False,False,False
2016-01-29,0,30,42,0,19,19,0,22,23759,102,0,22,523,0,0,0,0,0,False,False,False
2016-01-30,0,30,42,0,19,19,0,22,23782,102,0,22,523,0,0,0,0,0,False,False,False
2016-01-31,0,30,42,0,19,19,0,22,23807,102,0,22,523,0,0,0,0,0,False,False,False
2016-02-01,0,30,42,0,19,19,0,22,23831,102,0,22,523,0,0,0,0,0,False,False,False
2016-02-02,0,30,42,0,19,19,0,22,23854,102,0,22,523,0,0,0,0,0,False,False,False
2016-02-03,0,30,42,0,19,19,0,22,23879,102,0,22,523,0,0,0,0,0,False,False,False
2016-02-04,0,30,42,0,19,19,0,22,23903,102,0,22,523,0,0,0,0,0,False,False,False
2016-02-05,0,30,42,0,19,19,0,22,23927,102,0,22,523,0,0,0,0,0,False,False,False
2016-02-06,0,30,42,0,19,19,0,22,23950,102,0,22,523,0,0,0,0,0,False,False,False
2016-02-07,0,30,42,0,19,19,0,22,23975,102,0,22,523,0,0,0,0,0,False,False,False
2016-02-08,0,30,42,0,19,19,0,22,23999,102,0,22,523,0,0,0,0,0,False,False,False
2016-02-09,0,30,42,0,19,19,0,22,24022,102,0,22,523,0,0,0,0,0,False,False,False
2016-02-10,0,30,42,0,19,19,0,22,24046,102,0,22,523,0,0,0,0,0,False,False,False
2016-02-11,0,30,42,0,19,19,0,22,24071,102,0,22,523,0,0,0,0,0,False,False,False
2016-02-12,0,30,42,0,19,19,0,22,24094,102,0,22,523,0,0,0,0,0,False,False,False
2016-02-13,0,30,42,0,19,19,0,22,24118,102,0,22,523,0,0,0,0,0,False,False,False
2016-02-14,0,30,42,0,19,19,0,22,24143,102,0,22,523,0,0,0,0,0,False,False,False
2016-02-15,0,30,42,0,19,19,0,22,24167,102,0,22,523,0,0,0,0,0,False,False,False
2016-02-16,0,30,42,0,19,19,0,22,24190,102,0,22,523,0,0,0,0,0,False,False,False
2016-02-17,0,29,42,0,19,19,0,22,24215,102,0,22,523,0,0,0,0,0,False,False,False
2016-02-18,0,30,42,0,19,19,0,22,24239,102,0,22,523,0,0,0,0,0,False,False,False
2016-02-19,0,30,42,0,19,19,0,22,24262,102,0,22,523,0,0,0,0,0,False,False,False
2016-02-20,0,30,42,0,19,19,0,22,24287,102,0,22,523,0,0,0,0,0,False,False,False
2016-02-21,0,30,42,0,19,19,0,22,24311,102,0,22,523,0,0,0,0,0,False,False,False
2016-02-22,0,30,42,0,19,19,0,22,24334,102,0,22,523,0,0,0,0,0,False,False,False
2016-02-23,0,30,42,0,19,19,0,22,24358,102,0,22,523,0,0,0,0,0,False,False,False
2016-02-24,0,30,42,0,19,19,0,22,24383,102,0,22,523,0,0,0,0,0,False,False,False
2016-02-25,0,30,42,0,19,19,0,22,24407,102,0,22,523,0,0,0,0,0,False,False,False
2016-02-26,0,30,42,0,19,19,0,22,24430,102,0,22,523,0,0,0,0,0,False,False,False
2016-02-27,0,30,42,0,19,19,0,22,24455,102,0,22,523,0,0,0,0,0,False,False,False
2016-02-28,0,30,42,0,19,19,0,22,24479,102,0,22,523,0,0,0,0,0,False,False,False
2016-02-29,0,30,42,0,19,19,0,22,24502,102,0,22,523,0,0,0,0,0,False,False,False
2016-03-01,0,29,42,0,19,19,0,22,24527,102,0,22,523,0,0,0,0,0,False,False,False
2016-03-02,0,30,42,0,19,19,0,22,24551,102,0,22,523,0,0,0,0,0,False,False,False
2016-03-03,0,29,42,0,19,19,0,22,24574,102,0,22,523,0,0,0,0,0,False,False,False
2016-03-04,0,30,42,0,19,19,0,22,24598,102,0,22,523,0,0,0,0,0,False,False,False
2016-03-05,0,30,42,0,19,19,0,22,24623,102,0,22,523,0,0,0,0,0,False,False,False
2016-03-06,0,32,42,0,19,19,0,22,24647,102,0,22,523,0,0,0,0,0,False,False,False
2016-03-07,0,29,42,0,19,19,0,22,24670,102,0,22,523,0,0,0,0,0,False,False,False
2016-03-08,0,29,42,0,19,19,0,22,24695,102,0,22,523,0,0,0,0,0,False,False,False
2016-03-09,0,28,42,0,19,19,0,22,24719,102,0,22,523,0,0,0,0,0,False,False,False
2016-03-10,0,29,42,0,19,19,0,22,24742,102,0,22,523,0,0,0,0,0,False,False,False
2016-03-11,0,29,42,0,19,19,0,22,24767,102,0,22,523,0,0,0,0,0,False,False,False
2016-03-12,0,29,42,0,19,19,0,22,24791,102,0,22,523,0,0,0,0,0,False,False,False
2016-03-13,0,29,42,0,19,19,0,22,24814,102,0,22,523,0,0,0,0,0,False,False,False
2016-03-14,0,29,42,0,19,19,0,22,24838,102,0,22,523,0,0,0,0,0,False,False,False
2016-03-15,0,29,42,0,19,19,0,22,24861,102,0,22,523,0,0,0,0,0,False,False,False
2016-03-16,0,30,42,0,19,19,0,22,24886,102,0,22,523,0,0,0,0,0,False,False,False
2016-03-17,0,30,42,0,19,19,0,22,24909,102,0,22,523,0,0,0,0,0,False,False,False
2016-03-18,0,29,42,0,19,19,0,22,24933,102,0,22,523,0,0,0,0,0,False,False,False
2016-03-19,0,29,42,0,19,19,0,22,24958,102,0,22,523,0,0,0,0,0,False,False,False
2016-03-20,0,29,42,0,19,19,0,22,24982,102,0,22,523,0,0,0,0,0,False,False,False
2016-03-21,0,29,42,0,19,19,0,22,25005,102,0,22,523,0,0,0,0,0,False,False,False
2016-03-22,0,29,42,0,19,19,0,22,25030,102,0,22,523,0,0,0,0,0,False,False,False
2016-03-23,0,30,42,0,19,19,0,22,25054,102,0,22,523,0,0,0,0,0,False,False,False
2016-03-24,0,29,42,0,19,19,0,22,25077,102,0,22,523,0,0,0,0,0,False,False,False
2016-03-25,0,29,42,0,19,19,0,22,25102,102,0,22,523,0,0,0,0,0,False,False,False
2016-03-26,0,30,42,0,19,19,0,22,25126,102,0,22,523,0,0,0,0,0,False,False,False
2016-03-27,0,29,42,0,19,19,0,22,25149,102,0,22,523,0,0,0,0,0,False,False,False
2016-03-28,0,30,42,0,19,19,0,22,25173,102,0,22,523,0,0,0,0,0,False,False,False
2016-03-29,0,29,42,0,19,19,0,22,25198,102,0,22,523,0,0,0,0,0,False,False,False
2016-03-30,0,30,42,0,19,19,0,22,25222,102,0,22,523,0,0,0,0,0,False,False,False
2016-03-31,0,30,42,0,19,19,0,22,25245,102,0,22,523,0,0,0,0,0,False,False,False
2016-04-01,0,30,42,0,19,19,0,22,25270,102,0,22,523,0,0,0,0,0,False,False,False
2016-04-02,0,30,42,0,19,19,0,22,25294,102,0,22,523,0,0,0,0,0,False,False,False
2016-04-03,0,30,42,0,19,19,0,22,25317,102,0,22,523,0,0,0,0,0,False,False,False
2016-04-04,0,30,42,0,19,19,0,22,25342,102,0,22,523,0,0,0,0,0,False,False,False
2016-04-05,0,30,42,0,19,19,0,22,25366,102,0,22,523,0,0,0,0,0,False,False,False
2016-04-06,0,30,42,0,19,19,0,22,25389,102,0,22,523,0,0,0,0,0,False,False,False
2016-04-07,0,30,42,0,19,19,0,22,25413,102,0,22,523,0,0,0,0,0,False,False,False
2016-04-08,0,30,42,0,19,19,0,22,25438,102,0,22,523,0,0,0,0,0,False,False,False
2016-04-09,0,30,42,0,19,19,0,22,25462,102,0,22,523,0,0,0,0,0,False,False,False
2016-04-10,0,30,42,0,19,19,0,22,25485,102,0,22,523,0,0,0,0,0,False,False,False
2016-04-11,0,30,42,0,19,19,0,22,25510,102,0,22,523,0,0,0,0,0,False,False,False
2016-04-12,0,30,42,0,19,19,0,22,25534,102,0,22,523,0,0,0,0,0,False,False,False
2016-04-13,0,30,42,0,19,19,0,22,25557,102,0,22,523,0,0,0,0,0,False,False,False
2016-04-14,0,29,42,0,19,19,0,22,25582,102,0,22,523,0,0,0,0,0,False,False,False
2016-04-15,0,30,42,0,19,19,0,22,25606,102,0,22,523,0,0,0,0,0,False,False,False
2016-04-16,0,30,42,0,19,19,0,22,25629,102,0,22,523,0,0,0,0,0,False,False,False
2016-04-17,0,30,42,0,19,19,0,22,25654,102,0,22,523,0,0,0,0,0,False,False,False
2016-04-18,0,30,42,0,19,19,0,22,25678,102,0,22,523,0,0,0,0,0,False,False,False
2016-04-19,0,29,42,0,19,19,0,22,25702,102,0,22,523,0,0,0,0,0,False,False,False
2016-04-20,0,29,42,0,19,19,0,22,25725,102,0,22,523,0,0,0,0,0,False,False,False
2016-04-21,0,30,42,0,19,19,0,22,25750,102,0,22,523,0,0,0,0,0,False,False,False
2016-04-22,0,29,42,0,19,19,0,22,25774,102,0,22,523,0,0,0,0,0,False,False,False
2016-04-23,0,29,42,0,19,19,0,22,25797,102,0,22,523,0,0,0,0,0,False,False,False
2016-04-24,0,29,42,0,19,19,0,22,25822,102,0,22,523,0,0,0,0,0,False,False,False
2016-04-25,0,29,42,0,19,19,0,22,25846,102,0,22,523,0,0,0,0,0,False,False,False
2016-04-26,0,29,42,0,19,19,0,22,25869,102,0,22,523,0,0,0,0,0,False,False,False
2016-04-27,0,30,42,0,19,19,0,22,25893,102,0,22,523,0,0,0,0,0,False,False,False
2016-04-28,0,30,42,0,19,19,0,22,25918,102,0,22,523,0,0,0,0,0,False,False,False
2016-04-29,0,30,42,0,19,19,0,22,25941,102,0,22,523,0,0,0,0,0,False,False,False
2016-04-30,0,30,42,0,19,19,0,22,25965,102,0,22,523,0,0,0,0,0,False,False,False
2016-05-01,0,30,42,0,19,19,0,22,25990,102,0,22,523,0,0,0,0,0,False,False,False
2016-05-02,0,30,42,0,19,19,0,22,26014,102,0,22,523,0,0,0,0,0,False,False,False
2016-05-03,0,30,42,0,19,19,0,22,26037,102,0,22,523,0,0,0,0,0,False,False,False
2016-05-04,0,31,42,0,19,19,0,22,26062,102,0,22,523,0,0,0,0,0,False,False,False
2016-05-05,0,30,42,0,19,19,0,22,26086,102,0,22,523,0,0,0,0,0,False,False,False
2016-05-06,0,30,42,0,19,19,0,22,26109,102,0,22,523,0,0,0,0,0,False,False,False
2016-05-07,0,30,42,0,19,19,0,22,26133,102,0,22,523,0,0,0,0,0,False,False,False
2016-05-08,0,30,42,0,19,19,0,22,26158,102,0,22,523,0,0,0,0,0,False,False,False
2016-05-09,0,31,42,0,19,19,0,22,26181,102,0,22,523,0,0,0,0,0,False,False,False
2016-05-10,0,31,42,0,19,19,0,22,26206,102,0,22,523,0,0,0,0,0,False,False,False
2016-05-11,0,31,42,0,19,19,0,22,26230,102,0,22,523,0,0,0,0,0,False,False,False
2016-05-12,0,31,42,0,19,19,0,22,26254,102,0,22,523,0,0,0,0,0,False,False,False
2016-05-13,0,31,42,0,19,19,0,22,26277,102,0,22,523,0,0,0,0,0,False,False,False
2016-05-14,0,30,42,0,19,19,0,22,26302,102,0,22,523,0,0,0,0,0,False,False,False
2016-05-15,0,31,42,0,19,19,0,22,26326,102,0,22,523,0,0,0,0,0,False,False,False
2016-05-16,0,31,42,0,19,19,0,22,26349,102,0,22,523,0,0,0,0,0,False,False,False
2016-05-17,0,31,42,0,19,19,0,22,26374,102,0,22,523,0,0,0,0,0,False,False,False
2016-05-18,0,31,42,0,19,19,0,22,26398,102,0,22,523,0,0,0,0,0,False,False,False
2016-05-19,0,31,42,0,19,19,0,22,26421,102,0,22,523,0,0,0,0,0,False,False,False
2016-05-20,0,31,42,0,19,19,0,22,26446,102,0,22,523,0,0,0,0,0,False,False,False
2016-05-21,0,30,42,0,19,19,0,22,26470,102,0,22,523,0,0,0,0,0,False,False,False
2016-05-22,0,31,42,0,19,19,0,22,26494,102,0,22,523,0,0,0,0,0,False,False,False
2016-05-23,0,30,42,0,19,19,0,22,26517,102,0,22,523,0,0,0,0,0,False,False,False
2016-05-24,0,31,42,0,19,19,0,22,26542,102,0,22,523,0,0,0,0,0,False,False,False
2016-05-25,0,31,42,0,19,19,0,22,26566,102,0,22,523,0,0,0,0,0,False,False,False
2016-05-26,0,31,44,0,20,20,0,23,26589,102,0,23,522,0,0,0,0,0,False,False,False
2016-05-27,0,31,44,0,20,20,0,23,26613,102,0,23,522,0,0,0,0,0,False,False,False
2016-05-28,0,31,44,0,20,20,0,23,26638,102,0,23,522,0,0,0,0,0,False,False,False
2016-05-29,0,31,44,0,20,20,0,23,26661,102,0,23,522,0,0,0,0,0,False,False,False
2016-05-30,0,32,44,0,20,20,0,23,26685,102,0,23,522,0,0,0,0,0,False,False,False
2016-05-31,0,32,44,0,20,20,0,23,26710,102,0,23,522,0,0,0,0,0,False,False,False
2016-06-01,0,32,44,0,20,20,0,23,26734,102,0,23,522,0,0,0,0,0,False,False,False
2016-06-02,0,32,44,0,20,20,0,23,26757,102,0,23,522,0,0,0,0,0,False,False,False
2016-06-03,0,32,44,0,20,20,0,23,26781,102,0,23,522,0,0,0,0,0,False,False,False
2016-06-04,0,32,44,0,20,20,0,23,26806,102,0,23,522,0,0,0,0,0,False,False,False
2016-06-05,0,32,44,0,20,20,0,23,26829,102,0,23,522,0,0,0,0,0,False,False,False
2016-06-06,0,32,44,0,20,20,0,23,26853,102,0,23,522,0,0,0,0,0,False,False,False
2016-06-07,0,32,44,0,20,20,0,23,26878,102,0,23,522,0,0,0,0,0,False,False,False
2016-06-08,0,32,44,0,20,20,0,23,26902,102,0,23,522,0,0,0,0,0,False,False,False
2016-06-09,0,32,44,0,20,20,0,23,26925,102,0,23,522,0,0,0,0,0,False,False,False
2016-06-10,0,32,44,0,20,20,0,23,26949,102,0,23,522,0,0,0,0,0,False,False,False
2016-06-11,0,33,44,0,20,20,0,23,26974,102,0,23,522,0,0,0,0,0,False,False,False
2016-06-12,0,32,44,0,20,20,0,23,26997,102,0,23,522,0,0,0,0,0,False,False,False
2016-06-13,0,32,44,0,20,20,0,23,27021,102,0,23,522,0,0,0,0,0,False,False,False
2016-06-14,0,32,44,0,20,20,0,23,27046,102,0,23,522,0,0,0,0,0,False,False,False
2016-06-15,0,31,44,0,20,20,0,23,27069,102,0,23,522,0,0,0,0,0,False,False,False
2016-06-16,0,32,44,0,20,20,0,23,27093,102,0,23,522,0,0,0,0,0,False,False,False
2016-06-17,0,32,44,0,20,20,0,23,27117,102,0,23,522,0,0,0,0,0,False,False,False
2016-06-18,0,32,44,0,20,20,0,23,27142,102,0,23,522,0,0,0,0,0,False,False,False
2016-06-19,0,32,44,0,20,20,0,23,27165,102,0,23,522,0,0,0,0,0,False,False,False
2016-06-20,0,32,44,0,20,20,0,23,27189,102,0,23,522,0,0,0,0,0,False,False,False
2016-06-21,0,34,44,0,20,20,0,23,27214,102,0,23,522,0,0,0,0,0,False,False,False
2016-06-22,0,34,44,0,20,20,0,23,27237,102,0,23,522,0,0,0,0,0,False,False,False
2016-06-23,0,34,44,0,20,20,0,23,27261,102,0,23,522,0,0,0,0,0,False,False,False
2016-06-24,0,33,44,0,20,20,0,23,27286,102,0,23,522,0,0,0,0,0,False,False,False
2016-06-25,0,34,44,0,20,20,0,23,27309,102,0,23,522,0,0,0,0,0,False,False,False
2016-06-26,0,34,44,0,20,20,0,23,27333,102,0,23,522,0,0,0,0,0,False,False,False
2016-06-27,0,34,44,0,20,20,0,23,27358,102,0,23,522,0,0,0,0,0,False,False,False
2016-06-28,0,34,44,0,20,20,0,23,27382,102,0,23,522,0,0,0,0,0,False,False,False
2016-06-29,0,34,44,0,20,20,0,23,27405,102,0,23,522,0,0,0,0,0,False,False,False
2016-06-30,0,34,44,0,20,20,0,23,27429,102,0,23,522,0,0,0,0,0,False,False,False
