date,failure,Smart 194: Temperature_Celsius (Raw Value),Smart 8: Seek_Time_Performance (Raw Value),Smart 1: Raw_Read_Error_Rate (Raw Value),Smart 12: Power_Cycle_Count (Raw Value),Smart 4: Start_Stop_Count (Raw Value),Smart 10: Spin_Retry_Count (Raw Value),Smart 192: Power-Off_Retract_Count (Raw Value),Smart 9: Power_On_Hours (Raw Value),Smart 2: Throughput_Performance (Raw Value),Smart 7: Seek_Error_Rate (Raw Value),Smart 193: Load_Cycle_Count (Raw Value),Smart 3: Spin_Up_Time (Raw Value),Smart 5: Reallocated_Sector_Ct (Raw Value),Smart 197: Current_Pending_Sector (Raw Value),Smart 198: Offline_Uncorrectable (Raw Value),Smart 199: UDMA_CRC_Error_Count (Raw Value),Smart 196: Reallocated_Event_Count (Raw Value),op_fail_30,op_fail_15,op_fail_1
2013-04-10,0,28,,0,,,,,771,,,,,0,0,,,,False,False,False
2013-04-11,0,27,,0,,,,,795,,,,,0,0,,,,False,False,False
2013-04-12,0,27,,0,,,,,819,,,,,0,0,,,,False,False,False
2013-04-13,0,28,,1,,,,,843,,,,,0,0,,,,False,False,False
2013-04-14,0,27,,0,,,,,867,,,,,0,0,,,,False,False,False
2013-04-15,0,27,,0,,,,,891,,,,,0,0,,,,False,False,False
2013-04-16,0,27,,0,,,,,915,,,,,0,0,,,,False,False,False
2013-04-17,0,27,,0,,,,,939,,,,,0,0,,,,False,False,False
2013-04-18,0,28,,0,,,,,963,,,,,0,0,,,,False,False,False
2013-04-19,0,26,,0,,,,,987,,,,,0,0,,,,False,False,False
2013-04-20,0,27,,0,,,,,1011,,,,,0,0,,,,False,False,False
2013-04-21,0,27,,0,,,,,1035,,,,,0,0,,,,False,False,False
2013-04-22,0,27,,0,,,,,1059,,,,,0,0,,,,False,False,False
2013-04-23,0,27,,0,,,,,1083,,,,,0,0,,,,False,False,False
2013-04-24,0,27,,0,,,,,1107,,,,,0,0,,,,False,False,False
2013-04-25,0,27,,0,,,,,1131,,,,,0,0,,,,False,False,False
2013-04-26,0,27,,0,,,,,1155,,,,,0,0,,,,False,False,False
2013-04-27,0,27,,0,,,,,1179,,,,,0,0,,,,False,False,False
2013-04-28,0,27,,0,,,,,1203,,,,,0,0,,,,False,False,False
2013-04-29,0,27,,0,,,,,1227,,,,,0,0,,,,False,False,False
2013-04-30,0,24,,0,,,,,1251,,,,,0,0,,,,False,False,False
2013-05-01,0,24,,0,,,,,1275,,,,,0,0,,,,False,False,False
2013-05-02,0,27,,0,,,,,1299,,,,,0,0,,,,False,False,False
2013-05-03,0,26,,0,,,,,1323,,,,,0,0,,,,False,False,False
2013-05-04,0,26,,0,,,,,1347,,,,,0,0,,,,False,False,False
2013-05-05,0,26,,0,,,,,1371,,,,,0,0,,,,False,False,False
2013-05-06,0,26,,0,,,,,1395,,,,,0,0,,,,False,False,False
2013-05-07,0,26,,1,,,,,1419,,,,,0,0,,,,False,False,False
2013-05-08,0,24,,0,,,,,1443,,,,,0,0,,,,False,False,False
2013-05-09,0,24,,0,,,,,1467,,,,,0,0,,,,False,False,False
2013-05-10,0,24,,0,,,,,1491,,,,,0,0,,,,False,False,False
2013-05-11,0,24,,0,,,,,1515,,,,,0,0,,,,False,False,False
2013-05-12,0,24,,0,,,,,1539,,,,,0,0,,,,False,False,False
2013-05-13,0,24,,0,,,,,1563,,,,,0,0,,,,False,False,False
2013-05-14,0,24,,0,,,,,1587,,,,,0,0,,,,False,False,False
2013-05-15,0,24,,0,,,,,1611,,,,,0,0,,,,False,False,False
2013-05-16,0,24,,0,,,,,1635,,,,,0,0,,,,False,False,False
2013-05-17,0,25,,0,,,,,1659,,,,,0,0,,,,False,False,False
2013-05-18,0,25,,0,,,,,1683,,,,,0,0,,,,False,False,False
2013-05-19,0,25,,0,,,,,1707,,,,,0,0,,,,False,False,False
2013-05-20,0,25,,0,,,,,1731,,,,,0,0,,,,False,False,False
2013-05-21,0,25,,0,,,,,1755,,,,,0,0,,,,False,False,False
2013-05-22,0,25,,0,,,,,1779,,,,,0,0,,,,False,False,False
2013-05-23,0,24,,196608,,,,,1803,,,,,0,0,,,,False,False,False
2013-05-24,0,25,,0,,,,,1827,,,,,0,0,,,,False,False,False
2013-05-25,0,30,,0,,,,,1851,,,,,0,0,,,,False,False,False
2013-05-26,0,25,,0,,,,,1875,,,,,0,0,,,,False,False,False
2013-05-27,0,25,,0,,,,,1899,,,,,0,0,,,,False,False,False
2013-05-28,0,25,,0,,,,,1923,,,,,0,0,,,,False,False,False
2013-05-29,0,25,,0,,,,,1947,,,,,0,0,,,,False,False,False
2013-05-30,0,27,,0,,,,,1971,,,,,0,0,,,,False,False,False
2013-05-31,0,25,,0,,,,,1995,,,,,0,0,,,,False,False,False
2013-06-01,0,25,,0,,,,,2019,,,,,0,0,,,,False,False,False
2013-06-02,0,25,,0,,,,,2043,,,,,0,0,,,,False,False,False
2013-06-03,0,24,,0,,,,,2067,,,,,0,0,,,,False,False,False
2013-06-04,0,24,,0,,,,,2091,,,,,0,0,,,,False,False,False
2013-06-05,0,25,,0,,,,,2115,,,,,0,0,,,,False,False,False
2013-06-06,0,28,,0,,,,,2139,,,,,0,0,,,,False,False,False
2013-06-07,0,26,,0,,,,,2163,,,,,0,0,,,,False,False,False
2013-06-08,0,26,,0,,,,,2187,,,,,0,0,,,,False,False,False
2013-06-09,0,26,,0,,,,,2211,,,,,0,0,,,,False,False,False
2013-06-10,0,26,,0,,,,,2235,,,,,0,0,,,,False,False,False
2013-06-11,0,26,,0,,,,,2259,,,,,0,0,,,,False,False,False
2013-06-12,0,25,,65536,,,,,2283,,,,,0,0,,,,False,False,False
2013-06-13,0,24,,0,,,,,2307,,,,,0,0,,,,False,False,False
2013-06-14,0,24,,0,,,,,2330,,,,,0,0,,,,False,False,False
2013-06-15,0,24,,0,,,,,2355,,,,,0,0,,,,False,False,False
2013-06-16,0,24,,0,,,,,2379,,,,,0,0,,,,False,False,False
2013-06-17,0,27,,0,,,,,2403,,,,,0,0,,,,False,False,False
2013-06-18,0,27,,0,,,,,2427,,,,,0,0,,,,False,False,False
2013-06-19,0,27,,0,,,,,2451,,,,,0,0,,,,False,False,False
2013-06-20,0,27,,0,,,,,2475,,,,,0,0,,,,False,False,False
2013-06-21,0,27,,0,,,,,2499,,,,,0,0,,,,False,False,False
2013-06-22,0,27,,0,,,,,2523,,,,,0,0,,,,False,False,False
2013-06-23,0,25,,0,,,,,2547,,,,,0,0,,,,False,False,False
2013-06-24,0,25,,0,,,,,2571,,,,,0,0,,,,False,False,False
2013-06-25,0,25,,0,,,,,2595,,,,,0,0,,,,False,False,False
2013-06-26,0,25,,0,,,,,2619,,,,,0,0,,,,False,False,False
2013-06-27,0,25,,0,,,,,2643,,,,,0,0,,,,False,False,False
2013-06-28,0,25,,0,,,,,2667,,,,,0,0,,,,False,False,False
2013-06-29,0,25,,0,,,,,2691,,,,,0,0,,,,False,False,False
2013-06-30,0,25,,0,,,,,2715,,,,,0,0,,,,False,False,False
2013-07-01,0,26,,0,,,,,2739,,,,,0,0,,,,False,False,False
2013-07-02,0,25,,0,,,,,2763,,,,,0,0,,,,False,False,False
2013-07-03,0,26,,0,,,,,2787,,,,,0,0,,,,False,False,False
2013-07-04,0,25,,0,,,,,2811,,,,,0,0,,,,False,False,False
2013-07-05,0,26,,0,,,,,2835,,,,,0,0,,,,False,False,False
2013-07-06,0,26,,0,,,,,2859,,,,,0,0,,,,False,False,False
2013-07-07,0,25,,0,,,,,2883,,,,,0,0,,,,False,False,False
2013-07-08,0,26,,0,,,,,2907,,,,,0,0,,,,False,False,False
2013-07-09,0,25,,0,,,,,2931,,,,,0,0,,,,False,False,False
2013-07-10,0,26,,0,,,,,2955,,,,,0,0,,,,False,False,False
2013-07-11,0,25,,0,,,,,2979,,,,,0,0,,,,False,False,False
2013-07-12,0,25,,0,,,,,3003,,,,,0,0,,,,False,False,False
2013-07-13,0,25,,0,,,,,3027,,,,,0,0,,,,False,False,False
2013-07-14,0,25,,0,,,,,3051,,,,,0,0,,,,False,False,False
2013-07-15,0,25,,0,,,,,3075,,,,,0,0,,,,False,False,False
2013-07-16,0,26,,0,,,,,3099,,,,,0,0,,,,False,False,False
2013-07-17,0,25,,0,,,,,3123,,,,,0,0,,,,False,False,False
2013-07-18,0,27,,0,,,,,3147,,,,,0,0,,,,False,False,False
2013-07-19,0,25,,0,,,,,3171,,,,,0,0,,,,False,False,False
2013-07-20,0,26,,0,,,,,3195,,,,,0,0,,,,False,False,False
2013-07-21,0,26,,0,,,,,3219,,,,,0,0,,,,False,False,False
2013-07-22,0,25,,0,,,,,3243,,,,,0,0,,,,False,False,False
2013-07-23,0,25,,0,,,,,3267,,,,,0,0,,,,False,False,False
2013-07-24,0,25,,0,,,,,3291,,,,,0,0,,,,False,False,False
2013-07-25,0,25,,0,,,,,3315,,,,,0,0,,,,False,False,False
2013-07-26,0,25,,0,,,,,3339,,,,,0,0,,,,False,False,False
2013-07-27,0,24,,0,,,,,3363,,,,,0,0,,,,False,False,False
2013-07-28,0,25,,0,,,,,3387,,,,,0,0,,,,False,False,False
2013-07-29,0,25,,0,,,,,3411,,,,,0,0,,,,False,False,False
2013-07-30,0,25,,0,,,,,3435,,,,,0,0,,,,False,False,False
2013-07-31,0,25,,65536,,,,,3459,,,,,0,0,,,,False,False,False
2013-08-01,0,25,,0,,,,,3483,,,,,0,0,,,,False,False,False
2013-08-02,0,25,,0,,,,,3507,,,,,0,0,,,,False,False,False
2013-08-03,0,25,,0,,,,,3531,,,,,0,0,,,,False,False,False
2013-08-04,0,25,,0,,,,,3555,,,,,0,0,,,,False,False,False
2013-08-05,0,25,,0,,,,,3579,,,,,0,0,,,,False,False,False
2013-08-06,0,25,,0,,,,,3603,,,,,0,0,,,,False,False,False
2013-08-07,0,25,,0,,,,,3627,,,,,0,0,,,,False,False,False
2013-08-08,0,25,,0,,,,,3651,,,,,0,0,,,,False,False,False
2013-08-09,0,25,,0,,,,,3675,,,,,0,0,,,,False,False,False
2013-08-10,0,25,,0,,,,,3699,,,,,0,0,,,,False,False,False
2013-08-11,0,25,,0,,,,,3723,,,,,0,0,,,,False,False,False
2013-08-12,0,25,,0,,,,,3747,,,,,0,0,,,,False,False,False
2013-08-13,0,25,,0,,,,,3771,,,,,0,0,,,,False,False,False
2013-08-14,0,25,,0,,,,,3795,,,,,0,0,,,,False,False,False
2013-08-15,0,25,,0,,,,,3819,,,,,0,0,,,,False,False,False
2013-08-16,0,26,,0,,,,,3843,,,,,0,0,,,,False,False,False
2013-08-17,0,26,,0,,,,,3867,,,,,0,0,,,,False,False,False
2013-08-18,0,25,,0,,,,,3891,,,,,0,0,,,,False,False,False
2013-08-19,0,25,,0,,,,,3915,,,,,0,0,,,,False,False,False
2013-10-15,0,25,,0,,,,,5283,,,,,0,0,,,,False,False,False
2013-10-16,0,26,,0,,,,,5307,,,,,0,0,,,,False,False,False
2013-10-17,0,26,,1,,,,,5331,,,,,0,0,,,,False,False,False
2013-10-18,0,26,,0,,,,,5355,,,,,0,0,,,,False,False,False
2013-10-19,0,26,,0,,,,,5379,,,,,0,0,,,,False,False,False
2013-10-20,0,26,,0,,,,,5403,,,,,0,0,,,,False,False,False
2013-10-21,0,26,,0,,,,,5427,,,,,0,0,,,,False,False,False
2013-10-22,0,26,,0,,,,,5451,,,,,0,0,,,,False,False,False
2013-10-23,0,26,,0,,,,,5475,,,,,0,0,,,,False,False,False
2013-10-24,0,26,,0,,,,,5499,,,,,0,0,,,,False,False,False
2013-10-25,0,26,,0,,,,,5521,,,,,0,0,,,,False,False,False
2013-10-26,0,26,,0,,,,,5545,,,,,0,0,,,,False,False,False
2013-10-27,0,26,,0,,,,,5569,,,,,0,0,,,,False,False,False
2013-10-28,0,26,,0,,,,,5593,,,,,0,0,,,,False,False,False
2013-10-29,0,26,,0,,,,,5617,,,,,0,0,,,,False,False,False
2013-10-30,0,26,,0,,,,,5641,,,,,0,0,,,,False,False,False
2013-10-31,0,26,,0,,,,,5665,,,,,0,0,,,,False,False,False
2013-11-01,0,26,,0,,,,,5689,,,,,0,0,,,,False,False,False
2013-11-02,0,26,,0,,,,,5713,,,,,0,0,,,,False,False,False
2013-11-03,0,26,,0,,,,,5737,,,,,0,0,,,,False,False,False
2013-11-04,0,24,,0,,,,,5762,,,,,0,0,,,,False,False,False
2013-11-05,0,25,,0,,,,,5786,,,,,0,0,,,,False,False,False
2013-11-06,0,26,,0,,,,,5810,,,,,0,0,,,,False,False,False
2013-11-07,0,26,,0,,,,,5834,,,,,0,0,,,,False,False,False
2013-11-08,0,25,,0,,,,,5858,,,,,0,0,,,,False,False,False
2013-11-09,0,24,,0,,,,,5882,,,,,0,0,,,,False,False,False
2013-11-10,0,25,,65536,,,,,5906,,,,,0,0,,,,False,False,False
2013-11-11,0,25,,0,,,,,5930,,,,,0,0,,,,False,False,False
2013-11-12,0,25,,0,,,,,5954,,,,,0,0,,,,False,False,False
2013-11-13,0,25,,0,,,,,5978,,,,,0,0,,,,False,False,False
2013-11-14,0,25,,0,,,,,6002,,,,,0,0,,,,False,False,False
2013-11-15,0,25,,0,,,,,6026,,,,,0,0,,,,False,False,False
2013-11-16,0,24,,0,,,,,6050,,,,,0,0,,,,False,False,False
2013-11-17,0,25,,0,,,,,6074,,,,,0,0,,,,False,False,False
2013-11-18,0,27,,2,,,,,6098,,,,,0,0,,,,False,False,False
2013-11-19,0,25,,0,,,,,6122,,,,,0,0,,,,False,False,False
2013-11-20,0,25,,2,,,,,6146,,,,,0,0,,,,False,False,False
2013-11-21,0,25,,0,,,,,6170,,,,,0,0,,,,False,False,False
2013-11-22,0,25,,0,,,,,6194,,,,,0,0,,,,False,False,False
2013-11-23,0,24,,0,,,,,6218,,,,,0,0,,,,False,False,False
2013-11-24,0,24,,0,,,,,6242,,,,,0,0,,,,False,False,False
2013-11-25,0,24,,0,,,,,6266,,,,,0,0,,,,False,False,False
2013-11-26,0,25,,0,,,,,6290,,,,,0,0,,,,False,False,False
2013-11-27,0,26,,0,,,,,6314,,,,,0,0,,,,False,False,False
2013-11-28,0,27,,0,,,,,6338,,,,,0,0,,,,False,False,False
2013-11-29,0,25,,0,,,,,6362,,,,,0,0,,,,False,False,False
2013-11-30,0,26,,0,,,,,6386,,,,,0,0,,,,False,False,False
2013-12-01,0,25,,0,,,,,6410,,,,,0,0,,,,False,False,False
2013-12-02,0,25,,131072,,,,,6434,,,,,0,0,,,,False,False,False
2013-12-03,0,26,,0,,,,,6458,,,,,0,0,,,,False,False,False
2013-12-04,0,25,,0,,,,,6482,,,,,0,0,,,,False,False,False
2013-12-05,0,25,,196608,,,,,6506,,,,,0,0,,,,False,False,False
2013-12-06,0,25,,0,,,,,6530,,,,,0,0,,,,False,False,False
2013-12-07,0,25,,0,,,,,6554,,,,,0,0,,,,False,False,False
2013-12-08,0,24,,0,,,,,6578,,,,,0,0,,,,False,False,False
2013-12-09,0,24,,0,,,,,6602,,,,,0,0,,,,False,False,False
2013-12-10,0,25,,0,,,,,6626,,,,,0,0,,,,False,False,False
2013-12-11,0,23,,0,,,,,6650,,,,,0,0,,,,False,False,False
2013-12-12,0,23,,0,,,,,6674,,,,,0,0,,,,False,False,False
2013-12-13,0,26,,0,,,,,6698,,,,,0,0,,,,False,False,False
2013-12-14,0,25,,0,,,,,6722,,,,,0,0,,,,False,False,False
2013-12-15,0,25,,0,,,,,6746,,,,,0,0,,,,False,False,False
2013-12-16,0,25,,0,,,,,6770,,,,,0,0,,,,False,False,False
2013-12-17,0,25,,0,,,,,6794,,,,,0,0,,,,False,False,False
2013-12-18,0,26,,131072,,,,,6815,,,,,0,0,,,,False,False,False
2013-12-19,0,26,,0,,,,,6839,,,,,0,0,,,,False,False,False
2013-12-20,0,25,,0,,,,,6863,,,,,0,0,,,,False,False,False
2013-12-21,0,25,,0,,,,,6887,,,,,0,0,,,,False,False,False
2013-12-22,0,25,,0,,,,,6911,,,,,0,0,,,,False,False,False
2013-12-23,0,25,,0,,,,,6935,,,,,0,0,,,,False,False,False
2013-12-24,0,26,,0,,,,,6959,,,,,0,0,,,,False,False,False
2013-12-25,0,26,,0,,,,,6983,,,,,0,0,,,,False,False,False
2013-12-26,0,26,,0,,,,,7007,,,,,0,0,,,,False,False,False
2013-12-27,0,26,,0,,,,,7031,,,,,0,0,,,,False,False,False
2013-12-28,0,25,,0,,,,,7055,,,,,0,0,,,,False,False,False
2013-12-29,0,25,,0,,,,,7079,,,,,0,0,,,,False,False,False
2013-12-30,0,25,,0,,,,,7103,,,,,0,0,,,,False,False,False
2013-12-31,0,25,,0,,,,,7127,,,,,0,0,,,,False,False,False
2014-01-01,0,25,,0,,,,,7151,,,,,0,0,,,,False,False,False
2014-01-02,0,25,,0,,,,,7175,,,,,0,0,,,,False,False,False
2014-01-03,0,25,,0,,,,,7199,,,,,0,0,,,,False,False,False
2014-01-04,0,25,,0,,,,,7223,,,,,0,0,,,,False,False,False
2014-01-05,0,25,,65536,,,,,7247,,,,,0,0,,,,False,False,False
2014-01-06,0,25,,0,,,,,7271,,,,,0,0,,,,False,False,False
2014-01-07,0,25,,0,,,,,7295,,,,,0,0,,,,False,False,False
2014-01-08,0,25,,0,,,,,7319,,,,,0,0,,,,False,False,False
2014-01-09,0,25,,0,,,,,7343,,,,,0,0,,,,False,False,False
2014-01-10,0,26,,0,,,,,7367,,,,,0,0,,,,False,False,False
2014-01-11,0,25,,0,,,,,7391,,,,,0,0,,,,False,False,False
2014-01-12,0,27,,0,,,,,7415,,,,,0,0,,,,False,False,False
2014-01-13,0,25,,0,,,,,7439,,,,,0,0,,,,False,False,False
2014-01-14,0,25,,0,,,,,7463,,,,,0,0,,,,False,False,False
2014-01-15,0,25,,0,,,,,7487,,,,,0,0,,,,False,False,False
2014-01-16,0,25,,0,,,,,7511,,,,,0,0,,,,False,False,False
2014-01-17,0,25,,0,,,,,7535,,,,,0,0,,,,False,False,False
2014-01-18,0,25,,0,,,,,7559,,,,,0,0,,,,False,False,False
2014-01-19,0,25,,0,,,,,7583,,,,,0,0,,,,False,False,False
2014-01-20,0,25,,0,,,,,7607,,,,,0,0,,,,False,False,False
2014-01-21,0,25,,0,,,,,7631,,,,,0,0,,,,False,False,False
2014-01-22,0,25,,0,,,,,7655,,,,,0,0,,,,False,False,False
2014-01-23,0,25,,0,,,,,7679,,,,,0,0,,,,False,False,False
2014-01-24,0,25,,1,,,,,7703,,,,,0,0,,,,False,False,False
2014-01-25,0,25,,0,,,,,7727,,,,,0,0,,,,False,False,False
2014-01-26,0,25,,0,,,,,7751,,,,,0,0,,,,False,False,False
2014-01-27,0,25,,0,,,,,7775,,,,,0,0,,,,False,False,False
2014-01-28,0,25,,0,,,,,7799,,,,,0,0,,,,False,False,False
2014-01-29,0,26,,0,,,,,7823,,,,,0,0,,,,False,False,False
2014-01-30,0,26,,0,,,,,7847,,,,,0,0,,,,False,False,False
2014-01-31,0,26,,0,,,,,7871,,,,,0,0,,,,False,False,False
2014-02-01,0,26,,0,,,,,7895,,,,,0,0,,,,False,False,False
2014-02-02,0,25,,0,,,,,7919,,,,,0,0,,,,False,False,False
2014-02-03,0,25,,0,,,,,7943,,,,,0,0,,,,False,False,False
2014-02-04,0,25,,3,,,,,7967,,,,,0,0,,,,False,False,False
2014-02-05,0,25,,0,,,,,7991,,,,,0,0,,,,False,False,False
2014-02-06,0,25,,0,,,,,8015,,,,,0,0,,,,False,False,False
2014-02-07,0,25,,0,,,,,8039,,,,,0,0,,,,False,False,False
2014-02-08,0,25,,0,,,,,8063,,,,,0,0,,,,False,False,False
2014-02-09,0,26,,0,,,,,8087,,,,,0,0,,,,False,False,False
2014-02-10,0,26,,0,,,,,8111,,,,,0,0,,,,False,False,False
2014-02-11,0,25,,0,,,,,8135,,,,,0,0,,,,False,False,False
2014-02-12,0,25,,0,,,,,8160,,,,,0,0,,,,False,False,False
2014-02-13,0,26,,0,,,,,8183,,,,,0,0,,,,False,False,False
2014-02-14,0,26,43,0,11,11,0,15,8207,97,0,15,564,0,0,0,0,0,False,False,False
2014-02-15,0,26,43,0,11,11,0,15,8231,97,0,15,564,0,0,0,0,0,False,False,False
2014-02-16,0,26,43,0,11,11,0,15,8255,97,0,15,564,0,0,0,0,0,False,False,False
2014-02-17,0,25,43,0,11,11,0,15,8279,97,0,15,564,0,0,0,0,0,False,False,False
2014-02-18,0,25,43,0,11,11,0,15,8303,97,0,15,564,0,0,0,0,0,False,False,False
2014-02-19,0,25,43,0,11,11,0,15,8327,97,0,15,564,0,0,0,0,0,False,False,False
2014-02-20,0,26,43,0,11,11,0,15,8351,97,0,15,564,0,0,0,0,0,False,False,False
2014-02-21,0,25,43,0,11,11,0,15,8375,97,0,15,564,0,0,0,0,0,False,False,False
2014-02-22,0,25,43,0,11,11,0,15,8399,97,0,15,564,0,0,0,0,0,False,False,False
2014-02-23,0,27,43,0,11,11,0,15,8423,97,0,15,564,0,0,0,0,0,False,False,False
2014-02-24,0,25,43,0,11,11,0,15,8447,97,0,15,564,0,0,0,0,0,False,False,False
2014-02-25,0,25,43,0,11,11,0,15,8471,97,0,15,564,0,0,0,0,0,False,False,False
2014-02-26,0,25,43,0,11,11,0,15,8495,97,0,15,564,0,0,0,0,0,False,False,False
2014-02-27,0,26,43,0,11,11,0,15,8519,97,0,15,564,0,0,0,0,0,False,False,False
2014-02-28,0,26,42,0,12,12,0,16,8543,97,0,16,564,0,0,0,0,0,False,False,False
2014-03-01,0,26,42,0,12,12,0,16,8567,97,0,16,564,0,0,0,0,0,False,False,False
2014-03-02,0,25,42,0,12,12,0,16,8591,97,0,16,564,0,0,0,0,0,False,False,False
2014-03-03,0,26,42,0,12,12,0,16,8614,97,0,16,564,0,0,0,0,0,False,False,False
2014-03-04,0,25,42,0,12,12,0,16,8639,97,0,16,564,0,0,0,0,0,False,False,False
2014-03-05,0,25,42,0,12,12,0,16,8663,97,0,16,564,0,0,0,0,0,False,False,False
2014-03-06,0,25,42,0,12,12,0,16,8686,97,0,16,564,0,0,0,0,0,False,False,False
2014-03-07,0,25,42,0,12,12,0,16,8711,97,0,16,564,0,0,0,0,0,False,False,False
2014-03-08,0,25,42,0,12,12,0,16,8735,97,0,16,564,0,0,0,0,0,False,False,False
2014-03-09,0,25,42,0,12,12,0,16,8758,97,0,16,564,0,0,0,0,0,False,False,False
2014-03-10,0,25,42,0,12,12,0,16,8783,97,0,16,564,0,0,0,0,0,False,False,False
2014-03-11,0,25,42,65536,12,12,0,16,8805,97,0,16,564,0,0,0,0,0,False,False,False
2014-03-12,0,24,42,0,12,12,0,16,8830,97,0,16,564,0,0,0,0,0,False,False,False
2014-03-13,0,24,42,0,12,12,0,16,8854,97,0,16,564,0,0,0,0,0,False,False,False
2014-03-14,0,24,42,0,12,12,0,16,8877,97,0,16,564,0,0,0,0,0,False,False,False
2014-03-15,0,25,42,0,12,12,0,16,8902,97,0,16,564,0,0,0,0,0,False,False,False
2014-03-16,0,25,42,0,12,12,0,16,8926,97,0,16,564,0,0,0,0,0,False,False,False
2014-03-17,0,25,42,0,12,12,0,16,8949,97,0,16,564,0,0,0,0,0,False,False,False
2014-03-18,0,24,42,0,12,12,0,16,8974,97,0,16,564,0,0,0,0,0,False,False,False
2014-03-19,0,24,42,0,12,12,0,16,8998,97,0,16,564,0,0,0,0,0,False,False,False
2014-03-20,0,25,42,0,12,12,0,16,9021,97,0,16,564,0,0,0,0,0,False,False,False
2014-03-21,0,25,42,0,12,12,0,16,9045,97,0,16,564,0,0,0,0,0,False,False,False
2014-03-22,0,25,42,0,12,12,0,16,9070,97,0,16,564,0,0,0,0,0,False,False,False
2014-03-23,0,24,42,0,12,12,0,16,9093,97,0,16,564,0,0,0,0,0,False,False,False
2014-03-24,0,25,42,0,12,12,0,16,9117,97,0,16,564,0,0,0,0,0,False,False,False
2014-03-25,0,25,42,0,12,12,0,16,9142,97,0,16,564,0,0,0,0,0,False,False,False
2014-03-26,0,25,42,0,12,12,0,16,9166,97,0,16,564,0,0,0,0,0,False,False,False
2014-03-27,0,25,42,0,12,12,0,16,9189,97,0,16,564,0,0,0,0,0,False,False,False
2014-03-28,0,25,42,0,12,12,0,16,9214,97,0,16,564,0,0,0,0,0,False,False,False
2014-03-29,0,25,42,0,12,12,0,16,9238,97,0,16,564,0,0,0,0,0,False,False,False
2014-03-30,0,24,42,0,12,12,0,16,9261,97,0,16,564,0,0,0,0,0,False,False,False
2014-03-31,0,25,42,0,12,12,0,16,9286,97,0,16,564,0,0,0,0,0,False,False,False
2014-04-01,0,24,42,1,12,12,0,16,9310,97,0,16,564,0,0,0,0,0,False,False,False
2014-04-02,0,24,42,0,12,12,0,16,9333,97,0,16,564,0,0,0,0,0,False,False,False
2014-04-03,0,24,42,0,12,12,0,16,9357,97,0,16,564,0,0,0,0,0,False,False,False
2014-04-04,0,25,42,0,12,12,0,16,9382,97,0,16,564,0,0,0,0,0,False,False,False
2014-04-05,0,25,42,0,12,12,0,16,9406,97,0,16,564,0,0,0,0,0,False,False,False
2014-04-06,0,25,42,0,12,12,0,16,9429,97,0,16,564,0,0,0,0,0,False,False,False
2014-04-07,0,25,42,0,12,12,0,16,9454,97,0,16,564,0,0,0,0,0,False,False,False
2014-04-08,0,25,42,0,12,12,0,16,9478,97,0,16,564,0,0,0,0,0,False,False,False
2014-04-09,0,25,42,0,12,12,0,16,9501,97,0,16,564,0,0,0,0,0,False,False,False
2014-04-10,0,25,42,0,12,12,0,16,9526,97,0,16,564,0,0,0,0,0,False,False,False
2014-04-11,0,25,42,0,12,12,0,16,9550,97,0,16,564,0,0,0,0,0,False,False,False
2014-04-12,0,25,42,1,12,12,0,16,9573,97,0,16,564,0,0,0,0,0,False,False,False
2014-04-13,0,26,42,0,12,12,0,16,9598,97,0,16,564,0,0,0,0,0,False,False,False
2014-04-14,0,25,42,0,12,12,0,16,9622,97,0,16,564,0,0,0,0,0,False,False,False
2014-04-15,0,25,42,0,12,12,0,16,9646,97,0,16,564,0,0,0,0,0,False,False,False
2014-04-16,0,25,42,0,12,12,0,16,9669,97,0,16,564,0,0,0,0,0,False,False,False
2014-04-17,0,25,42,0,12,12,0,16,9694,97,0,16,564,0,0,0,0,0,False,False,False
2014-04-18,0,25,42,0,12,12,0,16,9718,97,0,16,564,0,0,0,0,0,False,False,False
2014-04-19,0,25,42,1,12,12,0,16,9741,97,0,16,564,0,0,0,0,0,False,False,False
2014-04-20,0,25,42,0,12,12,0,16,9766,97,0,16,564,0,0,0,0,0,False,False,False
2014-04-21,0,25,42,0,12,12,0,16,9790,97,0,16,564,0,0,0,0,0,False,False,False
2014-04-22,0,25,42,0,12,12,0,16,9813,97,0,16,564,0,0,0,0,0,False,False,False
2014-04-23,0,25,42,0,12,12,0,16,9838,97,0,16,564,0,0,0,0,0,False,False,False
2014-04-24,0,25,42,0,12,12,0,16,9862,97,0,16,564,0,0,0,0,0,False,False,False
2014-04-25,0,25,42,0,12,12,0,16,9885,97,0,16,564,0,0,0,0,0,False,False,False
2014-04-26,0,25,42,65536,12,12,0,16,9910,97,0,16,564,0,0,0,0,0,False,False,False
2014-04-27,0,25,42,1,12,12,0,16,9934,97,0,16,564,0,0,0,0,0,False,False,False
2014-04-28,0,25,42,0,12,12,0,16,9958,97,0,16,564,0,0,0,0,0,False,False,False
2014-04-29,0,25,42,0,12,12,0,16,9981,97,0,16,564,0,0,0,0,0,False,False,False
2014-04-30,0,25,42,0,12,12,0,16,10006,97,0,16,564,0,0,0,0,0,False,False,False
2014-05-01,0,25,42,0,12,12,0,16,10030,97,0,16,564,0,0,0,0,0,False,False,False
2014-05-02,0,25,42,0,12,12,0,16,10053,97,0,16,564,0,0,0,0,0,False,False,False
2014-05-03,0,25,42,1,12,12,0,16,10078,97,0,16,564,0,0,0,0,0,False,False,False
2014-05-04,0,26,42,0,12,12,0,16,10102,97,0,16,564,0,0,0,0,0,False,False,False
2014-05-05,0,26,42,1,12,12,0,16,10125,97,0,16,564,0,0,0,0,0,False,False,False
2014-05-06,0,26,42,0,12,12,0,16,10150,97,0,16,564,0,0,0,0,0,False,False,False
2014-05-07,0,26,42,0,12,12,0,16,10174,97,0,16,564,0,0,0,0,0,False,False,False
2014-05-08,0,26,42,0,12,12,0,16,10198,97,0,16,564,0,0,0,0,0,False,False,False
2014-05-09,0,26,42,0,12,12,0,16,10222,97,0,16,564,0,0,0,0,0,False,False,False
2014-05-10,0,25,42,0,12,12,0,16,10246,97,0,16,564,0,0,0,0,0,False,False,False
2014-05-11,0,25,42,0,12,12,0,16,10270,97,0,16,564,0,0,0,0,0,False,False,False
2014-05-12,0,26,42,65536,12,12,0,16,10293,97,0,16,564,0,0,0,0,0,False,False,False
2014-05-13,0,26,42,65536,12,12,0,16,10318,97,0,16,564,0,0,0,0,0,False,False,False
2014-05-14,0,26,42,2,12,12,0,16,10342,97,0,16,564,0,0,0,0,0,False,False,False
2014-05-15,0,26,42,0,12,12,0,16,10365,97,0,16,564,0,0,0,0,0,False,False,False
2014-05-16,0,26,42,0,12,12,0,16,10390,97,0,16,564,0,0,0,0,0,False,False,False
2014-05-17,0,25,42,0,12,12,0,16,10414,97,0,16,564,0,0,0,0,0,False,False,False
2014-05-18,0,25,42,0,12,12,0,16,10438,97,0,16,564,0,0,0,0,0,False,False,False
2014-05-19,0,25,42,1,12,12,0,16,10462,97,0,16,564,0,0,0,0,0,False,False,False
2014-05-20,0,25,42,0,12,12,0,16,10486,97,0,16,564,0,0,0,0,0,False,False,False
2014-05-21,0,25,42,0,12,12,0,16,10510,97,0,16,564,0,0,0,0,0,False,False,False
2014-05-22,0,25,42,0,12,12,0,16,10533,97,0,16,564,0,0,0,0,0,False,False,False
2014-05-23,0,25,42,0,12,12,0,16,10558,97,0,16,564,0,0,0,0,0,False,False,False
2014-05-24,0,25,42,0,12,12,0,16,10582,97,0,16,564,0,0,0,0,0,False,False,False
2014-05-25,0,25,42,917514,12,12,0,16,10605,97,0,16,564,0,0,0,0,0,False,False,False
2014-05-26,0,25,42,0,12,12,0,16,10630,97,0,16,564,0,0,0,0,0,False,False,False
2014-05-27,0,25,42,2,12,12,0,16,10654,97,0,16,564,0,0,0,0,0,False,False,False
2014-05-28,0,25,42,0,12,12,0,16,10678,97,0,16,564,0,0,0,0,0,False,False,False
2014-05-29,0,24,42,0,12,12,0,16,10702,97,0,16,564,0,0,0,0,0,False,False,False
2014-05-30,0,24,42,65536,12,12,0,16,10726,97,0,16,564,0,0,0,0,0,False,False,False
2014-05-31,0,24,42,0,12,12,0,16,10750,97,0,16,564,0,0,0,0,0,False,False,False
2014-06-01,0,25,42,0,12,12,0,16,10773,97,0,16,564,0,0,0,0,0,False,False,False
2014-06-02,0,24,42,0,12,12,0,16,10798,97,0,16,564,0,0,0,0,0,False,False,False
2014-06-03,0,24,42,1,12,12,0,16,10822,97,0,16,564,0,0,0,0,0,False,False,False
2014-06-04,0,24,42,65537,12,12,0,16,10845,97,0,16,564,0,0,0,0,0,False,False,False
2014-06-05,0,24,42,0,12,12,0,16,10870,97,0,16,564,0,0,0,0,0,False,False,False
2014-06-06,0,24,42,65536,12,12,0,16,10894,97,0,16,564,0,0,0,0,0,False,False,False
2014-06-07,0,24,42,0,12,12,0,16,10917,97,0,16,564,0,0,0,0,0,False,False,False
2014-06-08,0,24,42,2,12,12,0,16,10942,97,0,16,564,0,0,0,0,0,False,False,False
2014-06-09,0,24,42,0,12,12,0,16,10966,97,0,16,564,0,0,0,0,0,False,False,False
2014-06-10,0,25,42,0,12,12,0,16,10990,97,0,16,564,0,0,0,0,0,False,False,False
2014-06-11,0,24,42,0,12,12,0,16,11014,97,0,16,564,0,0,0,0,0,False,False,False
2014-06-12,0,24,42,65537,12,12,0,16,11038,97,0,16,564,0,0,0,0,0,False,False,False
2014-06-13,0,24,42,0,12,12,0,16,11062,97,0,16,564,0,0,0,0,0,False,False,False
2014-06-14,0,24,42,0,12,12,0,16,11085,97,0,16,564,0,0,0,0,0,False,False,False
2014-06-15,0,24,42,0,12,12,0,16,11110,97,0,16,564,0,0,0,0,0,False,False,False
2014-06-16,0,25,42,0,12,12,0,16,11134,97,0,16,564,0,0,0,0,0,False,False,False
2014-06-17,0,24,42,65538,12,12,0,16,11157,97,0,16,564,0,0,0,0,0,False,False,False
2014-06-18,0,24,42,0,12,12,0,16,11182,97,0,16,564,0,0,0,0,0,False,False,False
2014-06-19,0,24,42,65536,12,12,0,16,11206,97,0,16,564,0,0,0,0,0,False,False,False
2014-06-20,0,25,42,65536,12,12,0,16,11230,97,0,16,564,0,0,0,0,0,False,False,False
2014-06-23,0,25,42,65536,12,12,0,16,11302,97,0,16,564,0,0,0,0,0,False,False,False
2014-06-24,0,24,42,0,12,12,0,16,11326,97,0,16,564,0,0,0,0,0,False,False,False
2014-06-25,0,25,42,0,12,12,0,16,11350,97,0,16,564,0,0,0,0,0,False,False,False
2014-06-26,0,24,42,0,12,12,0,16,11374,97,0,16,564,0,0,0,0,0,False,False,False
2014-06-27,0,24,42,1,12,12,0,16,11398,97,0,16,564,0,0,0,0,0,False,False,False
2014-06-28,0,25,42,0,12,12,0,16,11421,97,0,16,564,0,0,0,0,0,False,False,False
2014-06-29,0,24,42,0,12,12,0,16,11446,97,0,16,564,0,0,0,0,0,False,False,False
2014-06-30,0,25,42,0,12,12,0,16,11470,97,0,16,564,0,0,0,0,0,False,False,False
2014-07-01,0,25,42,0,12,12,0,16,11493,97,0,16,564,0,0,0,0,0,False,False,False
2014-07-02,0,24,42,65537,12,12,0,16,11518,97,0,16,564,0,0,0,0,0,False,False,False
2014-07-03,0,24,42,0,12,12,0,16,11542,97,0,16,564,0,0,0,0,0,False,False,False
2014-07-04,0,24,42,65537,12,12,0,16,11566,97,0,16,564,0,0,0,0,0,False,False,False
2014-07-05,0,25,42,65536,12,12,0,16,11590,97,0,16,564,0,0,0,0,0,False,False,False
2014-07-06,0,25,42,0,12,12,0,16,11614,97,0,16,564,0,0,0,0,0,False,False,False
2014-07-07,0,24,42,65536,12,12,0,16,11638,97,0,16,564,0,0,0,0,0,False,False,False
2014-07-08,0,25,42,65536,12,12,0,16,11662,97,0,16,564,0,0,0,0,0,False,False,False
2014-07-09,0,25,42,65537,12,12,0,16,11686,97,0,16,564,0,0,0,0,0,False,False,False
2014-07-10,0,25,42,0,12,12,0,16,11710,97,0,16,564,0,0,0,0,0,False,False,False
2014-07-11,0,25,42,0,12,12,0,16,11733,97,0,16,564,0,0,0,0,0,False,False,False
2014-07-12,0,25,42,0,12,12,0,16,11758,97,0,16,564,0,0,0,0,0,False,False,False
2014-07-13,0,25,42,0,12,12,0,16,11782,97,0,16,564,0,0,0,0,0,False,False,False
2014-07-14,0,25,42,0,12,12,0,16,11805,97,0,16,564,0,0,0,0,0,False,False,False
2014-07-15,0,25,42,0,12,12,0,16,11830,97,0,16,564,0,0,0,0,0,False,False,False
2014-07-16,0,25,42,0,12,12,0,16,11854,97,0,16,564,0,0,0,0,0,False,False,False
2014-07-17,0,25,42,0,12,12,0,16,11878,97,0,16,564,0,0,0,0,0,False,False,False
2014-07-18,0,25,42,0,12,12,0,16,11902,97,0,16,564,0,0,0,0,0,False,False,False
2014-07-19,0,25,42,65536,12,12,0,16,11926,97,0,16,564,0,0,0,0,0,False,False,False
2014-07-20,0,25,42,1,12,12,0,16,11950,97,0,16,564,0,0,0,0,0,False,False,False
2014-07-21,0,25,42,131072,12,12,0,16,11974,97,0,16,564,0,0,0,0,0,False,False,False
2014-07-22,0,25,42,65536,12,12,0,16,11998,97,0,16,564,0,0,0,0,0,False,False,False
2014-07-23,0,25,42,0,12,12,0,16,12022,97,0,16,564,0,0,0,0,0,False,False,False
2014-07-24,0,25,42,0,12,12,0,16,12045,97,0,16,564,0,0,0,0,0,False,False,False
2014-07-25,0,26,42,0,12,12,0,16,12070,97,0,16,564,0,0,0,0,0,False,False,False
2014-07-26,0,25,42,65537,12,12,0,16,12094,97,0,16,564,0,0,0,0,0,False,False,False
2014-07-27,0,25,42,0,12,12,0,16,12118,97,0,16,564,0,0,0,0,0,False,False,False
2014-07-28,0,25,42,65536,12,12,0,16,12142,97,0,16,564,0,0,0,0,0,False,False,False
2014-07-29,0,27,42,0,12,12,0,16,12166,97,0,16,564,0,0,0,0,0,False,False,False
2014-07-30,0,24,42,0,12,12,0,16,12190,97,0,16,564,0,0,0,0,0,False,False,False
2014-07-31,0,24,42,65540,12,12,0,16,12214,97,0,16,564,0,0,0,0,0,False,False,False
2014-08-01,0,23,42,0,12,12,0,16,12238,97,0,16,564,0,0,0,0,0,False,False,False
2014-08-02,0,24,42,0,12,12,0,16,12262,97,0,16,564,0,0,0,0,0,False,False,False
2014-08-03,0,24,42,196610,12,12,0,16,12285,97,0,16,564,0,0,0,0,0,False,False,False
2014-08-04,0,24,42,1,12,12,0,16,12310,97,0,16,564,0,0,0,0,0,False,False,False
2014-08-05,0,24,42,0,12,12,0,16,12334,97,0,16,564,0,0,0,0,0,False,False,False
2014-08-06,0,24,42,0,12,12,0,16,12358,97,0,16,564,0,0,0,0,0,False,False,False
2014-08-07,0,24,42,1,12,12,0,16,12382,97,0,16,564,0,0,0,0,0,False,False,False
2014-08-08,0,23,42,65538,12,12,0,16,12406,97,0,16,564,0,0,0,0,0,False,False,False
2014-08-09,0,23,42,0,12,12,0,16,12430,97,0,16,564,0,0,0,0,0,False,False,False
2014-08-10,0,23,42,0,12,12,0,16,12454,97,0,16,564,0,0,0,0,0,False,False,False
2014-08-11,0,23,42,3,12,12,0,16,12478,97,0,16,564,0,0,0,0,0,False,False,False
2014-08-12,0,24,42,65536,12,12,0,16,12502,97,0,16,564,0,0,0,0,0,False,False,False
2014-08-13,0,23,42,0,12,12,0,16,12525,97,0,16,564,0,0,0,0,0,False,False,False
2014-08-14,0,24,42,0,12,12,0,16,12550,97,0,16,564,0,0,0,0,0,False,False,False
2014-08-15,0,24,42,1,12,12,0,16,12574,97,0,16,564,0,0,0,0,0,False,False,False
2014-08-16,0,24,42,131073,12,12,0,16,12598,97,0,16,564,0,0,0,0,0,False,False,False
2014-08-17,0,23,42,65536,12,12,0,16,12622,97,0,16,564,0,0,0,0,0,False,False,False
2014-08-18,0,24,42,2,12,12,0,16,12646,97,0,16,564,0,0,0,0,0,False,False,False
2014-08-19,0,23,42,65536,12,12,0,16,12670,97,0,16,564,0,0,0,0,0,False,False,False
2014-08-20,0,25,42,0,12,12,0,16,12693,97,0,16,564,0,0,0,0,0,False,False,False
2014-08-21,0,24,42,0,12,12,0,16,12718,97,0,16,564,0,0,0,0,0,False,False,False
2014-08-22,0,25,42,0,12,12,0,16,12742,97,0,16,564,0,0,0,0,0,False,False,False
2014-08-23,0,25,42,0,12,12,0,16,12766,97,0,16,564,0,0,0,0,0,False,False,False
2014-08-24,0,25,42,0,12,12,0,16,12790,97,0,16,564,0,0,0,0,0,False,False,False
2014-08-25,0,25,42,65537,12,12,0,16,12814,97,0,16,564,0,0,0,0,0,False,False,False
2014-08-26,0,25,42,0,12,12,0,16,12838,97,0,16,564,0,0,0,0,0,False,False,False
2014-08-27,0,26,42,7,12,12,0,16,12862,97,0,16,564,0,0,0,0,0,False,False,False
2014-08-28,0,26,42,0,12,12,0,16,12886,97,0,16,564,0,0,0,0,0,False,False,False
2014-08-29,0,25,42,1,12,12,0,16,12910,97,0,16,564,0,0,0,0,0,False,False,False
2014-08-30,0,26,42,65536,12,12,0,16,12933,97,0,16,564,0,0,0,0,0,False,False,False
2014-08-31,0,26,42,0,12,12,0,16,12958,97,0,16,564,0,0,0,0,0,False,False,False
2014-09-01,0,26,42,65536,12,12,0,16,12982,97,0,16,564,0,0,0,0,0,False,False,False
2014-09-02,0,25,42,1,12,12,0,16,13006,97,0,16,564,0,0,0,0,0,False,False,False
2014-09-03,0,25,42,65536,12,12,0,16,13030,97,0,16,564,0,0,0,0,0,False,False,False
2014-09-04,0,26,42,65537,12,12,0,16,13054,97,0,16,564,0,0,0,0,0,False,False,False
2014-09-05,0,26,42,0,12,12,0,16,13078,97,0,16,564,0,0,0,0,0,False,False,False
2014-09-06,0,25,42,1,12,12,0,16,13102,97,0,16,564,0,0,0,0,0,False,False,False
2014-09-07,0,26,42,1,12,12,0,16,13126,97,0,16,564,0,0,0,0,0,False,False,False
2014-09-08,0,26,42,65537,12,12,0,16,13150,97,0,16,564,0,0,0,0,0,False,False,False
2014-09-09,0,26,42,65536,12,12,0,16,13173,97,0,16,564,0,0,0,0,0,False,False,False
2014-09-10,0,25,42,0,12,12,0,16,13198,97,0,16,564,0,0,0,0,0,False,False,False
2014-09-11,0,26,42,131073,12,12,0,16,13222,97,0,16,564,0,0,0,0,0,False,False,False
2014-09-12,0,26,42,131072,12,12,0,16,13246,97,0,16,564,0,0,0,0,0,False,False,False
2014-09-13,0,26,42,131072,12,12,0,16,13270,97,0,16,564,0,0,0,0,0,False,False,False
2014-09-14,0,26,42,0,12,12,0,16,13294,97,0,16,564,0,0,0,0,0,False,False,False
2014-09-15,0,26,42,1,12,12,0,16,13318,97,0,16,564,0,0,0,0,0,False,False,False
2014-09-16,0,26,42,0,12,12,0,16,13342,97,0,16,564,0,0,0,0,0,False,False,False
2014-09-17,0,26,42,0,12,12,0,16,13366,97,0,16,564,0,0,0,0,0,False,False,False
2014-09-18,0,26,42,0,12,12,0,16,13390,97,0,16,564,0,0,0,0,0,False,False,False
2014-09-19,0,26,42,65538,12,12,0,16,13413,97,0,16,564,0,0,0,0,0,False,False,False
2014-09-20,0,26,42,1,12,12,0,16,13438,97,0,16,564,0,0,0,0,0,False,False,False
2014-09-21,0,26,42,1,12,12,0,16,13462,97,0,16,564,0,0,0,0,0,False,False,False
2014-09-22,0,26,42,0,12,12,0,16,13486,97,0,16,564,0,0,0,0,0,False,False,False
2014-09-23,0,26,42,0,12,12,0,16,13510,97,0,16,564,0,0,0,0,0,False,False,False
2014-09-24,0,26,42,65536,12,12,0,16,13534,97,0,16,564,0,0,0,0,0,False,False,False
2014-09-25,0,26,42,65536,12,12,0,16,13558,97,0,16,564,0,0,0,0,0,False,False,False
2014-09-26,0,26,42,65537,12,12,0,16,13582,97,0,16,564,0,0,0,0,0,False,False,False
2014-09-27,0,26,42,0,12,12,0,16,13606,97,0,16,564,0,0,0,0,0,False,False,False
2014-09-28,0,26,42,1,12,12,0,16,13630,97,0,16,564,0,0,0,0,0,False,False,False
2014-09-29,0,26,42,0,12,12,0,16,13654,97,0,16,564,0,0,0,0,0,False,False,False
2014-09-30,0,26,42,0,12,12,0,16,13678,97,0,16,564,0,0,0,0,0,False,False,False
2014-10-01,0,26,42,0,12,12,0,16,13702,97,0,16,564,0,0,0,0,0,False,False,False
2014-10-02,0,26,42,1,12,12,0,16,13725,97,0,16,564,0,0,0,0,0,False,False,False
2014-10-03,0,26,42,65536,12,12,0,16,13750,97,0,16,564,0,0,0,0,0,False,False,False
2014-10-04,0,26,42,1,12,12,0,16,13774,97,0,16,564,0,0,0,0,0,False,False,False
2014-10-05,0,26,42,0,12,12,0,16,13798,97,0,16,564,0,0,0,0,0,False,False,False
2014-10-06,0,26,42,65536,12,12,0,16,13822,97,0,16,564,0,0,0,0,0,False,False,False
2014-10-07,0,26,42,0,12,12,0,16,13846,97,0,16,564,0,0,0,0,0,False,False,False
2014-10-08,0,26,42,1,12,12,0,16,13870,97,0,16,564,0,0,0,0,0,False,False,False
2014-10-09,0,26,42,1,12,12,0,16,13894,97,0,16,564,0,0,0,0,0,False,False,False
2014-10-10,0,26,42,65536,12,12,0,16,13918,97,0,16,564,0,0,0,0,0,False,False,False
2014-10-11,0,25,42,0,12,12,0,16,13942,97,0,16,564,0,0,0,0,0,False,False,False
2014-10-12,0,26,42,65537,12,12,0,16,13965,97,0,16,564,0,0,0,0,0,False,False,False
2014-10-13,0,26,42,1,12,12,0,16,13990,97,0,16,564,0,0,0,0,0,False,False,False
2014-10-14,0,26,42,131072,12,12,0,16,14014,97,0,16,564,0,0,0,0,0,False,False,False
2014-10-15,0,26,42,0,12,12,0,16,14038,97,0,16,564,0,0,0,0,0,False,False,False
2014-10-16,0,25,42,0,12,12,0,16,14062,97,0,16,564,0,0,0,0,0,False,False,False
2014-10-17,0,26,42,65537,12,12,0,16,14086,97,0,16,564,0,0,0,0,0,False,False,False
2014-10-18,0,26,42,65536,12,12,0,16,14110,97,0,16,564,0,0,0,0,0,False,False,False
2014-10-19,0,26,42,65536,12,12,0,16,14134,97,0,16,564,0,0,0,0,0,False,False,False
2014-10-20,0,25,42,65536,12,12,0,16,14158,97,0,16,564,0,0,0,0,0,False,False,False
2014-10-21,0,26,42,0,12,12,0,16,14182,97,0,16,564,0,0,0,0,0,False,False,False
2014-10-22,0,26,42,65536,12,12,0,16,14206,97,0,16,564,0,0,0,0,0,False,False,False
2014-10-23,0,26,42,0,12,12,0,16,14230,97,0,16,564,0,0,0,0,0,False,False,False
2014-10-24,0,26,42,1,12,12,0,16,14254,97,0,16,564,0,0,0,0,0,False,False,False
2014-10-25,0,26,42,0,12,12,0,16,14278,97,0,16,564,0,0,0,0,0,False,False,False
2014-10-26,0,26,42,65538,12,12,0,16,14302,97,0,16,564,0,0,0,0,0,False,False,False
2014-10-27,0,26,42,65536,12,12,0,16,14326,97,0,16,564,0,0,0,0,0,False,False,False
2014-10-28,0,26,42,2,12,12,0,16,14350,97,0,16,564,0,0,0,0,0,False,False,False
2014-10-29,0,25,42,65536,12,12,0,16,14374,97,0,16,564,0,0,0,0,0,False,False,False
2014-10-30,0,25,42,65537,12,12,0,16,14398,97,0,16,564,0,0,0,0,0,False,False,False
2014-10-31,0,28,42,0,12,12,0,16,14422,97,0,16,564,0,0,0,0,0,False,False,False
2014-11-01,0,28,42,0,12,12,0,16,14446,97,0,16,564,0,0,0,0,0,False,False,False
2014-11-03,0,25,42,65536,12,12,0,16,14495,97,0,16,564,0,0,0,0,0,False,False,False
2014-11-04,0,25,42,1,12,12,0,16,14519,97,0,16,564,0,0,0,0,0,False,False,False
2014-11-05,0,25,42,65536,12,12,0,16,14543,97,0,16,564,0,0,0,0,0,False,False,False
2014-11-06,0,25,42,3,12,12,0,16,14567,97,0,16,564,0,0,0,0,0,False,False,False
2014-11-07,0,25,42,0,12,12,0,16,14591,97,0,16,564,0,0,0,0,0,False,False,False
2014-11-08,0,25,42,65536,12,12,0,16,14615,97,0,16,564,0,0,0,0,0,False,False,False
2014-11-09,0,25,42,0,12,12,0,16,14639,97,0,16,564,0,0,0,0,0,False,False,False
2014-11-10,0,25,42,1,12,12,0,16,14663,97,0,16,564,0,0,0,0,0,False,False,False
2014-11-11,0,25,42,0,12,12,0,16,14687,97,0,16,564,0,0,0,0,0,False,False,False
2014-11-12,0,25,42,196610,12,12,0,16,14711,97,0,16,564,0,0,0,0,0,False,False,False
2014-11-13,0,25,42,0,12,12,0,16,14735,97,0,16,564,0,0,0,0,0,False,False,False
2014-11-14,0,26,42,0,12,12,0,16,14759,97,0,16,564,0,0,0,0,0,False,False,False
2014-11-15,0,25,42,0,12,12,0,16,14783,97,0,16,564,0,0,0,0,0,False,False,False
2014-11-16,0,25,42,3,12,12,0,16,14807,97,0,16,564,0,0,0,0,0,False,False,False
2014-11-17,0,26,42,0,12,12,0,16,14831,97,0,16,564,0,0,0,0,0,False,False,False
2014-11-18,0,25,42,0,12,12,0,16,14855,97,0,16,564,0,0,0,0,0,False,False,False
2014-11-19,0,25,42,720896,12,12,0,16,14879,97,0,16,564,0,0,0,0,0,False,False,False
2014-11-20,0,26,42,65538,12,12,0,16,14903,97,0,16,564,0,0,0,0,0,False,False,False
2014-11-21,0,25,42,0,12,12,0,16,14927,97,0,16,564,0,0,0,0,0,False,False,False
2014-11-22,0,26,42,0,12,12,0,16,14951,97,0,16,564,0,0,0,0,0,False,False,False
2014-11-23,0,26,42,1,12,12,0,16,14975,97,0,16,564,0,0,0,0,0,False,False,False
2014-11-24,0,25,42,262144,12,12,0,16,14999,97,0,16,564,0,0,0,0,0,False,False,False
2014-11-25,0,25,42,65537,12,12,0,16,15023,97,0,16,564,0,0,0,0,0,False,False,False
2014-11-26,0,24,42,65537,12,12,0,16,15047,97,0,16,564,0,0,0,0,0,False,False,False
2014-11-27,0,24,42,2,12,12,0,16,15071,97,0,16,564,0,0,0,0,0,False,False,False
2014-11-28,0,24,42,65536,12,12,0,16,15095,97,0,16,564,0,0,0,0,0,False,False,False
2014-11-29,0,25,42,327680,12,12,0,16,15119,97,0,16,564,0,0,0,0,0,False,False,False
2014-11-30,0,25,42,65537,12,12,0,16,15143,97,0,16,564,0,0,0,0,0,False,False,False
2014-12-01,0,25,42,0,12,12,0,16,15167,97,0,16,564,0,0,0,0,0,False,False,False
2014-12-02,0,25,42,0,12,12,0,16,15191,97,0,16,564,0,0,0,0,0,False,False,False
2014-12-03,0,25,42,0,12,12,0,16,15215,97,0,16,564,0,0,0,0,0,False,False,False
2014-12-04,0,25,42,65536,12,12,0,16,15239,97,0,16,564,0,0,0,0,0,False,False,False
2014-12-05,0,25,42,131072,12,12,0,16,15263,97,0,16,564,0,0,0,0,0,False,False,False
2014-12-06,0,26,42,1,12,12,0,16,15287,97,0,16,564,0,0,0,0,0,False,False,False
2014-12-07,0,25,42,0,12,12,0,16,15311,97,0,16,564,0,0,0,0,0,False,False,False
2014-12-08,0,25,42,0,12,12,0,16,15335,97,0,16,564,0,0,0,0,0,False,False,False
2014-12-09,0,25,42,65537,12,12,0,16,15359,97,0,16,564,0,0,0,0,0,False,False,False
2014-12-10,0,25,42,65536,12,12,0,16,15383,97,0,16,564,0,0,0,0,0,False,False,False
2014-12-11,0,25,42,196614,12,12,0,16,15407,97,0,16,564,0,0,0,0,0,False,False,False
2014-12-12,0,25,42,0,12,12,0,16,15431,97,0,16,564,0,0,0,0,0,False,False,False
2014-12-13,0,25,42,2,12,12,0,16,15455,97,0,16,564,0,0,0,0,0,False,False,False
2014-12-14,0,24,42,0,12,12,0,16,15479,97,0,16,564,0,0,0,0,0,False,False,False
2014-12-15,0,25,42,0,12,12,0,16,15503,97,0,16,564,0,0,0,0,0,False,False,False
2014-12-16,0,24,42,0,12,12,0,16,15527,97,0,16,564,0,0,0,0,0,False,False,False
2014-12-17,0,25,42,65536,12,12,0,16,15551,97,0,16,564,0,0,0,0,0,False,False,False
2014-12-18,0,25,42,2,12,12,0,16,15575,97,0,16,564,0,0,0,0,0,False,False,False
2014-12-19,0,26,42,2,12,12,0,16,15599,97,0,16,564,0,0,0,0,0,False,False,False
2014-12-20,0,26,42,0,12,12,0,16,15623,97,0,16,564,0,0,0,0,0,False,False,False
2014-12-21,0,26,42,65536,12,12,0,16,15647,97,0,16,564,0,0,0,0,0,False,False,False
2014-12-22,0,26,42,2,12,12,0,16,15671,97,0,16,564,0,0,0,0,0,False,False,False
2014-12-23,0,26,42,131072,12,12,0,16,15695,97,0,16,564,0,0,0,0,0,False,False,False
2014-12-24,0,26,42,131072,12,12,0,16,15719,97,0,16,564,0,0,0,0,0,False,False,False
2014-12-25,0,26,42,1,12,12,0,16,15743,97,0,16,564,0,0,0,0,0,False,False,False
2014-12-26,0,26,42,327681,12,12,0,16,15767,97,0,16,564,0,0,0,0,0,False,False,False
2014-12-27,0,26,42,2,12,12,0,16,15791,97,0,16,564,0,0,0,0,0,False,False,False
2014-12-28,0,26,42,1,12,12,0,16,15815,97,0,16,564,0,0,0,0,0,False,False,False
2014-12-29,0,26,42,131073,12,12,0,16,15839,97,0,16,564,0,0,0,0,0,False,False,False
2014-12-30,0,26,42,2,12,12,0,16,15863,97,0,16,564,0,0,0,0,0,False,False,False
2014-12-31,0,26,42,0,12,12,0,16,15887,97,0,16,564,0,0,0,0,0,False,False,False
2015-01-01,0,26,42,65536,12,12,0,16,15911,97,0,16,564,0,0,0,0,0,False,False,False
2015-01-02,0,26,42,0,12,12,0,16,15935,97,0,16,564,0,0,0,0,0,False,False,False
2015-01-03,0,26,42,0,12,12,0,16,15959,97,0,16,564,0,0,0,0,0,False,False,False
2015-01-04,0,26,42,131073,12,12,0,16,15983,97,0,16,564,0,0,0,0,0,False,False,False
2015-01-05,0,26,42,262145,12,12,0,16,16007,97,0,16,564,0,0,0,0,0,False,False,False
2015-01-06,0,24,42,0,12,12,0,16,16031,97,0,16,564,0,0,0,0,0,False,False,False
2015-01-07,0,24,42,0,12,12,0,16,16055,97,0,16,564,0,0,0,0,0,False,False,False
2015-01-08,0,24,42,65536,12,12,0,16,16079,97,0,16,564,0,0,0,0,0,False,False,False
2015-01-09,0,25,42,2,12,12,0,16,16103,97,0,16,564,0,0,0,0,0,False,False,False
2015-01-10,0,25,42,65536,12,12,0,16,16127,97,0,16,564,0,0,0,0,0,False,False,False
2015-01-11,0,26,42,1,12,12,0,16,16151,97,0,16,564,0,0,0,0,0,False,False,False
2015-01-12,0,25,42,131075,12,12,0,16,16175,97,0,16,564,0,0,0,0,0,False,False,False
2015-01-13,0,24,42,131072,12,12,0,16,16199,97,0,16,564,0,0,0,0,0,False,False,False
2015-01-14,0,24,42,0,12,12,0,16,16223,97,0,16,564,0,0,0,0,0,False,False,False
2015-01-15,0,24,42,262145,12,12,0,16,16247,97,0,16,564,0,0,0,0,0,False,False,False
2015-01-16,0,25,42,65536,12,12,0,16,16271,97,0,16,564,0,0,0,0,0,False,False,False
2015-01-17,0,25,42,2,12,12,0,16,16295,97,0,16,564,0,0,0,0,0,False,False,False
2015-01-18,0,24,42,3,12,12,0,16,16319,97,0,16,564,0,0,0,0,0,False,False,False
2015-01-19,0,24,42,1,12,12,0,16,16343,97,0,16,564,0,0,0,0,0,False,False,False
2015-01-20,0,24,42,1,12,12,0,16,16367,97,0,16,564,0,0,0,0,0,False,False,False
2015-01-21,0,24,42,1,12,12,0,16,16391,97,0,16,564,0,0,0,0,0,False,False,False
2015-01-22,0,24,42,65537,12,12,0,16,16415,97,0,16,564,0,0,0,0,0,False,False,False
2015-01-23,0,24,42,0,12,12,0,16,16439,97,0,16,564,0,0,0,0,0,False,False,False
2015-01-24,0,24,42,65539,12,12,0,16,16463,97,0,16,564,0,0,0,0,0,False,False,False
2015-01-25,0,23,42,0,12,12,0,16,16487,97,0,16,564,0,0,0,0,0,False,False,False
2015-01-26,0,24,42,3,12,12,0,16,16511,97,0,16,564,0,0,0,0,0,False,False,False
2015-01-27,0,24,42,65536,12,12,0,16,16535,97,0,16,564,0,0,0,0,0,False,False,False
2015-01-28,0,24,42,1,12,12,0,16,16559,97,0,16,564,0,0,0,0,0,False,False,False
2015-01-29,0,24,42,0,12,12,0,16,16583,97,0,16,564,0,0,0,0,0,False,False,False
2015-01-30,0,24,42,65538,12,12,0,16,16607,97,0,16,564,0,0,0,0,0,False,False,False
2015-01-31,0,24,42,0,12,12,0,16,16631,97,0,16,564,0,0,0,0,0,False,False,False
2015-02-01,0,24,42,65536,12,12,0,16,16655,97,0,16,564,0,0,0,0,0,False,False,False
2015-02-02,0,24,42,65536,12,12,0,16,16679,97,0,16,564,0,0,0,0,0,False,False,False
2015-02-03,0,24,42,0,12,12,0,16,16703,97,0,16,564,0,0,0,0,0,False,False,False
2015-02-04,0,24,42,0,12,12,0,16,16727,97,0,16,564,0,0,0,0,0,False,False,False
2015-02-05,0,24,42,1,12,12,0,16,16751,97,0,16,564,0,0,0,0,0,False,False,False
2015-02-06,0,24,42,2,12,12,0,16,16775,97,0,16,564,0,0,0,0,0,False,False,False
2015-02-07,0,25,42,262144,12,12,0,16,16799,97,0,16,564,0,0,0,0,0,False,False,False
2015-02-08,0,25,42,1,12,12,0,16,16823,97,0,16,564,0,0,0,0,0,False,False,False
2015-02-09,0,25,42,131072,12,12,0,16,16847,97,0,16,564,0,0,0,0,0,False,False,False
2015-02-10,0,24,42,65537,12,12,0,16,16871,97,0,16,564,0,0,0,0,0,False,False,False
2015-02-11,0,24,42,65536,12,12,0,16,16895,97,0,16,564,0,0,0,0,0,False,False,False
2015-02-12,0,24,42,3,12,12,0,16,16919,97,0,16,564,0,0,0,0,0,False,False,False
2015-02-13,0,24,42,0,12,12,0,16,16943,97,0,16,564,0,0,0,0,0,False,False,False
2015-02-14,0,24,42,65537,12,12,0,16,16967,97,0,16,564,0,0,0,0,0,False,False,False
2015-02-15,0,24,42,262147,12,12,0,16,16991,97,0,16,564,0,0,0,0,0,False,False,False
2015-02-16,0,25,42,0,12,12,0,16,17015,97,0,16,564,0,0,0,0,0,False,False,False
2015-02-17,0,24,42,65536,12,12,0,16,17039,97,0,16,564,0,0,0,0,0,False,False,False
2015-02-18,0,25,42,65537,12,12,0,16,17063,97,0,16,564,0,0,0,0,0,False,False,False
2015-02-19,0,25,42,2,12,12,0,16,17087,97,0,16,564,0,0,0,0,0,False,False,False
2015-02-20,0,26,42,131072,12,12,0,16,17111,97,0,16,564,0,0,0,0,0,False,False,False
2015-02-21,0,25,42,0,12,12,0,16,17135,97,0,16,564,0,0,0,0,0,False,False,False
2015-02-22,0,25,42,1,12,12,0,16,17159,97,0,16,564,0,0,0,0,0,False,False,False
2015-02-23,0,25,42,196610,12,12,0,16,17183,97,0,16,564,0,0,0,0,0,False,False,False
2015-02-24,0,25,42,0,12,12,0,16,17207,97,0,16,564,0,0,0,0,0,False,False,False
2015-02-25,0,25,42,65537,12,12,0,16,17231,97,0,16,564,0,0,0,0,0,False,False,False
2015-02-26,0,25,42,7,12,12,0,16,17255,97,0,16,564,0,0,0,0,0,False,False,False
2015-02-27,0,25,42,1,12,12,0,16,17279,97,0,16,564,0,0,0,0,0,False,False,False
2015-02-28,0,25,42,131074,12,12,0,16,17303,97,0,16,564,0,0,0,0,0,False,False,False
2015-03-01,0,25,42,65537,12,12,0,16,17327,97,0,16,564,0,0,0,0,0,False,False,False
2015-03-02,0,24,42,131073,12,12,0,16,17351,97,0,16,564,0,0,0,0,0,False,False,False
2015-03-03,0,25,42,65536,12,12,0,16,17375,97,0,16,564,0,0,0,0,0,False,False,False
2015-03-04,0,25,42,2,12,12,0,16,17399,97,0,16,564,0,0,0,0,0,False,False,False
2015-03-05,0,25,42,0,12,12,0,16,17423,97,0,16,564,0,0,0,0,0,False,False,False
2015-03-06,0,24,42,0,12,12,0,16,17447,97,0,16,564,0,0,0,0,0,False,False,False
2015-03-07,0,25,42,0,12,12,0,16,17471,97,0,16,564,0,0,0,0,0,False,False,False
2015-03-08,0,25,42,5,12,12,0,16,17495,97,0,16,564,0,0,0,0,0,False,False,False
2015-03-09,0,25,42,1,12,12,0,16,17519,97,0,16,564,0,0,0,0,0,False,False,False
2015-03-10,0,26,42,2,12,12,0,16,17542,97,0,16,564,0,0,0,0,0,False,False,False
2015-03-11,0,27,42,0,12,12,0,16,17566,97,0,16,564,0,0,0,0,0,False,False,False
2015-03-12,0,26,42,0,12,12,0,16,17590,97,0,16,564,0,0,0,0,0,False,False,False
2015-03-13,0,27,42,65536,12,12,0,16,17615,97,0,16,564,0,0,0,0,0,False,False,False
2015-03-14,0,27,42,2,12,12,0,16,17638,97,0,16,564,0,0,0,0,0,False,False,False
2015-03-15,0,27,42,1,12,12,0,16,17662,97,0,16,564,0,0,0,0,0,False,False,False
2015-03-16,0,25,42,65537,12,12,0,16,17686,97,0,16,564,0,0,0,0,0,False,False,False
2015-03-17,0,26,42,0,12,12,0,16,17710,97,0,16,564,0,0,0,0,0,False,False,False
2015-03-18,0,28,42,65540,12,12,0,16,17734,97,0,16,564,0,0,0,0,0,False,False,False
2015-03-19,0,27,42,327683,12,12,0,16,17758,97,0,16,564,0,0,0,0,0,False,False,False
2015-03-20,0,25,42,65536,12,12,0,16,17782,97,0,16,564,0,0,0,0,0,False,False,False
2015-03-21,0,24,42,196611,12,12,0,16,17806,97,0,16,564,0,0,0,0,0,False,False,False
2015-03-22,0,27,42,0,12,12,0,16,17830,97,0,16,564,0,0,0,0,0,False,False,False
2015-03-23,0,25,42,0,12,12,0,16,17854,97,0,16,564,0,0,0,0,0,False,False,False
2015-03-24,0,25,42,1,12,12,0,16,17878,97,0,16,564,0,0,0,0,0,False,False,False
2015-03-25,0,25,42,0,12,12,0,16,17902,97,0,16,564,0,0,0,0,0,False,False,False
2015-03-26,0,25,42,0,12,12,0,16,17926,97,0,16,564,0,0,0,0,0,False,False,False
2015-03-27,0,26,42,65536,12,12,0,16,17950,97,0,16,564,0,0,0,0,0,False,False,False
2015-03-28,0,26,42,262145,12,12,0,16,17974,97,0,16,564,0,0,0,0,0,False,False,False
2015-03-29,0,25,42,1,12,12,0,16,17998,97,0,16,564,0,0,0,0,0,False,False,False
2015-03-30,0,25,42,0,12,12,0,16,18022,97,0,16,564,0,0,0,0,0,False,False,False
2015-03-31,0,26,42,0,12,12,0,16,18046,97,0,16,564,0,0,0,0,0,False,False,False
2015-04-01,0,25,42,1,12,12,0,16,18070,97,0,16,564,0,0,0,0,0,False,False,False
2015-04-02,0,24,42,1,12,12,0,16,18094,97,0,16,564,0,0,0,0,0,False,False,False
2015-04-03,0,24,42,0,12,12,0,16,18118,97,0,16,564,0,0,0,0,0,False,False,False
2015-04-04,0,24,42,0,12,12,0,16,18142,97,0,16,564,0,0,0,0,0,False,False,False
2015-04-05,0,24,42,65538,12,12,0,16,18167,97,0,16,564,0,0,0,0,0,False,False,False
2015-04-06,0,24,42,65536,12,12,0,16,18190,97,0,16,564,0,0,0,0,0,False,False,False
2015-04-07,0,24,42,131072,12,12,0,16,18214,97,0,16,564,0,0,0,0,0,False,False,False
2015-04-08,0,24,42,2,12,12,0,16,18238,97,0,16,564,0,0,0,0,0,False,False,False
2015-04-09,0,25,42,4,12,12,0,16,18262,97,0,16,564,0,0,0,0,0,False,False,False
2015-04-10,0,26,42,3,12,12,0,16,18286,97,0,16,564,0,0,0,0,0,False,False,False
2015-04-11,0,26,42,131073,12,12,0,16,18310,97,0,16,564,0,0,0,0,0,False,False,False
2015-04-12,0,26,42,196611,12,12,0,16,18334,97,0,16,564,0,0,0,0,0,False,False,False
2015-04-13,0,26,42,0,12,12,0,16,18358,97,0,16,564,0,0,0,0,0,False,False,False
2015-04-14,0,27,42,2,12,12,0,16,18382,97,0,16,564,0,0,0,0,0,False,False,False
2015-04-15,0,27,42,1,12,12,0,16,18407,97,0,16,564,0,0,0,0,0,False,False,False
2015-04-16,0,27,42,131073,12,12,0,16,18430,97,0,16,564,0,0,0,0,0,False,False,False
2015-04-17,0,27,42,65536,12,12,0,16,18454,97,0,16,564,0,0,0,0,0,False,False,False
2015-04-18,0,28,42,65536,12,12,0,16,18478,97,0,16,564,0,0,0,0,0,False,False,False
2015-04-19,0,27,42,65537,12,12,0,16,18502,97,0,16,564,0,0,0,0,0,False,False,False
2015-04-20,0,28,42,131072,12,12,0,16,18526,97,0,16,564,0,0,0,0,0,False,False,False
2015-04-21,0,28,42,0,12,12,0,16,18550,97,0,16,564,0,0,0,0,0,False,False,False
2015-04-22,0,28,42,65536,12,12,0,16,18574,97,0,16,564,0,0,0,0,0,False,False,False
2015-04-23,0,28,42,131072,12,12,0,16,18598,97,0,16,564,0,0,0,0,0,False,False,False
2015-04-24,0,28,42,0,12,12,0,16,18622,97,0,16,564,0,0,0,0,0,False,False,False
2015-04-25,0,28,42,65536,12,12,0,16,18646,97,0,16,564,0,0,0,0,0,False,False,False
2015-04-26,0,28,42,196608,12,12,0,16,18670,97,0,16,564,0,0,0,0,0,False,False,False
2015-04-27,0,28,42,65538,12,12,0,16,18694,97,0,16,564,0,0,0,0,0,False,False,False
2015-04-28,0,28,42,65537,12,12,0,16,18718,97,0,16,564,0,0,0,0,0,False,False,False
2015-04-29,0,28,42,0,12,12,0,16,18742,97,0,16,564,0,0,0,0,0,False,False,False
2015-04-30,0,27,42,196608,12,12,0,16,18766,97,0,16,564,0,0,0,0,0,False,False,False
2015-05-01,0,27,42,65539,12,12,0,16,18790,97,0,16,564,0,0,0,0,0,False,False,False
2015-05-02,0,27,42,0,12,12,0,16,18814,97,0,16,564,0,0,0,0,0,False,False,False
2015-05-03,0,26,42,0,12,12,0,16,18838,97,0,16,564,0,0,0,0,0,False,False,False
2015-05-04,0,26,42,0,12,12,0,16,18862,97,0,16,564,0,0,0,0,0,False,False,False
2015-05-05,0,26,42,0,12,12,0,16,18887,97,0,16,564,0,0,0,0,0,False,False,False
2015-05-06,0,28,42,65537,12,12,0,16,18910,97,0,16,564,0,0,0,0,0,False,False,False
2015-05-07,0,27,42,327681,12,12,0,16,18934,97,0,16,564,0,0,0,0,0,False,False,False
2015-05-08,0,26,42,1,12,12,0,16,18959,97,0,16,564,0,0,0,0,0,False,False,False
2015-05-09,0,27,42,1,12,12,0,16,18982,97,0,16,564,0,0,0,0,0,False,False,False
2015-05-10,0,27,42,0,12,12,0,16,19006,97,0,16,564,0,0,0,0,0,False,False,False
2015-05-11,0,27,42,131076,12,12,0,16,19030,97,0,16,564,0,0,0,0,0,False,False,False
2015-05-12,0,26,42,458752,12,12,0,16,19054,97,0,16,564,0,0,0,0,0,False,False,False
2015-05-13,0,26,42,65536,12,12,0,16,19078,97,0,16,564,0,0,0,0,0,False,False,False
2015-05-14,0,27,42,65536,12,12,0,16,19102,97,0,16,564,0,0,0,0,0,False,False,False
2015-05-15,0,27,42,196608,12,12,0,16,19127,97,0,16,564,0,0,0,0,0,False,False,False
2015-05-16,0,27,42,131073,12,12,0,16,19150,97,0,16,564,0,0,0,0,0,False,False,False
2015-05-17,0,27,42,1,12,12,0,16,19174,97,0,16,564,0,0,0,0,0,False,False,False
2015-05-18,0,27,42,1,12,12,0,16,19198,97,0,16,564,0,0,0,0,0,False,False,False
2015-05-19,0,27,42,65536,12,12,0,16,19222,97,0,16,564,0,0,0,0,0,False,False,False
2015-05-20,0,27,42,65540,12,12,0,16,19246,97,0,16,564,0,0,0,0,0,False,False,False
2015-05-21,0,27,42,196609,12,12,0,16,19270,97,0,16,564,0,0,0,0,0,False,False,False
2015-05-22,0,27,42,0,12,12,0,16,19294,97,0,16,564,0,0,0,0,0,False,False,False
2015-05-23,0,27,42,65538,12,12,0,16,19318,97,0,16,564,0,0,0,0,0,False,False,False
2015-05-24,0,27,42,0,12,12,0,16,19342,97,0,16,564,0,0,0,0,0,False,False,False
2015-05-25,0,27,42,3,12,12,0,16,19367,97,0,16,564,0,0,0,0,0,False,False,False
2015-05-26,0,26,42,65536,12,12,0,16,19390,97,0,16,564,0,0,0,0,0,False,False,False
2015-05-27,0,26,42,1,12,12,0,16,19414,97,0,16,564,0,0,0,0,0,False,False,False
2015-05-28,0,26,42,65536,12,12,0,16,19438,97,0,16,564,0,0,0,0,0,False,False,False
2015-05-29,0,27,42,1,12,12,0,16,19462,97,0,16,564,0,0,0,0,0,False,False,False
2015-05-30,0,26,42,65536,12,12,0,16,19486,97,0,16,564,0,0,0,0,0,False,False,False
2015-05-31,0,26,42,65536,12,12,0,16,19510,97,0,16,564,0,0,0,0,0,False,False,False
2015-06-01,0,26,42,65539,12,12,0,16,19534,97,0,16,564,0,0,0,0,0,False,False,False
2015-06-02,0,27,42,0,12,12,0,16,19558,97,0,16,564,0,0,0,0,0,False,False,False
2015-06-03,0,26,42,65537,12,12,0,16,19582,97,0,16,564,0,0,0,0,0,False,False,False
2015-06-04,0,26,42,0,12,12,0,16,19607,97,0,16,564,0,0,0,0,0,False,False,False
2015-06-05,0,27,42,196608,12,12,0,16,19630,97,0,16,564,0,0,0,0,0,False,False,False
2015-06-06,0,26,42,2,12,12,0,16,19654,97,0,16,564,0,0,0,0,0,False,False,False
2015-06-07,0,27,42,1,12,12,0,16,19678,97,0,16,564,0,0,0,0,0,False,False,False
2015-06-08,0,26,42,65536,12,12,0,16,19702,97,0,16,564,0,0,0,0,0,False,False,False
2015-06-09,0,26,42,0,12,12,0,16,19726,97,0,16,564,0,0,0,0,0,False,False,False
2015-06-10,0,26,42,2,12,12,0,16,19750,97,0,16,564,0,0,0,0,0,False,False,False
2015-06-11,0,27,42,0,12,12,0,16,19774,97,0,16,564,0,0,0,0,0,False,False,False
2015-06-12,0,27,42,65536,12,12,0,16,19798,97,0,16,564,0,0,0,0,0,False,False,False
2015-06-13,0,26,42,5,12,12,0,16,19822,97,0,16,564,0,0,0,0,0,False,False,False
2015-06-14,0,27,42,65538,12,12,0,16,19846,97,0,16,564,0,0,0,0,0,False,False,False
2015-06-15,0,26,42,65537,12,12,0,16,19870,97,0,16,564,0,0,0,0,0,False,False,False
2015-06-16,0,27,42,65538,12,12,0,16,19894,97,0,16,564,0,0,0,0,0,False,False,False
2015-06-17,0,26,42,65540,12,12,0,16,19919,97,0,16,564,0,0,0,0,0,False,False,False
2015-06-18,0,27,42,1,12,12,0,16,19942,97,0,16,564,0,0,0,0,0,False,False,False
2015-06-19,0,27,42,393217,12,12,0,16,19966,97,0,16,564,0,0,0,0,0,False,False,False
2015-06-20,0,28,42,262145,12,12,0,16,19990,97,0,16,564,0,0,0,0,0,False,False,False
2015-06-21,0,25,42,2,12,12,0,16,20014,97,0,16,564,0,0,0,0,0,False,False,False
2015-06-22,0,25,42,1,12,12,0,16,20038,97,0,16,564,0,0,0,0,0,False,False,False
2015-06-23,0,25,42,262149,12,12,0,16,20062,97,0,16,564,0,0,0,0,0,False,False,False
2015-06-24,0,26,42,4,12,12,0,16,20086,97,0,16,564,0,0,0,0,0,False,False,False
2015-06-25,0,24,42,0,12,12,0,16,20110,97,0,16,564,0,0,0,0,0,False,False,False
2015-06-26,0,24,42,0,12,12,0,16,20134,97,0,16,564,0,0,0,0,0,False,False,False
2015-06-27,0,24,42,131073,12,12,0,16,20159,97,0,16,564,0,0,0,0,0,False,False,False
2015-06-28,0,24,42,196609,12,12,0,16,20182,97,0,16,564,0,0,0,0,0,False,False,False
2015-06-29,0,26,42,65541,12,12,0,16,20206,97,0,16,564,0,0,0,0,0,False,False,False
2015-06-30,0,24,42,65538,12,12,0,16,20230,97,0,16,564,0,0,0,0,0,False,False,False
2015-07-01,0,24,42,524288,12,12,0,16,20254,97,0,16,564,0,0,0,0,0,False,False,False
2015-07-02,0,24,42,1,12,12,0,16,20278,97,0,16,564,0,0,0,0,0,False,False,False
2015-07-03,0,24,42,131073,12,12,0,16,20302,97,0,16,564,0,0,0,0,0,False,False,False
2015-07-04,0,24,42,65537,12,12,0,16,20326,97,0,16,564,0,0,0,0,0,False,False,False
2015-07-05,0,24,42,393218,12,12,0,16,20350,97,0,16,564,0,0,0,0,0,False,False,False
2015-07-06,0,24,42,131073,12,12,0,16,20374,97,0,16,564,0,0,0,0,0,False,False,False
2015-07-07,0,24,42,4,12,12,0,16,20399,97,0,16,564,0,0,0,0,0,False,False,False
2015-07-08,0,24,42,65538,12,12,0,16,20422,97,0,16,564,0,0,0,0,0,False,False,False
2015-07-09,0,24,42,0,12,12,0,16,20446,97,0,16,564,0,0,0,0,0,False,False,False
2015-07-10,0,24,42,1,12,12,0,16,20471,97,0,16,564,0,0,0,0,0,False,False,False
2015-07-11,0,24,42,131072,12,12,0,16,20494,97,0,16,564,0,0,0,0,0,False,False,False
2015-07-12,0,24,42,3,12,12,0,16,20518,97,0,16,564,0,0,0,0,0,False,False,False
2015-07-13,0,24,42,131076,12,12,0,16,20542,97,0,16,564,0,0,0,0,0,False,False,False
2015-07-14,0,24,42,0,12,12,0,16,20566,97,0,16,564,0,0,0,0,0,False,False,False
2015-07-15,0,24,42,2,12,12,0,16,20590,97,0,16,564,0,0,0,0,0,False,False,False
2015-07-16,0,24,42,131074,12,12,0,16,20614,97,0,16,564,0,0,0,0,0,False,False,False
2015-07-17,0,24,42,196609,12,12,0,16,20639,97,0,16,564,0,0,0,0,0,False,False,False
2015-07-18,0,24,42,1,12,12,0,16,20662,97,0,16,564,0,0,0,0,0,False,False,False
2015-07-19,0,25,42,65537,12,12,0,16,20686,97,0,16,564,0,0,0,0,0,False,False,False
2015-07-20,0,24,42,1,12,12,0,16,20711,97,0,16,564,0,0,0,0,0,False,False,False
2015-07-21,0,25,42,131072,12,12,0,16,20734,97,0,16,564,0,0,0,0,0,False,False,False
2015-07-22,0,24,42,131081,12,12,0,16,20758,97,0,16,564,0,0,0,0,0,False,False,False
2015-07-23,0,24,42,196608,12,12,0,16,20782,97,0,16,564,0,0,0,0,0,False,False,False
2015-07-24,0,24,42,393224,12,12,0,16,20806,97,0,16,564,0,0,0,0,0,False,False,False
2015-07-25,0,25,42,4,12,12,0,16,20830,97,0,16,564,0,0,0,0,0,False,False,False
2015-07-26,0,25,42,131077,12,12,0,16,20855,97,0,16,564,0,0,0,0,0,False,False,False
2015-07-27,0,25,42,131073,12,12,0,16,20878,97,0,16,564,0,0,0,0,0,False,False,False
2015-07-28,0,24,42,3,12,12,0,16,20902,97,0,16,564,0,0,0,0,0,False,False,False
2015-07-29,0,24,42,262148,12,12,0,16,20926,97,0,16,564,0,0,0,0,0,False,False,False
2015-07-30,0,24,42,327683,12,12,0,16,20950,97,0,16,564,0,0,0,0,0,False,False,False
2015-07-31,0,24,42,131084,12,12,0,16,20974,97,0,16,564,0,0,0,0,0,False,False,False
2015-08-01,0,24,42,131073,12,12,0,16,20998,97,0,16,564,0,0,0,0,0,False,False,False
2015-08-02,0,24,42,196608,12,12,0,16,21023,97,0,16,564,0,0,0,0,0,False,False,False
2015-08-03,0,25,42,262148,12,12,0,16,21046,97,0,16,564,0,0,0,0,0,False,False,False
2015-08-04,0,25,42,131075,12,12,0,16,21070,97,0,16,564,0,0,0,0,0,False,False,False
2015-08-05,0,25,42,393219,12,12,0,16,21095,97,0,16,564,0,0,0,0,0,False,False,False
2015-08-06,0,24,42,131075,12,12,0,16,21118,97,0,16,564,0,0,0,0,0,False,False,False
2015-08-07,0,24,42,131075,12,12,0,16,21142,97,0,16,564,0,0,0,0,0,False,False,False
2015-08-08,0,25,42,65536,12,12,0,16,21166,97,0,16,564,0,0,0,0,0,False,False,False
2015-08-09,0,25,42,1,12,12,0,16,21191,97,0,16,564,0,0,0,0,0,False,False,False
2015-08-10,0,24,42,65538,12,12,0,16,21214,97,0,16,564,0,0,0,0,0,False,False,False
2015-08-11,0,25,42,131076,12,12,0,16,21238,97,0,16,564,0,0,0,0,0,False,False,False
2015-08-12,0,25,42,131074,12,12,0,16,21263,97,0,16,564,0,0,0,0,0,False,False,False
2015-08-13,0,25,42,1,12,12,0,16,21286,97,0,16,564,0,0,0,0,0,False,False,False
2015-08-14,0,25,42,4,12,12,0,16,21310,97,0,16,564,0,0,0,0,0,False,False,False
2015-08-15,0,24,42,65537,12,12,0,16,21334,97,0,16,564,0,0,0,0,0,False,False,False
2015-08-16,0,25,42,65538,12,12,0,16,21358,97,0,16,564,0,0,0,0,0,False,False,False
2015-08-17,0,25,42,131072,12,12,0,16,21382,97,0,16,564,0,0,0,0,0,False,False,False
2015-08-18,0,24,42,196611,12,12,0,16,21406,97,0,16,564,0,0,0,0,0,False,False,False
2015-08-19,0,24,42,196608,12,12,0,16,21430,97,0,16,564,0,0,0,0,0,False,False,False
2015-08-20,0,25,42,65538,12,12,0,16,21455,97,0,16,564,0,0,0,0,0,False,False,False
2015-08-21,0,25,42,1,12,12,0,16,21478,97,0,16,564,0,0,0,0,0,False,False,False
2015-08-22,0,25,42,196614,12,12,0,16,21502,97,0,16,564,0,0,0,0,0,False,False,False
2015-08-23,0,25,42,65540,12,12,0,16,21527,97,0,16,564,0,0,0,0,0,False,False,False
2015-08-24,0,25,42,65538,12,12,0,16,21550,97,0,16,564,0,0,0,0,0,False,False,False
2015-08-25,0,25,42,0,12,12,0,16,21574,97,0,16,564,0,0,0,0,0,False,False,False
2015-08-26,0,25,42,0,12,12,0,16,21598,97,0,16,564,0,0,0,0,0,False,False,False
2015-08-27,0,25,42,0,12,12,0,16,21623,97,0,16,564,0,0,0,0,0,False,False,False
2015-08-28,0,24,42,0,12,12,0,16,21646,97,0,16,564,0,0,0,0,0,False,False,False
2015-08-29,0,24,42,0,12,12,0,16,21670,97,0,16,564,0,0,0,0,0,False,False,False
2015-08-30,0,25,42,0,12,12,0,16,21695,97,0,16,564,0,0,0,0,0,False,False,False
2015-08-31,0,24,42,327682,12,12,0,16,21718,97,0,16,564,0,0,0,0,0,False,False,False
2015-09-01,0,25,42,196609,12,12,0,16,21742,97,0,16,564,0,0,0,0,0,False,False,False
2015-09-02,0,25,42,1,12,12,0,16,21766,97,0,16,564,0,0,0,0,0,False,False,False
2015-09-03,0,25,42,131075,12,12,0,16,21790,97,0,16,564,0,0,0,0,0,False,False,False
2015-09-04,0,25,42,4,12,12,0,16,21814,97,0,16,564,0,0,0,0,0,False,False,False
2015-09-05,0,25,42,393216,12,12,0,16,21838,97,0,16,564,0,0,0,0,0,False,False,False
2015-09-06,0,24,42,65538,12,12,0,16,21863,97,0,16,564,0,0,0,0,0,False,False,False
2015-09-07,0,24,42,327681,12,12,0,16,21886,97,0,16,564,0,0,0,0,0,False,False,False
2015-09-08,0,25,42,0,12,12,0,16,21910,97,0,16,564,0,0,0,0,0,False,False,False
2015-09-09,0,25,42,131074,12,12,0,16,21935,97,0,16,564,0,0,0,0,0,False,False,False
2015-09-10,0,25,42,262145,12,12,0,16,21958,97,0,16,564,0,0,0,0,0,False,False,False
2015-09-11,0,25,42,131075,12,12,0,16,21982,97,0,16,564,0,0,0,0,0,False,False,False
2015-09-12,0,25,42,131074,12,12,0,16,22006,97,0,16,564,0,0,0,0,0,False,False,False
2015-09-13,0,24,42,262150,12,12,0,16,22030,97,0,16,564,0,0,0,0,0,False,False,False
2015-09-14,0,24,42,262147,12,12,0,16,22054,97,0,16,564,0,0,0,0,0,False,False,False
2015-09-15,0,25,42,131076,12,12,0,16,22078,97,0,16,564,0,0,0,0,0,False,False,False
2015-09-16,0,25,42,1,12,12,0,16,22103,97,0,16,564,0,0,0,0,0,False,False,False
2015-09-17,0,25,42,131075,12,12,0,16,22126,97,0,16,564,0,0,0,0,0,False,False,False
2015-09-18,0,25,42,196611,12,12,0,16,22150,97,0,16,564,0,0,0,0,0,False,False,False
2015-09-19,0,25,42,327682,12,12,0,16,22175,97,0,16,564,0,0,0,0,0,False,False,False
2015-09-20,0,26,42,327685,12,12,0,16,22198,97,0,16,564,0,0,0,0,0,False,False,False
2015-09-21,0,25,42,196610,12,12,0,16,22222,97,0,16,564,0,0,0,0,0,False,False,False
2015-09-22,0,25,42,131073,12,12,0,16,22247,97,0,16,564,0,0,0,0,0,False,False,False
2015-09-23,0,25,42,65536,12,12,0,16,22270,97,0,16,564,0,0,0,0,0,False,False,False
2015-09-24,0,25,42,262147,12,12,0,16,22294,97,0,16,564,0,0,0,0,0,False,False,False
2015-09-25,0,25,42,65538,12,12,0,16,22319,97,0,16,564,0,0,0,0,0,False,False,False
2015-09-26,0,25,42,262144,12,12,0,16,22343,97,0,16,564,0,0,0,0,0,False,False,False
2015-09-27,0,25,42,262149,12,12,0,16,22366,97,0,16,564,0,0,0,0,0,False,False,False
2015-09-28,0,25,42,327681,12,12,0,16,22390,97,0,16,564,0,0,0,0,0,False,False,False
2015-09-29,0,25,42,196610,12,12,0,16,22415,97,0,16,564,0,0,0,0,0,False,False,False
2015-09-30,0,25,42,262145,12,12,0,16,22438,97,0,16,564,0,0,0,0,0,False,False,False
2015-10-01,0,25,42,327681,12,12,0,16,22462,97,0,16,564,0,0,0,0,0,False,False,False
2015-10-02,0,25,42,3,12,12,0,16,22487,97,0,16,564,0,0,0,0,0,False,False,False
2015-10-03,0,25,42,458755,12,12,0,16,22510,97,0,16,564,0,0,0,0,0,False,False,False
2015-10-04,0,24,42,131072,12,12,0,16,22534,97,0,16,564,0,0,0,0,0,False,False,False
2015-10-05,0,25,42,65539,12,12,0,16,22559,97,0,16,564,0,0,0,0,0,False,False,False
2015-10-06,0,25,42,65537,12,12,0,16,22582,97,0,16,564,0,0,0,0,0,False,False,False
2015-10-07,0,25,42,65539,12,12,0,16,22606,97,0,16,564,0,0,0,0,0,False,False,False
2015-10-08,0,25,42,65544,12,12,0,16,22630,97,0,16,564,0,0,0,0,0,False,False,False
2015-10-09,0,24,42,327682,12,12,0,16,22655,97,0,16,564,0,0,0,0,0,False,False,False
2015-10-10,0,25,42,196608,12,12,0,16,22678,97,0,16,564,0,0,0,0,0,False,False,False
2015-10-11,0,25,42,262146,12,12,0,16,22702,97,0,16,564,0,0,0,0,0,False,False,False
2015-10-12,0,25,42,131074,12,12,0,16,22727,97,0,16,564,0,0,0,0,0,False,False,False
2015-10-13,0,24,42,327687,12,12,0,16,22750,97,0,16,564,0,0,0,0,0,False,False,False
2015-10-14,0,25,42,589826,12,12,0,16,22774,97,0,16,564,0,0,0,0,0,False,False,False
2015-10-15,0,25,42,6,12,12,0,16,22798,97,0,16,564,0,0,0,0,0,False,False,False
2015-10-16,0,25,42,589825,12,12,0,16,22823,97,0,16,564,0,0,0,0,0,False,False,False
2015-10-17,0,24,42,262150,12,12,0,16,22846,97,0,16,564,0,0,0,0,0,False,False,False
2015-10-18,0,25,42,65538,12,12,0,16,22870,97,0,16,564,0,0,0,0,0,False,False,False
2015-10-19,0,25,42,393219,12,12,0,16,22895,97,0,16,564,0,0,0,0,0,False,False,False
2015-10-20,0,25,42,131075,12,12,0,16,22918,97,0,16,564,0,0,0,0,0,False,False,False
2015-10-21,0,25,42,851970,12,12,0,16,22942,97,0,16,564,0,0,0,0,0,False,False,False
2015-10-22,0,25,42,262144,12,12,0,16,22967,97,0,16,564,0,0,0,0,0,False,False,False
2015-10-23,0,25,42,262144,12,12,0,16,22990,97,0,16,564,0,0,0,0,0,False,False,False
2015-10-24,0,25,42,65536,12,12,0,16,23014,97,0,16,564,0,0,0,0,0,False,False,False
2015-10-25,0,25,42,262148,12,12,0,16,23038,97,0,16,564,0,0,0,0,0,False,False,False
2015-10-26,0,25,42,196608,12,12,0,16,23063,97,0,16,564,0,0,0,0,0,False,False,False
2015-10-27,0,25,42,131078,12,12,0,16,23086,97,0,16,564,0,0,0,0,0,False,False,False
2015-10-29,0,25,42,196608,12,12,0,16,23135,97,0,16,564,0,0,0,0,0,False,False,False
2015-10-30,0,24,42,0,12,12,0,16,23158,97,0,16,564,0,0,0,0,0,False,False,False
2015-10-31,0,24,42,327682,12,12,0,16,23182,97,0,16,564,0,0,0,0,0,False,False,False
2015-11-02,0,25,42,524292,12,12,0,16,23231,97,0,16,564,0,0,0,0,0,False,False,False
2015-11-03,0,25,42,393218,12,12,0,16,23256,97,0,16,564,0,0,0,0,0,False,False,False
2015-11-04,0,24,42,131073,12,12,0,16,23280,97,0,16,564,0,0,0,0,0,False,False,False
2015-11-05,0,24,42,131077,12,12,0,16,23303,97,0,16,564,0,0,0,0,0,False,False,False
2015-11-06,0,24,42,131073,12,12,0,16,23328,97,0,16,564,0,0,0,0,0,False,False,False
2015-11-07,0,24,42,65540,12,12,0,16,23352,97,0,16,564,0,0,0,0,0,False,False,False
2015-11-08,0,24,42,65543,12,12,0,16,23375,97,0,16,564,0,0,0,0,0,False,False,False
2015-11-09,0,25,42,65537,12,12,0,16,23399,97,0,16,564,0,0,0,0,0,False,False,False
2015-11-10,0,24,42,196610,12,12,0,16,23424,97,0,16,564,0,0,0,0,0,False,False,False
2015-11-11,0,26,42,65538,12,12,0,16,23447,97,0,16,564,0,0,0,0,0,False,False,False
2015-11-12,0,26,42,262146,12,12,0,16,23471,97,0,16,564,0,0,0,0,0,False,False,False
2015-11-13,0,24,42,196612,12,12,0,16,23496,97,0,16,564,0,0,0,0,0,False,False,False
2015-11-14,0,24,42,4,12,12,0,16,23520,97,0,16,564,0,0,0,0,0,False,False,False
2015-11-15,0,25,42,327685,12,12,0,16,23543,97,0,16,564,0,0,0,0,0,False,False,False
2015-11-16,0,24,42,327681,12,12,0,16,23567,97,0,16,564,0,0,0,0,0,False,False,False
2015-11-17,0,23,42,393219,12,12,0,16,23592,97,0,16,564,0,0,0,0,0,False,False,False
2015-11-18,0,24,42,131076,12,12,0,16,23615,97,0,16,564,0,0,0,0,0,False,False,False
2015-11-19,0,24,42,2293797,12,12,0,16,23639,97,0,16,564,0,0,0,0,0,False,False,False
2015-11-20,0,25,42,0,12,12,0,16,23664,97,0,16,564,0,0,0,0,0,False,False,False
2015-11-21,0,25,42,131073,12,12,0,16,23687,97,0,16,564,0,0,0,0,0,False,False,False
2015-11-22,0,25,42,327685,12,12,0,16,23711,97,0,16,564,0,0,0,0,0,False,False,False
2015-11-23,0,25,42,4,12,12,0,16,23736,97,0,16,564,0,0,0,0,0,False,False,False
2015-11-24,0,25,42,327680,12,12,0,16,23759,97,0,16,564,0,0,0,0,0,False,False,False
2015-11-25,0,23,42,131076,12,12,0,16,23783,97,0,16,564,0,0,0,0,0,False,False,False
2015-11-26,0,24,42,196613,12,12,0,16,23808,97,0,16,564,0,0,0,0,0,False,False,False
2015-11-27,0,25,42,131075,12,12,0,16,23832,97,0,16,564,0,0,0,0,0,False,False,False
2015-11-28,0,26,42,262147,12,12,0,16,23855,97,0,16,564,0,0,0,0,0,False,False,False
2015-11-29,0,25,42,262145,12,12,0,16,23879,97,0,16,564,0,0,0,0,0,False,False,False
2015-11-30,0,25,42,262150,12,12,0,16,23904,97,0,16,564,0,0,0,0,0,False,False,False
2015-12-01,0,25,42,131076,12,12,0,16,23927,97,0,16,564,0,0,0,0,0,False,False,False
2015-12-02,0,26,42,196615,12,12,0,16,23951,97,0,16,564,0,0,0,0,0,False,False,False
2015-12-03,0,26,42,131075,12,12,0,16,23976,97,0,16,564,0,0,0,0,0,False,False,False
2015-12-04,0,26,42,65538,12,12,0,16,23999,97,0,16,564,0,0,0,0,0,False,False,False
2015-12-05,0,26,42,196613,12,12,0,16,24023,97,0,16,564,0,0,0,0,0,False,False,False
2015-12-06,0,26,42,2,12,12,0,16,24048,97,0,16,564,0,0,0,0,0,False,False,False
2015-12-07,0,26,42,131076,12,12,0,16,24072,97,0,16,564,0,0,0,0,0,False,False,False
2015-12-08,0,26,42,393222,12,12,0,16,24095,97,0,16,564,0,0,0,0,0,False,False,False
2015-12-09,0,26,42,65539,12,12,0,16,24119,97,0,16,564,0,0,0,0,0,False,False,False
2015-12-10,0,26,42,196610,12,12,0,16,24144,97,0,16,564,0,0,0,0,0,False,False,False
2015-12-11,0,26,42,3,12,12,0,16,24167,97,0,16,564,0,0,0,0,0,False,False,False
2015-12-12,0,25,42,196611,12,12,0,16,24191,97,0,16,564,0,0,0,0,0,False,False,False
2015-12-13,0,25,42,4,12,12,0,16,24216,97,0,16,564,0,0,0,0,0,False,False,False
2015-12-14,0,25,42,720901,12,12,0,16,24239,97,0,16,564,0,0,0,0,0,False,False,False
2015-12-15,0,24,42,262148,12,12,0,16,24263,97,0,16,564,0,0,0,0,0,False,False,False
2015-12-16,0,24,42,458755,12,12,0,16,24288,97,0,16,564,0,0,0,0,0,False,False,False
2015-12-17,0,24,42,131078,12,12,0,16,24312,97,0,16,564,0,0,0,0,0,False,False,False
2015-12-18,0,24,42,327682,12,12,0,16,24335,97,0,16,564,0,0,0,0,0,False,False,False
2015-12-19,0,25,42,131074,12,12,0,16,24360,97,0,16,564,0,0,0,0,0,False,False,False
2015-12-20,0,25,42,196612,12,12,0,16,24384,97,0,16,564,0,0,0,0,0,False,False,False
2015-12-21,0,26,42,262147,12,12,0,16,24407,97,0,16,564,0,0,0,0,0,False,False,False
2015-12-22,0,26,42,1,12,12,0,16,24431,97,0,16,564,0,0,0,0,0,False,False,False
2015-12-23,0,26,42,65537,12,12,0,16,24456,97,0,16,564,0,0,0,0,0,False,False,False
2015-12-24,0,25,42,131077,12,12,0,16,24479,97,0,16,564,0,0,0,0,0,False,False,False
2015-12-25,0,24,42,65539,12,12,0,16,24503,97,0,16,564,0,0,0,0,0,False,False,False
2015-12-26,0,24,42,131077,12,12,0,16,24528,97,0,16,564,0,0,0,0,0,False,False,False
2015-12-27,0,23,42,131076,12,12,0,16,24552,97,0,16,564,0,0,0,0,0,False,False,False
2015-12-28,0,24,42,196610,12,12,0,16,24575,97,0,16,564,0,0,0,0,0,False,False,False
2015-12-29,0,24,42,196609,12,12,0,16,24599,97,0,16,564,0,0,0,0,0,False,False,False
2015-12-30,0,24,42,393220,12,12,0,16,24624,97,0,16,564,0,0,0,0,0,False,False,False
2015-12-31,0,24,42,131076,12,12,0,16,24647,97,0,16,564,0,0,0,0,0,False,False,False
2016-01-01,0,24,42,131077,12,12,0,16,24671,97,0,16,564,0,0,0,0,0,False,False,False
2016-01-02,0,23,42,131073,12,12,0,16,24696,97,0,16,564,0,0,0,0,0,False,False,False
2016-01-03,0,24,42,131075,12,12,0,16,24719,97,0,16,564,0,0,0,0,0,False,False,False
2016-01-04,0,24,42,65539,12,12,0,16,24743,97,0,16,564,0,0,0,0,0,False,False,False
2016-01-05,0,25,42,0,12,12,0,16,24768,97,0,16,564,0,0,0,0,0,False,False,False
2016-01-06,0,25,42,65538,12,12,0,16,24791,97,0,16,564,0,0,0,0,0,False,False,False
2016-01-07,0,25,42,196611,12,12,0,16,24815,97,0,16,564,0,0,0,0,0,False,False,False
2016-01-08,0,24,42,131076,12,12,0,16,24840,97,0,16,564,0,0,0,0,0,False,False,False
2016-01-09,0,25,42,65538,12,12,0,16,24864,97,0,16,564,0,0,0,0,0,False,False,False
2016-01-10,0,25,42,327683,12,12,0,16,24887,97,0,16,564,0,0,0,0,0,False,False,False
2016-01-11,0,25,42,262149,12,12,0,16,24912,97,0,16,564,0,0,0,0,0,False,False,False
2016-01-12,0,25,42,262145,12,12,0,16,24936,97,0,16,564,0,0,0,0,0,False,False,False
2016-01-13,0,26,42,458756,12,12,0,16,24959,97,0,16,564,0,0,0,0,0,False,False,False
2016-01-14,0,25,42,262147,12,12,0,16,24983,97,0,16,564,0,0,0,0,0,False,False,False
2016-01-15,0,26,42,2,12,12,0,16,25008,97,0,16,564,0,0,0,0,0,False,False,False
2016-01-16,0,26,42,262150,12,12,0,16,25031,97,0,16,564,0,0,0,0,0,False,False,False
2016-01-17,0,26,42,196612,12,12,0,16,25055,97,0,16,564,0,0,0,0,0,False,False,False
2016-01-18,0,26,42,131075,12,12,0,16,25080,97,0,16,564,0,0,0,0,0,False,False,False
2016-01-19,0,26,42,393220,12,12,0,16,25104,97,0,16,564,0,0,0,0,0,False,False,False
2016-01-20,0,26,42,327684,12,12,0,16,25127,97,0,16,564,0,0,0,0,0,False,False,False
2016-01-21,0,26,42,65545,12,12,0,16,25152,97,0,16,564,0,0,0,0,0,False,False,False
2016-01-22,0,27,42,262152,12,12,0,16,25176,97,0,16,564,0,0,0,0,0,False,False,False
2016-01-23,0,26,42,327684,12,12,0,16,25199,97,0,16,564,0,0,0,0,0,False,False,False
2016-01-24,0,25,42,262146,12,12,0,16,25224,97,0,16,564,0,0,0,0,0,False,False,False
2016-01-25,0,25,42,196613,12,12,0,16,25248,97,0,16,564,0,0,0,0,0,False,False,False
2016-01-26,0,25,42,4,12,12,0,16,25271,97,0,16,564,0,0,0,0,0,False,False,False
2016-01-27,0,26,42,196611,12,12,0,16,25295,97,0,16,564,0,0,0,0,0,False,False,False
2016-01-28,0,26,42,2,12,12,0,16,25320,97,0,16,564,0,0,0,0,0,False,False,False
2016-01-29,0,27,42,262148,12,12,0,16,25344,97,0,16,564,0,0,0,0,0,False,False,False
2016-01-30,0,27,42,131076,12,12,0,16,25367,97,0,16,564,0,0,0,0,0,False,False,False
2016-01-31,0,27,42,262146,12,12,0,16,25392,97,0,16,564,0,0,0,0,0,False,False,False
2016-02-01,0,26,42,131073,12,12,0,16,25416,97,0,16,564,0,0,0,0,0,False,False,False
2016-02-02,0,26,42,393219,12,12,0,16,25439,97,0,16,564,0,0,0,0,0,False,False,False
2016-02-03,0,25,42,393221,12,12,0,16,25463,97,0,16,564,0,0,0,0,0,False,False,False
2016-02-04,0,26,42,1048583,12,12,0,16,25488,97,0,16,564,0,0,0,0,0,False,False,False
2016-02-05,0,26,42,589852,12,12,0,16,25512,97,0,16,564,0,0,0,0,0,False,False,False
2016-02-06,0,26,42,65548,12,12,0,16,25535,97,0,16,564,0,0,0,0,0,False,False,False
2016-02-07,0,26,42,131074,12,12,0,16,25560,97,0,16,564,0,0,0,0,0,False,False,False
2016-02-08,0,26,42,196609,12,12,0,16,25584,97,0,16,564,0,0,0,0,0,False,False,False
2016-02-09,0,26,42,262146,12,12,0,16,25607,97,0,16,564,0,0,0,0,0,False,False,False
2016-02-10,0,27,42,393219,12,12,0,16,25632,97,0,16,564,0,0,0,0,0,False,False,False
2016-02-11,0,26,42,65538,12,12,0,16,25656,97,0,16,564,0,0,0,0,0,False,False,False
2016-02-12,0,26,42,327685,12,12,0,16,25679,97,0,16,564,0,0,0,0,0,False,False,False
2016-02-13,0,27,42,327683,12,12,0,16,25703,97,0,16,564,0,0,0,0,0,False,False,False
2016-02-14,0,26,42,327684,12,12,0,16,25728,97,0,16,564,0,0,0,0,0,False,False,False
2016-02-15,0,26,42,458754,12,12,0,16,25751,97,0,16,564,0,0,0,0,0,False,False,False
2016-02-16,0,26,42,131093,12,12,0,16,25775,97,0,16,564,0,0,0,0,0,False,False,False
2016-02-17,0,26,42,327684,12,12,0,16,25800,97,0,16,564,0,0,0,0,0,False,False,False
2016-02-18,0,26,42,131075,12,12,0,16,25824,97,0,16,564,0,0,0,0,0,False,False,False
2016-02-19,0,26,42,262147,12,12,0,16,25847,97,0,16,564,0,0,0,0,0,False,False,False
2016-02-20,0,26,42,131074,12,12,0,16,25872,97,0,16,564,0,0,0,0,0,False,False,False
2016-02-21,0,26,42,589835,12,12,0,16,25896,97,0,16,564,0,0,0,0,0,False,False,False
2016-02-22,0,26,42,196615,12,12,0,16,25919,97,0,16,564,0,0,0,0,0,False,False,False
2016-02-23,0,26,42,196615,12,12,0,16,25944,97,0,16,564,0,0,0,0,0,False,False,False
2016-02-24,0,26,42,1,12,12,0,16,25968,97,0,16,564,0,0,0,0,0,False,False,False
2016-02-25,0,26,42,262144,12,12,0,16,25991,97,0,16,564,0,0,0,0,0,False,False,False
2016-02-26,0,26,42,4,12,12,0,16,26015,97,0,16,564,0,0,0,0,0,False,False,False
2016-02-27,0,26,42,196611,12,12,0,16,26040,97,0,16,564,0,0,0,0,0,False,False,False
2016-02-28,0,26,42,65539,12,12,0,16,26064,97,0,16,564,0,0,0,0,0,False,False,False
2016-02-29,0,26,42,262148,12,12,0,16,26087,97,0,16,564,0,0,0,0,0,False,False,False
2016-03-01,0,26,42,131074,12,12,0,16,26112,97,0,16,564,0,0,0,0,0,False,False,False
2016-03-02,0,26,42,196611,12,12,0,16,26136,97,0,16,564,0,0,0,0,0,False,False,False
2016-03-03,0,26,42,196610,12,12,0,16,26159,97,0,16,564,0,0,0,0,0,False,False,False
2016-03-04,0,27,42,196608,12,12,0,16,26184,97,0,16,564,0,0,0,0,0,False,False,False
2016-03-05,0,27,42,65537,12,12,0,16,26208,97,0,16,564,0,0,0,0,0,False,False,False
2016-03-06,0,31,42,524289,12,12,0,16,26231,97,0,16,564,0,0,0,0,0,False,False,False
2016-03-07,0,27,42,393219,12,12,0,16,26255,97,0,16,564,0,0,0,0,0,False,False,False
2016-03-08,0,27,42,5,13,13,0,17,26279,96,0,17,564,0,0,0,0,0,False,False,False
2016-03-09,0,26,42,524294,13,13,0,17,26304,96,0,17,564,0,0,0,0,0,False,False,False
2016-03-10,0,27,42,196610,13,13,0,17,26327,96,0,17,564,0,0,0,0,0,False,False,False
2016-03-11,0,28,42,0,13,13,0,17,26351,96,0,17,564,0,0,0,0,0,False,False,False
2016-03-12,0,28,42,65539,13,13,0,17,26375,96,0,17,564,0,0,0,0,0,False,False,False
2016-03-13,0,28,42,65539,13,13,0,17,26400,96,0,17,564,0,0,0,0,0,False,False,False
2016-03-14,0,27,42,4,13,13,0,17,26423,96,0,17,564,0,0,0,0,0,False,False,False
2016-03-15,0,28,42,131074,13,13,0,17,26446,96,0,17,564,0,0,0,0,0,False,False,False
2016-03-16,0,28,42,458759,13,13,0,17,26470,96,0,17,564,0,0,0,0,0,False,False,False
2016-03-17,0,28,42,262145,13,13,0,17,26495,96,0,17,564,0,0,0,0,0,False,False,False
2016-03-18,0,28,42,262145,13,13,0,17,26518,96,0,17,564,0,0,0,0,0,False,False,False
2016-03-19,0,27,42,327684,13,13,0,17,26542,96,0,17,564,0,0,0,0,0,False,False,False
2016-03-20,0,28,42,65538,13,13,0,17,26567,96,0,17,564,0,0,0,0,0,False,False,False
2016-03-21,0,27,42,65536,13,13,0,17,26590,96,0,17,564,0,0,0,0,0,False,False,False
2016-03-22,0,28,42,1048586,13,13,0,17,26614,96,0,17,564,0,0,0,0,0,False,False,False
2016-03-23,0,28,42,655366,13,13,0,17,26638,96,0,17,564,0,0,0,0,0,False,False,False
2016-03-24,0,27,42,196608,13,13,0,17,26663,96,0,17,564,0,0,0,0,0,False,False,False
2016-03-25,0,28,42,196624,13,13,0,17,26686,96,0,17,564,0,0,0,0,0,False,False,False
2016-03-26,0,27,42,131073,13,13,0,17,26710,96,0,17,564,0,0,0,0,0,False,False,False
2016-03-27,0,27,42,262152,13,13,0,17,26735,96,0,17,564,0,0,0,0,0,False,False,False
2016-03-28,0,28,42,8,13,13,0,17,26758,96,0,17,564,0,0,0,0,0,False,False,False
2016-03-29,0,28,42,458756,13,13,0,17,26782,96,0,17,564,0,0,0,0,0,False,False,False
2016-03-30,0,28,42,5,13,13,0,17,26807,96,0,17,564,0,0,0,0,0,False,False,False
2016-03-31,0,28,42,65536,13,13,0,17,26830,96,0,17,564,0,0,0,0,0,False,False,False
2016-04-01,0,28,42,131076,13,13,0,17,26854,96,0,17,564,0,0,0,0,0,False,False,False
2016-04-02,0,28,42,131076,13,13,0,17,26879,96,0,17,564,0,0,0,0,0,False,False,False
2016-04-03,0,28,42,131076,13,13,0,17,26903,96,0,17,564,0,0,0,0,0,False,False,False
2016-04-04,0,28,42,196612,13,13,0,17,26926,96,0,17,564,0,0,0,0,0,False,False,False
2016-04-05,0,28,42,262144,13,13,0,17,26950,96,0,17,564,0,0,0,0,0,False,False,False
2016-04-06,0,27,42,196612,13,13,0,17,26975,96,0,17,564,0,0,0,0,0,False,False,False
2016-04-07,0,28,42,131074,13,13,0,17,26998,96,0,17,564,0,0,0,0,0,False,False,False
2016-04-08,0,28,42,65539,13,13,0,17,27022,96,0,17,564,0,0,0,0,0,False,False,False
2016-04-09,0,28,42,131074,13,13,0,17,27047,96,0,17,564,0,0,0,0,0,False,False,False
2016-04-10,0,28,42,655365,13,13,0,17,27070,96,0,17,564,0,0,0,0,0,False,False,False
2016-04-11,0,28,42,655365,13,13,0,17,27094,96,0,17,564,0,0,0,0,0,False,False,False
2016-04-12,0,28,42,3,13,13,0,17,27119,96,0,17,564,0,0,0,0,0,False,False,False
2016-04-13,0,28,42,720897,13,13,0,17,27143,96,0,17,564,0,0,0,0,0,False,False,False
2016-04-14,0,27,42,458752,13,13,0,17,27166,96,0,17,564,0,0,0,0,0,False,False,False
2016-04-15,0,27,42,458755,13,13,0,17,27190,96,0,17,564,0,0,0,0,0,False,False,False
2016-04-16,0,27,42,655361,13,13,0,17,27215,96,0,17,564,0,0,0,0,0,False,False,False
2016-04-17,0,27,42,65536,13,13,0,17,27238,96,0,17,564,0,0,0,0,0,False,False,False
2016-04-18,0,27,42,196609,13,13,0,17,27262,96,0,17,564,0,0,0,0,0,False,False,False
2016-04-19,0,27,42,393221,13,13,0,17,27287,96,0,17,564,0,0,0,0,0,False,False,False
2016-04-20,0,27,42,1,13,13,0,17,27310,96,0,17,564,0,0,0,0,0,False,False,False
2016-04-21,0,27,42,131076,13,13,0,17,27334,96,0,17,564,0,0,0,0,0,False,False,False
2016-04-22,0,27,42,3,13,13,0,17,27359,96,0,17,564,0,0,0,0,0,False,False,False
2016-04-23,0,27,42,196610,13,13,0,17,27382,96,0,17,564,0,0,0,0,0,False,False,False
2016-04-24,0,27,42,524291,13,13,0,17,27406,96,0,17,564,0,0,0,0,0,False,False,False
2016-04-25,0,27,42,4,13,13,0,17,27431,96,0,17,564,0,0,0,0,0,False,False,False
2016-04-26,0,27,42,131076,13,13,0,17,27455,96,0,17,564,0,0,0,0,0,False,False,False
2016-04-27,0,27,42,196608,13,13,0,17,27478,96,0,17,564,0,0,0,0,0,False,False,False
2016-04-28,0,27,42,6,13,13,0,17,27502,96,0,17,564,0,0,0,0,0,False,False,False
2016-04-29,0,27,42,589833,13,13,0,17,27527,96,0,17,564,0,0,0,0,0,False,False,False
2016-04-30,0,27,42,458759,13,13,0,17,27550,96,0,17,564,0,0,0,0,0,False,False,False
2016-05-01,0,27,42,6,13,13,0,17,27574,96,0,17,564,0,0,0,0,0,False,False,False
2016-05-02,0,27,42,65540,13,13,0,17,27599,96,0,17,564,0,0,0,0,0,False,False,False
2016-05-03,0,28,42,196618,13,13,0,17,27622,96,0,17,564,0,0,0,0,0,False,False,False
2016-05-04,0,28,42,196610,13,13,0,17,27646,96,0,17,564,0,0,0,0,0,False,False,False
2016-05-05,0,28,42,327683,13,13,0,17,27671,96,0,17,564,0,0,0,0,0,False,False,False
2016-05-06,0,28,42,262152,13,13,0,17,27695,96,0,17,564,0,0,0,0,0,False,False,False
2016-05-07,0,28,42,196611,13,13,0,17,27718,96,0,17,564,0,0,0,0,0,False,False,False
2016-05-08,0,28,42,327688,13,13,0,17,27742,96,0,17,564,0,0,0,0,0,False,False,False
2016-05-09,0,28,42,393220,13,13,0,17,27767,96,0,17,564,0,0,0,0,0,False,False,False
2016-05-10,0,29,42,327685,13,13,0,17,27790,96,0,17,564,0,0,0,0,0,False,False,False
2016-05-11,0,29,42,393238,13,13,0,17,27814,96,0,17,564,0,0,0,0,0,False,False,False
2016-05-12,0,29,42,458754,13,13,0,17,27839,96,0,17,564,0,0,0,0,0,False,False,False
2016-05-13,0,29,42,196610,13,13,0,17,27863,96,0,17,564,0,0,0,0,0,False,False,False
2016-05-14,0,28,42,327682,13,13,0,17,27886,96,0,17,564,0,0,0,0,0,False,False,False
2016-05-15,0,28,42,131074,13,13,0,17,27911,96,0,17,564,0,0,0,0,0,False,False,False
2016-05-16,0,29,42,65539,13,13,0,17,27935,96,0,17,564,0,0,0,0,0,False,False,False
2016-05-17,0,29,42,589825,13,13,0,17,27958,96,0,17,564,0,0,0,0,0,False,False,False
2016-05-18,0,29,42,65537,13,13,0,17,27982,96,0,17,564,0,0,0,0,0,False,False,False
2016-05-19,0,29,42,65537,13,13,0,17,28007,96,0,17,564,0,0,0,0,0,False,False,False
2016-05-20,0,28,42,1,13,13,0,17,28030,96,0,17,564,0,0,0,0,0,False,False,False
2016-05-21,0,28,42,196613,13,13,0,17,28054,96,0,17,564,0,0,0,0,0,False,False,False
2016-05-22,0,29,42,262145,13,13,0,17,28079,96,0,17,564,0,0,0,0,0,False,False,False
2016-05-23,0,28,42,65537,13,13,0,17,28103,96,0,17,564,0,0,0,0,0,False,False,False
2016-05-24,0,29,42,196610,13,13,0,17,28126,96,0,17,564,0,0,0,0,0,False,False,False
2016-05-25,0,29,42,327682,13,13,0,17,28151,96,0,17,564,0,0,0,0,0,False,False,False
2016-05-26,0,28,42,2,13,13,0,17,28175,96,0,17,564,0,0,0,0,0,False,False,False
2016-05-27,0,29,42,262150,13,13,0,17,28198,96,0,17,564,0,0,0,0,0,False,False,False
2016-05-28,0,29,42,131075,13,13,0,17,28222,96,0,17,564,0,0,0,0,0,False,False,False
2016-05-29,0,29,42,393217,13,13,0,17,28247,96,0,17,564,0,0,0,0,0,False,False,False
2016-05-30,0,29,42,262144,13,13,0,17,28270,96,0,17,564,0,0,0,0,0,False,False,False
2016-05-31,0,29,42,524296,13,13,0,17,28294,96,0,17,564,0,0,0,0,0,False,False,False
2016-06-01,0,29,42,196614,13,13,0,17,28319,96,0,17,564,0,0,0,0,0,False,False,False
2016-06-02,0,29,42,196625,13,13,0,17,28342,96,0,17,564,0,0,0,0,0,False,False,False
2016-06-03,0,29,42,262144,13,13,0,17,28366,96,0,17,564,0,0,0,0,0,False,False,False
2016-06-04,0,29,42,393220,13,13,0,17,28391,96,0,17,564,0,0,0,0,0,False,False,False
2016-06-05,0,29,42,65537,13,13,0,17,28415,96,0,17,564,0,0,0,0,0,False,False,False
2016-06-06,0,29,42,262147,13,13,0,17,28438,96,0,17,564,0,0,0,0,0,False,False,False
2016-06-07,0,29,42,262148,13,13,0,17,28462,96,0,17,564,0,0,0,0,0,False,False,False
2016-06-08,0,29,42,524293,13,13,0,17,28487,96,0,17,564,0,0,0,0,0,False,False,False
2016-06-09,0,29,42,196614,13,13,0,17,28510,96,0,17,564,0,0,0,0,0,False,False,False
2016-06-10,0,29,42,131075,13,13,0,17,28534,96,0,17,564,0,0,0,0,0,False,False,False
2016-06-11,0,30,42,0,13,13,0,17,28559,96,0,17,564,0,0,0,0,0,False,False,False
2016-06-12,0,29,42,131075,13,13,0,17,28583,96,0,17,564,0,0,0,0,0,False,False,False
2016-06-13,0,29,42,196612,13,13,0,17,28606,96,0,17,564,0,0,0,0,0,False,False,False
2016-06-14,0,29,42,262152,13,13,0,17,28631,96,0,17,564,0,0,0,0,0,False,False,False
2016-06-15,0,28,42,131072,13,13,0,17,28655,96,0,17,564,0,0,0,0,0,False,False,False
2016-06-16,0,29,42,393220,13,13,0,17,28678,96,0,17,564,0,0,0,0,0,False,False,False
2016-06-17,0,29,42,655362,13,13,0,17,28702,96,0,17,564,0,0,0,0,0,False,False,False
2016-06-18,0,29,42,458753,13,13,0,17,28727,96,0,17,564,0,0,0,0,0,False,False,False
2016-06-19,0,29,42,131080,13,13,0,17,28750,96,0,17,564,0,0,0,0,0,False,False,False
2016-06-20,0,29,42,589827,13,13,0,17,28774,96,0,17,564,0,0,0,0,0,False,False,False
2016-06-21,0,31,42,196613,13,13,0,17,28799,96,0,17,564,0,0,0,0,0,False,False,False
2016-06-22,0,31,42,65546,13,13,0,17,28823,96,0,17,564,0,0,0,0,0,False,False,False
2016-06-23,0,31,42,196610,13,13,0,17,28846,96,0,17,564,0,0,0,0,0,False,False,False
2016-06-24,0,31,42,131074,13,13,0,17,28871,96,0,17,564,0,0,0,0,0,False,False,False
2016-06-25,0,31,42,7,13,13,0,17,28895,96,0,17,564,0,0,0,0,0,False,False,False
2016-06-26,0,31,42,1179655,13,13,0,17,28918,96,0,17,564,0,0,0,0,0,False,False,False
2016-06-27,0,32,42,393217,13,13,0,17,28942,96,0,17,564,0,0,0,0,0,False,False,False
2016-06-28,0,32,42,786436,13,13,0,17,28967,96,0,17,564,0,0,0,0,0,False,False,False
2016-06-29,0,31,42,458754,13,13,0,17,28990,96,0,17,564,0,0,0,0,0,False,False,False
2016-06-30,0,31,42,196613,13,13,0,17,29014,96,0,17,564,0,0,0,0,0,False,False,False
