date,failure,Smart 194: Temperature_Celsius (Raw Value),Smart 8: Seek_Time_Performance (Raw Value),Smart 1: Raw_Read_Error_Rate (Raw Value),Smart 12: Power_Cycle_Count (Raw Value),Smart 4: Start_Stop_Count (Raw Value),Smart 10: Spin_Retry_Count (Raw Value),Smart 192: Power-Off_Retract_Count (Raw Value),Smart 9: Power_On_Hours (Raw Value),Smart 2: Throughput_Performance (Raw Value),Smart 7: Seek_Error_Rate (Raw Value),Smart 193: Load_Cycle_Count (Raw Value),Smart 3: Spin_Up_Time (Raw Value),Smart 5: Reallocated_Sector_Ct (Raw Value),Smart 197: Current_Pending_Sector (Raw Value),Smart 198: Offline_Uncorrectable (Raw Value),Smart 199: UDMA_CRC_Error_Count (Raw Value),Smart 196: Reallocated_Event_Count (Raw Value),op_fail_30,op_fail_15,op_fail_1
2013-04-10,0,30,,0,,,,,748,,,,,0,0,,,,False,False,False
2013-04-11,0,30,,0,,,,,772,,,,,0,0,,,,False,False,False
2013-04-12,0,29,,0,,,,,796,,,,,0,0,,,,False,False,False
2013-04-13,0,29,,0,,,,,820,,,,,0,0,,,,False,False,False
2013-04-14,0,29,,0,,,,,844,,,,,0,0,,,,False,False,False
2013-04-15,0,29,,0,,,,,868,,,,,0,0,,,,False,False,False
2013-04-16,0,28,,0,,,,,892,,,,,0,0,,,,False,False,False
2013-04-17,0,29,,0,,,,,916,,,,,0,0,,,,False,False,False
2013-04-18,0,29,,0,,,,,940,,,,,0,0,,,,False,False,False
2013-04-19,0,28,,0,,,,,964,,,,,0,0,,,,False,False,False
2013-04-20,0,28,,0,,,,,988,,,,,0,0,,,,False,False,False
2013-04-21,0,28,,0,,,,,1012,,,,,0,0,,,,False,False,False
2013-04-22,0,29,,0,,,,,1036,,,,,0,0,,,,False,False,False
2013-04-23,0,28,,0,,,,,1060,,,,,0,0,,,,False,False,False
2013-04-24,0,25,,0,,,,,1084,,,,,0,0,,,,False,False,False
2013-04-25,0,26,,0,,,,,1108,,,,,0,0,,,,False,False,False
2013-04-26,0,27,,0,,,,,1132,,,,,0,0,,,,False,False,False
2013-04-27,0,27,,0,,,,,1156,,,,,0,0,,,,False,False,False
2013-04-28,0,27,,0,,,,,1180,,,,,0,0,,,,False,False,False
2013-04-29,0,26,,0,,,,,1204,,,,,0,0,,,,False,False,False
2013-04-30,0,28,,0,,,,,1228,,,,,0,0,,,,False,False,False
2013-05-01,0,28,,0,,,,,1252,,,,,0,0,,,,False,False,False
2013-05-02,0,27,,0,,,,,1276,,,,,0,0,,,,False,False,False
2013-05-03,0,27,,0,,,,,1300,,,,,0,0,,,,False,False,False
2013-05-04,0,26,,0,,,,,1324,,,,,0,0,,,,False,False,False
2013-05-05,0,25,,0,,,,,1348,,,,,0,0,,,,False,False,False
2013-05-06,0,25,,0,,,,,1372,,,,,0,0,,,,False,False,False
2013-05-07,0,25,,0,,,,,1396,,,,,0,0,,,,False,False,False
2013-05-08,0,28,,0,,,,,1420,,,,,0,0,,,,False,False,False
2013-05-09,0,28,,0,,,,,1444,,,,,0,0,,,,False,False,False
2013-05-10,0,28,,0,,,,,1468,,,,,0,0,,,,False,False,False
2013-05-11,0,28,,0,,,,,1492,,,,,0,0,,,,False,False,False
2013-05-12,0,28,,0,,,,,1516,,,,,0,0,,,,False,False,False
2013-05-13,0,28,,0,,,,,1540,,,,,0,0,,,,False,False,False
2013-05-14,0,28,,0,,,,,1564,,,,,0,0,,,,False,False,False
2013-05-15,0,26,,0,,,,,1588,,,,,0,0,,,,False,False,False
2013-05-16,0,27,,0,,,,,1612,,,,,0,0,,,,False,False,False
2013-05-17,0,25,,0,,,,,1636,,,,,0,0,,,,False,False,False
2013-05-18,0,28,,0,,,,,1660,,,,,0,0,,,,False,False,False
2013-05-19,0,28,,0,,,,,1684,,,,,0,0,,,,False,False,False
2013-05-20,0,28,,0,,,,,1708,,,,,0,0,,,,False,False,False
2013-05-21,0,28,,0,,,,,1732,,,,,0,0,,,,False,False,False
2013-05-22,0,28,,0,,,,,1756,,,,,0,0,,,,False,False,False
2013-05-23,0,28,,0,,,,,1780,,,,,0,0,,,,False,False,False
2013-05-24,0,27,,0,,,,,1804,,,,,0,0,,,,False,False,False
2013-05-25,0,24,,0,,,,,1828,,,,,0,0,,,,False,False,False
2013-05-26,0,27,,0,,,,,1852,,,,,0,0,,,,False,False,False
2013-05-27,0,27,,0,,,,,1876,,,,,0,0,,,,False,False,False
2013-05-28,0,27,,0,,,,,1900,,,,,0,0,,,,False,False,False
2013-05-29,0,27,,0,,,,,1924,,,,,0,0,,,,False,False,False
2013-05-30,0,25,,0,,,,,1948,,,,,0,0,,,,False,False,False
2013-05-31,0,26,,0,,,,,1972,,,,,0,0,,,,False,False,False
2013-06-01,0,26,,0,,,,,1996,,,,,0,0,,,,False,False,False
2013-06-02,0,26,,0,,,,,2020,,,,,0,0,,,,False,False,False
2013-06-03,0,27,,0,,,,,2044,,,,,0,0,,,,False,False,False
2013-06-04,0,27,,0,,,,,2068,,,,,0,0,,,,False,False,False
2013-06-05,0,26,,0,,,,,2092,,,,,0,0,,,,False,False,False
2013-06-06,0,26,,0,,,,,2116,,,,,0,0,,,,False,False,False
2013-06-07,0,27,,0,,,,,2140,,,,,0,0,,,,False,False,False
2013-06-08,0,24,,0,,,,,2164,,,,,0,0,,,,False,False,False
2013-06-09,0,25,,0,,,,,2188,,,,,0,0,,,,False,False,False
2013-06-10,0,24,,0,,,,,2212,,,,,0,0,,,,False,False,False
2013-06-11,0,24,,0,,,,,2236,,,,,0,0,,,,False,False,False
2013-06-12,0,24,,0,,,,,2260,,,,,0,0,,,,False,False,False
2013-06-13,0,28,,0,,,,,2284,,,,,0,0,,,,False,False,False
2013-06-14,0,27,,0,,,,,2308,,,,,0,0,,,,False,False,False
2013-06-15,0,28,,0,,,,,2332,,,,,0,0,,,,False,False,False
2013-06-16,0,28,,0,,,,,2356,,,,,0,0,,,,False,False,False
2013-06-17,0,25,,0,,,,,2380,,,,,0,0,,,,False,False,False
2013-06-18,0,24,,0,,,,,2404,,,,,0,0,,,,False,False,False
2013-06-19,0,28,,0,,,,,2428,,,,,0,0,,,,False,False,False
2013-06-20,0,23,,0,,,,,2452,,,,,0,0,,,,False,False,False
2013-06-21,0,23,,0,,,,,2476,,,,,0,0,,,,False,False,False
2013-06-22,0,25,,0,,,,,2500,,,,,0,0,,,,False,False,False
2013-06-23,0,27,,0,,,,,2524,,,,,0,0,,,,False,False,False
2013-06-24,0,28,,0,,,,,2548,,,,,0,0,,,,False,False,False
2013-06-25,0,28,,0,,,,,2572,,,,,0,0,,,,False,False,False
2013-06-26,0,28,,0,,,,,2596,,,,,0,0,,,,False,False,False
2013-06-27,0,27,,0,,,,,2620,,,,,0,0,,,,False,False,False
2013-06-28,0,27,,0,,,,,2644,,,,,0,0,,,,False,False,False
2013-06-29,0,28,,0,,,,,2668,,,,,0,0,,,,False,False,False
2013-06-30,0,27,,0,,,,,2692,,,,,0,0,,,,False,False,False
2013-07-01,0,27,,0,,,,,2716,,,,,0,0,,,,False,False,False
2013-07-02,0,27,,0,,,,,2740,,,,,0,0,,,,False,False,False
2013-07-03,0,27,,0,,,,,2764,,,,,0,0,,,,False,False,False
2013-07-04,0,27,,0,,,,,2788,,,,,0,0,,,,False,False,False
2013-07-05,0,27,,0,,,,,2812,,,,,0,0,,,,False,False,False
2013-07-06,0,27,,0,,,,,2836,,,,,0,0,,,,False,False,False
2013-07-07,0,28,,0,,,,,2860,,,,,0,0,,,,False,False,False
2013-07-08,0,27,,0,,,,,2884,,,,,0,0,,,,False,False,False
2013-07-09,0,27,,0,,,,,2908,,,,,0,0,,,,False,False,False
2013-07-10,0,27,,0,,,,,2932,,,,,0,0,,,,False,False,False
2013-07-11,0,27,,0,,,,,2956,,,,,0,0,,,,False,False,False
2013-07-12,0,27,,0,,,,,2980,,,,,0,0,,,,False,False,False
2013-07-13,0,27,,0,,,,,3004,,,,,0,0,,,,False,False,False
2013-07-14,0,27,,0,,,,,3028,,,,,0,0,,,,False,False,False
2013-07-15,0,27,,0,,,,,3052,,,,,0,0,,,,False,False,False
2013-07-16,0,27,,0,,,,,3076,,,,,0,0,,,,False,False,False
2013-07-17,0,26,,0,,,,,3100,,,,,0,0,,,,False,False,False
2013-07-18,0,28,,0,,,,,3124,,,,,0,0,,,,False,False,False
2013-07-19,0,28,,0,,,,,3148,,,,,0,0,,,,False,False,False
2013-07-20,0,28,,0,,,,,3172,,,,,0,0,,,,False,False,False
2013-07-21,0,28,,0,,,,,3196,,,,,0,0,,,,False,False,False
2013-07-22,0,28,,0,,,,,3220,,,,,0,0,,,,False,False,False
2013-07-23,0,27,,0,,,,,3244,,,,,0,0,,,,False,False,False
2013-07-24,0,25,,0,,,,,3268,,,,,0,0,,,,False,False,False
2013-07-25,0,24,,0,,,,,3292,,,,,0,0,,,,False,False,False
2013-07-26,0,24,,0,,,,,3316,,,,,0,0,,,,False,False,False
2013-07-27,0,24,,0,,,,,3340,,,,,0,0,,,,False,False,False
2013-07-28,0,25,,0,,,,,3364,,,,,0,0,,,,False,False,False
2013-07-29,0,24,,0,,,,,3388,,,,,0,0,,,,False,False,False
2013-07-30,0,25,,0,,,,,3412,,,,,0,0,,,,False,False,False
2013-07-31,0,26,,0,,,,,3436,,,,,0,0,,,,False,False,False
2013-08-01,0,27,,0,,,,,3460,,,,,0,0,,,,False,False,False
2013-08-02,0,27,,0,,,,,3484,,,,,0,0,,,,False,False,False
2013-08-03,0,26,,0,,,,,3508,,,,,0,0,,,,False,False,False
2013-08-04,0,26,,0,,,,,3532,,,,,0,0,,,,False,False,False
2013-08-05,0,26,,0,,,,,3556,,,,,0,0,,,,False,False,False
2013-08-06,0,27,,0,,,,,3580,,,,,0,0,,,,False,False,False
2013-08-07,0,27,,0,,,,,3604,,,,,0,0,,,,False,False,False
2013-08-08,0,26,,0,,,,,3628,,,,,0,0,,,,False,False,False
2013-08-09,0,25,,0,,,,,3652,,,,,0,0,,,,False,False,False
2013-08-10,0,26,,0,,,,,3676,,,,,0,0,,,,False,False,False
2013-08-11,0,26,,0,,,,,3700,,,,,0,0,,,,False,False,False
2013-08-12,0,26,,0,,,,,3724,,,,,0,0,,,,False,False,False
2013-08-13,0,24,,0,,,,,3748,,,,,0,0,,,,False,False,False
2013-08-14,0,27,,0,,,,,3772,,,,,0,0,,,,False,False,False
2013-08-15,0,26,,0,,,,,3796,,,,,0,0,,,,False,False,False
2013-08-16,0,27,,0,,,,,3820,,,,,0,0,,,,False,False,False
2013-08-17,0,26,,0,,,,,3844,,,,,0,0,,,,False,False,False
2013-08-18,0,26,,0,,,,,3868,,,,,0,0,,,,False,False,False
2013-08-19,0,25,,0,,,,,3892,,,,,0,0,,,,False,False,False
2013-10-15,0,29,,0,,,,,5260,,,,,0,0,,,,False,False,False
2013-10-16,0,28,,0,,,,,5284,,,,,0,0,,,,False,False,False
2013-10-17,0,27,,0,,,,,5308,,,,,0,0,,,,False,False,False
2013-10-18,0,27,,0,,,,,5332,,,,,0,0,,,,False,False,False
2013-10-19,0,27,,0,,,,,5356,,,,,0,0,,,,False,False,False
2013-10-20,0,27,,0,,,,,5380,,,,,0,0,,,,False,False,False
2013-10-21,0,28,,0,,,,,5404,,,,,0,0,,,,False,False,False
2013-10-22,0,28,,0,,,,,5428,,,,,0,0,,,,False,False,False
2013-10-23,0,27,,0,,,,,5452,,,,,0,0,,,,False,False,False
2013-10-24,0,28,,0,,,,,5476,,,,,0,0,,,,False,False,False
2013-10-25,0,28,,0,,,,,5491,,,,,0,0,,,,False,False,False
2013-10-26,0,27,,0,,,,,5515,,,,,0,0,,,,False,False,False
2013-10-27,0,28,,0,,,,,5539,,,,,0,0,,,,False,False,False
2013-10-28,0,27,,0,,,,,5563,,,,,0,0,,,,False,False,False
2013-10-29,0,27,,0,,,,,5587,,,,,0,0,,,,False,False,False
2013-10-30,0,26,,0,,,,,5611,,,,,0,0,,,,False,False,False
2013-10-31,0,27,,0,,,,,5635,,,,,0,0,,,,False,False,False
2013-11-01,0,27,,0,,,,,5659,,,,,0,0,,,,False,False,False
2013-11-02,0,28,,0,,,,,5683,,,,,0,0,,,,False,False,False
2013-11-03,0,27,,0,,,,,5707,,,,,0,0,,,,False,False,False
2013-11-04,0,29,,0,,,,,5732,,,,,0,0,,,,False,False,False
2013-11-05,0,26,,0,,,,,5756,,,,,0,0,,,,False,False,False
2013-11-06,0,27,,0,,,,,5780,,,,,0,0,,,,False,False,False
2013-11-07,0,26,,0,,,,,5804,,,,,0,0,,,,False,False,False
2013-11-08,0,25,,0,,,,,5828,,,,,0,0,,,,False,False,False
2013-11-09,0,29,,0,,,,,5852,,,,,0,0,,,,False,False,False
2013-11-10,0,27,,0,,,,,5876,,,,,0,0,,,,False,False,False
2013-11-11,0,26,,0,,,,,5900,,,,,0,0,,,,False,False,False
2013-11-12,0,28,,0,,,,,5924,,,,,0,0,,,,False,False,False
2013-11-13,0,25,,0,,,,,5948,,,,,0,0,,,,False,False,False
2013-11-14,0,28,,0,,,,,5972,,,,,0,0,,,,False,False,False
2013-11-15,0,29,,0,,,,,5996,,,,,0,0,,,,False,False,False
2013-11-16,0,29,,0,,,,,6020,,,,,0,0,,,,False,False,False
2013-11-17,0,28,,0,,,,,6044,,,,,0,0,,,,False,False,False
2013-11-18,0,25,,0,,,,,6068,,,,,0,0,,,,False,False,False
2013-11-19,0,27,,0,,,,,6092,,,,,0,0,,,,False,False,False
2013-11-20,0,28,,0,,,,,6116,,,,,0,0,,,,False,False,False
2013-11-21,0,28,,0,,,,,6136,,,,,0,0,,,,False,False,False
2013-11-22,0,27,,0,,,,,6160,,,,,0,0,,,,False,False,False
2013-11-23,0,28,,0,,,,,6184,,,,,0,0,,,,False,False,False
2013-11-24,0,28,,0,,,,,6208,,,,,0,0,,,,False,False,False
2013-11-25,0,28,,0,,,,,6232,,,,,0,0,,,,False,False,False
2013-11-26,0,27,,0,,,,,6256,,,,,0,0,,,,False,False,False
2013-11-27,0,28,,0,,,,,6280,,,,,0,0,,,,False,False,False
2013-11-28,0,28,,0,,,,,6304,,,,,0,0,,,,False,False,False
2013-11-29,0,27,,0,,,,,6328,,,,,0,0,,,,False,False,False
2013-11-30,0,28,,0,,,,,6352,,,,,0,0,,,,False,False,False
2013-12-01,0,28,,0,,,,,6376,,,,,0,0,,,,False,False,False
2013-12-02,0,28,,0,,,,,6400,,,,,0,0,,,,False,False,False
2013-12-03,0,28,,0,,,,,6424,,,,,0,0,,,,False,False,False
2013-12-04,0,27,,0,,,,,6448,,,,,0,0,,,,False,False,False
2013-12-05,0,28,,0,,,,,6472,,,,,0,0,,,,False,False,False
2013-12-06,0,27,,0,,,,,6496,,,,,0,0,,,,False,False,False
2013-12-07,0,28,,0,,,,,6520,,,,,0,0,,,,False,False,False
2013-12-08,0,28,,0,,,,,6544,,,,,0,0,,,,False,False,False
2013-12-09,0,28,,0,,,,,6568,,,,,0,0,,,,False,False,False
2013-12-10,0,28,,0,,,,,6592,,,,,0,0,,,,False,False,False
2013-12-11,0,28,,0,,,,,6616,,,,,0,0,,,,False,False,False
2013-12-12,0,28,,0,,,,,6640,,,,,0,0,,,,False,False,False
2013-12-13,0,28,,0,,,,,6664,,,,,0,0,,,,False,False,False
2013-12-14,0,28,,0,,,,,6688,,,,,0,0,,,,False,False,False
2013-12-15,0,28,,0,,,,,6712,,,,,0,0,,,,False,False,False
2013-12-16,0,27,,0,,,,,6736,,,,,0,0,,,,False,False,False
2013-12-17,0,28,,0,,,,,6760,,,,,0,0,,,,False,False,False
2013-12-18,0,27,,0,,,,,6784,,,,,0,0,,,,False,False,False
2013-12-19,0,28,,0,,,,,6808,,,,,0,0,,,,False,False,False
2013-12-20,0,27,,0,,,,,6832,,,,,0,0,,,,False,False,False
2013-12-21,0,27,,0,,,,,6856,,,,,0,0,,,,False,False,False
2013-12-22,0,28,,0,,,,,6880,,,,,0,0,,,,False,False,False
2013-12-23,0,27,,0,,,,,6904,,,,,0,0,,,,False,False,False
2013-12-24,0,27,,0,,,,,6928,,,,,0,0,,,,False,False,False
2013-12-25,0,27,,0,,,,,6952,,,,,0,0,,,,False,False,False
2013-12-26,0,27,,0,,,,,6976,,,,,0,0,,,,False,False,False
2013-12-27,0,28,,0,,,,,7000,,,,,0,0,,,,False,False,False
2013-12-28,0,27,,0,,,,,7024,,,,,0,0,,,,False,False,False
2013-12-29,0,27,,0,,,,,7048,,,,,0,0,,,,False,False,False
2013-12-30,0,27,,0,,,,,7072,,,,,0,0,,,,False,False,False
2013-12-31,0,27,,0,,,,,7096,,,,,0,0,,,,False,False,False
2014-01-01,0,26,,0,,,,,7120,,,,,0,0,,,,False,False,False
2014-01-02,0,27,,0,,,,,7144,,,,,0,0,,,,False,False,False
2014-01-03,0,27,,0,,,,,7168,,,,,0,0,,,,False,False,False
2014-01-04,0,27,,0,,,,,7192,,,,,0,0,,,,False,False,False
2014-01-05,0,27,,0,,,,,7216,,,,,0,0,,,,False,False,False
2014-01-06,0,27,,0,,,,,7240,,,,,0,0,,,,False,False,False
2014-01-07,0,27,,0,,,,,7264,,,,,0,0,,,,False,False,False
2014-01-08,0,27,,0,,,,,7288,,,,,0,0,,,,False,False,False
2014-01-09,0,27,,0,,,,,7312,,,,,0,0,,,,False,False,False
2014-01-10,0,27,,0,,,,,7336,,,,,0,0,,,,False,False,False
2014-01-11,0,27,,0,,,,,7360,,,,,0,0,,,,False,False,False
2014-01-12,0,28,,0,,,,,7384,,,,,0,0,,,,False,False,False
2014-01-13,0,27,,0,,,,,7408,,,,,0,0,,,,False,False,False
2014-01-14,0,27,,0,,,,,7432,,,,,0,0,,,,False,False,False
2014-01-15,0,27,,0,,,,,7456,,,,,0,0,,,,False,False,False
2014-01-16,0,27,,0,,,,,7480,,,,,0,0,,,,False,False,False
2014-01-17,0,27,,0,,,,,7504,,,,,0,0,,,,False,False,False
2014-01-18,0,27,,0,,,,,7528,,,,,0,0,,,,False,False,False
2014-01-19,0,27,,0,,,,,7552,,,,,0,0,,,,False,False,False
2014-01-20,0,27,,0,,,,,7576,,,,,0,0,,,,False,False,False
2014-01-21,0,27,,0,,,,,7600,,,,,0,0,,,,False,False,False
2014-01-22,0,27,,0,,,,,7624,,,,,0,0,,,,False,False,False
2014-01-23,0,27,,0,,,,,7648,,,,,0,0,,,,False,False,False
2014-01-24,0,27,,0,,,,,7672,,,,,0,0,,,,False,False,False
2014-01-25,0,27,,0,,,,,7696,,,,,0,0,,,,False,False,False
2014-01-26,0,27,,0,,,,,7720,,,,,0,0,,,,False,False,False
2014-01-27,0,27,,0,,,,,7744,,,,,0,0,,,,False,False,False
2014-01-28,0,26,,0,,,,,7768,,,,,0,0,,,,False,False,False
2014-01-29,0,28,,0,,,,,7792,,,,,0,0,,,,False,False,False
2014-01-30,0,28,,0,,,,,7816,,,,,0,0,,,,False,False,False
2014-01-31,0,28,,0,,,,,7840,,,,,0,0,,,,False,False,False
2014-02-01,0,27,,0,,,,,7864,,,,,0,0,,,,False,False,False
2014-02-02,0,27,,0,,,,,7888,,,,,0,0,,,,False,False,False
2014-02-03,0,28,,0,,,,,7912,,,,,0,0,,,,False,False,False
2014-02-04,0,27,,0,,,,,7936,,,,,0,0,,,,False,False,False
2014-02-05,0,27,,0,,,,,7960,,,,,0,0,,,,False,False,False
2014-02-06,0,27,,0,,,,,7983,,,,,0,0,,,,False,False,False
2014-02-07,0,28,,0,,,,,8007,,,,,0,0,,,,False,False,False
2014-02-08,0,28,,0,,,,,8031,,,,,0,0,,,,False,False,False
2014-02-09,0,28,,0,,,,,8055,,,,,0,0,,,,False,False,False
2014-02-10,0,28,,0,,,,,8079,,,,,0,0,,,,False,False,False
2014-02-11,0,28,,0,,,,,8103,,,,,0,0,,,,False,False,False
2014-02-12,0,28,,0,,,,,8127,,,,,0,0,,,,False,False,False
2014-02-13,0,28,,0,,,,,8151,,,,,0,0,,,,False,False,False
2014-02-14,0,28,42,0,11,11,0,16,8174,102,0,16,554,0,0,0,0,0,False,False,False
2014-02-15,0,28,42,0,11,11,0,16,8198,102,0,16,554,0,0,0,0,0,False,False,False
2014-02-16,0,28,42,0,11,11,0,16,8223,102,0,16,554,0,0,0,0,0,False,False,False
2014-02-17,0,28,42,0,11,11,0,16,8246,102,0,16,554,0,0,0,0,0,False,False,False
2014-02-18,0,27,42,0,11,11,0,16,8270,102,0,16,554,0,0,0,0,0,False,False,False
2014-02-19,0,28,42,0,11,11,0,16,8295,102,0,16,554,0,0,0,0,0,False,False,False
2014-02-20,0,27,42,0,11,11,0,16,8319,102,0,16,554,0,0,0,0,0,False,False,False
2014-02-21,0,27,42,0,11,11,0,16,8342,102,0,16,554,0,0,0,0,0,False,False,False
2014-02-22,0,28,42,0,11,11,0,16,8366,102,0,16,554,0,0,0,0,0,False,False,False
2014-02-23,0,28,42,0,11,11,0,16,8391,102,0,16,554,0,0,0,0,0,False,False,False
2014-02-24,0,27,42,0,11,11,0,16,8414,102,0,16,554,0,0,0,0,0,False,False,False
2014-02-25,0,27,42,0,11,11,0,16,8438,102,0,16,554,0,0,0,0,0,False,False,False
2014-02-26,0,28,42,0,11,11,0,16,8463,102,0,16,554,0,0,0,0,0,False,False,False
2014-02-27,0,28,42,0,11,11,0,16,8486,102,0,16,554,0,0,0,0,0,False,False,False
2014-02-28,0,27,42,0,12,12,0,17,8510,102,0,17,554,0,0,0,0,0,False,False,False
2014-03-01,0,27,42,0,12,12,0,17,8534,102,0,17,554,0,0,0,0,0,False,False,False
2014-03-02,0,27,42,0,12,12,0,17,8558,102,0,17,554,0,0,0,0,0,False,False,False
2014-03-03,0,28,42,0,12,12,0,17,8582,102,0,17,554,0,0,0,0,0,False,False,False
2014-03-04,0,27,42,0,12,12,0,17,8606,102,0,17,554,0,0,0,0,0,False,False,False
2014-03-05,0,28,42,0,12,12,0,17,8630,102,0,17,554,0,0,0,0,0,False,False,False
2014-03-06,0,28,42,0,12,12,0,17,8654,102,0,17,554,0,0,0,0,0,False,False,False
2014-03-07,0,28,42,0,12,12,0,17,8678,102,0,17,554,0,0,0,0,0,False,False,False
2014-03-08,0,27,42,0,12,12,0,17,8702,102,0,17,554,0,0,0,0,0,False,False,False
2014-03-09,0,28,42,0,12,12,0,17,8726,102,0,17,554,0,0,0,0,0,False,False,False
2014-03-10,0,28,42,0,12,12,0,17,8750,102,0,17,554,0,0,0,0,0,False,False,False
2014-03-11,0,27,42,0,12,12,0,17,8773,102,0,17,554,0,0,0,0,0,False,False,False
2014-03-12,0,27,42,0,12,12,0,17,8797,102,0,17,554,0,0,0,0,0,False,False,False
2014-03-13,0,27,42,0,12,12,0,17,8821,102,0,17,554,0,0,0,0,0,False,False,False
2014-03-14,0,27,42,0,12,12,0,17,8845,102,0,17,554,0,0,0,0,0,False,False,False
2014-03-15,0,28,42,0,12,12,0,17,8869,102,0,17,554,0,0,0,0,0,False,False,False
2014-03-16,0,28,42,0,12,12,0,17,8893,102,0,17,554,0,0,0,0,0,False,False,False
2014-03-17,0,27,42,0,12,12,0,17,8917,102,0,17,554,0,0,0,0,0,False,False,False
2014-03-18,0,27,42,0,12,12,0,17,8941,102,0,17,554,0,0,0,0,0,False,False,False
2014-03-19,0,27,42,0,12,12,0,17,8965,102,0,17,554,0,0,0,0,0,False,False,False
2014-03-20,0,28,42,0,12,12,0,17,8989,102,0,17,554,0,0,0,0,0,False,False,False
2014-03-21,0,28,42,0,12,12,0,17,9013,102,0,17,554,0,0,0,0,0,False,False,False
2014-03-22,0,28,42,0,12,12,0,17,9037,102,0,17,554,0,0,0,0,0,False,False,False
2014-03-23,0,28,42,0,12,12,0,17,9061,102,0,17,554,0,0,0,0,0,False,False,False
2014-03-24,0,27,42,0,12,12,0,17,9085,102,0,17,554,0,0,0,0,0,False,False,False
2014-03-25,0,28,42,0,12,12,0,17,9109,102,0,17,554,0,0,0,0,0,False,False,False
2014-03-26,0,28,42,0,12,12,0,17,9133,102,0,17,554,0,0,0,0,0,False,False,False
2014-03-27,0,27,42,0,12,12,0,17,9157,102,0,17,554,0,0,0,0,0,False,False,False
2014-03-28,0,27,42,0,12,12,0,17,9181,102,0,17,554,0,0,0,0,0,False,False,False
2014-03-29,0,27,42,0,12,12,0,17,9205,102,0,17,554,0,0,0,0,0,False,False,False
2014-03-30,0,28,42,0,12,12,0,17,9229,102,0,17,554,0,0,0,0,0,False,False,False
2014-03-31,0,27,42,0,12,12,0,17,9253,102,0,17,554,0,0,0,0,0,False,False,False
2014-04-01,0,27,42,0,12,12,0,17,9277,102,0,17,554,0,0,0,0,0,False,False,False
2014-04-02,0,27,42,0,12,12,0,17,9301,102,0,17,554,0,0,0,0,0,False,False,False
2014-04-03,0,27,42,0,12,12,0,17,9325,102,0,17,554,0,0,0,0,0,False,False,False
2014-04-04,0,27,42,0,12,12,0,17,9349,102,0,17,554,0,0,0,0,0,False,False,False
2014-04-05,0,27,42,0,12,12,0,17,9373,102,0,17,554,0,0,0,0,0,False,False,False
2014-04-06,0,27,42,0,12,12,0,17,9397,102,0,17,554,0,0,0,0,0,False,False,False
2014-04-07,0,27,42,0,12,12,0,17,9421,102,0,17,554,0,0,0,0,0,False,False,False
2014-04-08,0,27,42,0,12,12,0,17,9445,102,0,17,554,0,0,0,0,0,False,False,False
2014-04-09,0,27,42,0,12,12,0,17,9469,102,0,17,554,0,0,0,0,0,False,False,False
2014-04-10,0,28,42,0,12,12,0,17,9493,103,0,17,554,0,0,0,0,0,False,False,False
2014-04-11,0,28,42,0,12,12,0,17,9517,103,0,17,554,0,0,0,0,0,False,False,False
2014-04-12,0,28,42,0,12,12,0,17,9541,103,0,17,554,0,0,0,0,0,False,False,False
2014-04-13,0,28,42,0,12,12,0,17,9565,103,0,17,554,0,0,0,0,0,False,False,False
2014-04-14,0,28,42,0,12,12,0,17,9589,103,0,17,554,0,0,0,0,0,False,False,False
2014-04-15,0,28,42,0,12,12,0,17,9613,103,0,17,554,0,0,0,0,0,False,False,False
2014-04-16,0,27,42,0,12,12,0,17,9637,103,0,17,554,0,0,0,0,0,False,False,False
2014-04-17,0,27,42,0,12,12,0,17,9661,103,0,17,554,0,0,0,0,0,False,False,False
2014-04-18,0,28,42,0,12,12,0,17,9685,103,0,17,554,0,0,0,0,0,False,False,False
2014-04-19,0,28,42,0,12,12,0,17,9709,103,0,17,554,0,0,0,0,0,False,False,False
2014-04-20,0,28,42,0,12,12,0,17,9733,103,0,17,554,0,0,0,0,0,False,False,False
2014-04-21,0,28,42,0,12,12,0,17,9757,103,0,17,554,0,0,0,0,0,False,False,False
2014-04-22,0,28,42,0,12,12,0,17,9781,103,0,17,554,0,0,0,0,0,False,False,False
2014-04-23,0,27,42,0,12,12,0,17,9805,103,0,17,554,0,0,0,0,0,False,False,False
2014-04-24,0,28,42,0,12,12,0,17,9829,103,0,17,554,0,0,0,0,0,False,False,False
2014-04-25,0,27,42,0,12,12,0,17,9853,103,0,17,554,0,0,0,0,0,False,False,False
2014-04-26,0,28,42,0,12,12,0,17,9877,103,0,17,554,0,0,0,0,0,False,False,False
2014-04-27,0,28,42,0,12,12,0,17,9901,103,0,17,554,0,0,0,0,0,False,False,False
2014-04-28,0,28,42,0,12,12,0,17,9925,103,0,17,554,0,0,0,0,0,False,False,False
2014-04-29,0,28,42,0,12,12,0,17,9949,103,0,17,554,0,0,0,0,0,False,False,False
2014-04-30,0,28,42,0,12,12,0,17,9973,103,0,17,554,0,0,0,0,0,False,False,False
2014-05-01,0,27,42,0,12,12,0,17,9997,103,0,17,554,0,0,0,0,0,False,False,False
2014-05-02,0,28,42,0,12,12,0,17,10021,103,0,17,554,0,0,0,0,0,False,False,False
2014-05-03,0,28,42,0,12,12,0,17,10045,103,0,17,554,0,0,0,0,0,False,False,False
2014-05-04,0,28,42,0,12,12,0,17,10069,103,0,17,554,0,0,0,0,0,False,False,False
2014-05-05,0,28,42,0,12,12,0,17,10093,103,0,17,554,0,0,0,0,0,False,False,False
2014-05-06,0,28,42,0,12,12,0,17,10117,103,0,17,554,0,0,0,0,0,False,False,False
2014-05-07,0,28,42,0,12,12,0,17,10141,103,0,17,554,0,0,0,0,0,False,False,False
2014-05-08,0,28,42,0,12,12,0,17,10165,103,0,17,554,0,0,0,0,0,False,False,False
2014-05-09,0,28,42,0,12,12,0,17,10189,103,0,17,554,0,0,0,0,0,False,False,False
2014-05-10,0,28,42,0,12,12,0,17,10213,103,0,17,554,0,0,0,0,0,False,False,False
2014-05-11,0,28,42,0,12,12,0,17,10237,103,0,17,554,0,0,0,0,0,False,False,False
2014-05-12,0,28,42,0,12,12,0,17,10261,103,0,17,554,0,0,0,0,0,False,False,False
2014-05-13,0,27,42,0,12,12,0,17,10285,103,0,17,554,0,0,0,0,0,False,False,False
2014-05-14,0,27,42,0,12,12,0,17,10309,103,0,17,554,0,0,0,0,0,False,False,False
2014-05-15,0,27,42,0,12,12,0,17,10333,103,0,17,554,0,0,0,0,0,False,False,False
2014-05-16,0,27,42,0,12,12,0,17,10357,103,0,17,554,0,0,0,0,0,False,False,False
2014-05-17,0,28,42,0,12,12,0,17,10381,103,0,17,554,0,0,0,0,0,False,False,False
2014-05-18,0,28,42,0,12,12,0,17,10405,103,0,17,554,0,0,0,0,0,False,False,False
2014-05-19,0,28,42,0,12,12,0,17,10429,103,0,17,554,0,0,0,0,0,False,False,False
2014-05-20,0,28,42,0,12,12,0,17,10453,103,0,17,554,0,0,0,0,0,False,False,False
2014-05-21,0,28,42,0,12,12,0,17,10477,103,0,17,554,0,0,0,0,0,False,False,False
2014-05-22,0,28,42,0,12,12,0,17,10501,103,0,17,554,0,0,0,0,0,False,False,False
2014-05-23,0,28,42,0,12,12,0,17,10525,103,0,17,554,0,0,0,0,0,False,False,False
2014-05-24,0,28,42,0,12,12,0,17,10549,103,0,17,554,0,0,0,0,0,False,False,False
2014-05-25,0,28,42,0,12,12,0,17,10573,103,0,17,554,0,0,0,0,0,False,False,False
2014-05-26,0,28,42,0,12,12,0,17,10597,103,0,17,554,0,0,0,0,0,False,False,False
2014-05-27,0,28,42,0,12,12,0,17,10621,103,0,17,554,0,0,0,0,0,False,False,False
2014-05-28,0,28,42,0,12,12,0,17,10645,103,0,17,554,0,0,0,0,0,False,False,False
2014-05-29,0,28,42,0,12,12,0,17,10669,103,0,17,554,0,0,0,0,0,False,False,False
2014-05-30,0,28,42,0,12,12,0,17,10693,103,0,17,554,0,0,0,0,0,False,False,False
2014-05-31,0,28,42,0,12,12,0,17,10717,103,0,17,554,0,0,0,0,0,False,False,False
2014-06-01,0,28,42,0,12,12,0,17,10741,103,0,17,554,0,0,0,0,0,False,False,False
2014-06-02,0,28,42,0,12,12,0,17,10765,103,0,17,554,0,0,0,0,0,False,False,False
2014-06-03,0,28,42,0,12,12,0,17,10789,103,0,17,554,0,0,0,0,0,False,False,False
2014-06-04,0,28,42,0,12,12,0,17,10813,103,0,17,554,0,0,0,0,0,False,False,False
2014-06-05,0,28,42,0,12,12,0,17,10837,103,0,17,554,0,0,0,0,0,False,False,False
2014-06-06,0,28,42,0,12,12,0,17,10861,103,0,17,554,0,0,0,0,0,False,False,False
2014-06-07,0,28,42,0,12,12,0,17,10885,103,0,17,554,0,0,0,0,0,False,False,False
2014-06-08,0,28,42,0,12,12,0,17,10909,103,0,17,554,0,0,0,0,0,False,False,False
2014-06-09,0,28,42,0,12,12,0,17,10933,103,0,17,554,0,0,0,0,0,False,False,False
2014-06-10,0,28,42,0,12,12,0,17,10957,103,0,17,554,0,0,0,0,0,False,False,False
2014-06-11,0,28,42,0,12,12,0,17,10981,103,0,17,554,0,0,0,0,0,False,False,False
2014-06-12,0,28,42,0,12,12,0,17,11005,103,0,17,554,0,0,0,0,0,False,False,False
2014-06-13,0,28,42,0,12,12,0,17,11029,103,0,17,554,0,0,0,0,0,False,False,False
2014-06-14,0,28,42,0,12,12,0,17,11053,103,0,17,554,0,0,0,0,0,False,False,False
2014-06-15,0,28,42,0,12,12,0,17,11077,103,0,17,554,0,0,0,0,0,False,False,False
2014-06-16,0,28,42,0,12,12,0,17,11101,103,0,17,554,0,0,0,0,0,False,False,False
2014-06-17,0,28,42,0,12,12,0,17,11125,103,0,17,554,0,0,0,0,0,False,False,False
2014-06-18,0,28,42,0,12,12,0,17,11149,103,0,17,554,0,0,0,0,0,False,False,False
2014-06-19,0,28,42,0,12,12,0,17,11168,103,0,17,554,0,0,0,0,0,False,False,False
2014-06-23,0,28,42,0,12,12,0,17,11269,103,0,17,554,0,0,0,0,0,False,False,False
2014-06-24,0,28,42,0,12,12,0,17,11293,103,0,17,554,0,0,0,0,0,False,False,False
2014-06-25,0,28,42,0,12,12,0,17,11317,103,0,17,554,0,0,0,0,0,False,False,False
2014-06-26,0,28,42,0,12,12,0,17,11341,103,0,17,554,0,0,0,0,0,False,False,False
2014-06-27,0,28,42,0,12,12,0,17,11365,103,0,17,554,0,0,0,0,0,False,False,False
2014-06-28,0,28,42,0,12,12,0,17,11389,103,0,17,554,0,0,0,0,0,False,False,False
2014-06-29,0,28,42,0,12,12,0,17,11413,103,0,17,554,0,0,0,0,0,False,False,False
2014-06-30,0,28,42,0,12,12,0,17,11437,103,0,17,554,0,0,0,0,0,False,False,False
2014-07-01,0,28,42,0,12,12,0,17,11461,103,0,17,554,0,0,0,0,0,False,False,False
2014-07-02,0,28,42,0,12,12,0,17,11485,103,0,17,554,0,0,0,0,0,False,False,False
2014-07-03,0,28,42,0,12,12,0,17,11509,103,0,17,554,0,0,0,0,0,False,False,False
2014-07-04,0,28,42,0,12,12,0,17,11533,103,0,17,554,0,0,0,0,0,False,False,False
2014-07-05,0,28,42,0,12,12,0,17,11557,103,0,17,554,0,0,0,0,0,False,False,False
2014-07-06,0,28,42,0,12,12,0,17,11581,103,0,17,554,0,0,0,0,0,False,False,False
2014-07-07,0,28,42,0,12,12,0,17,11605,103,0,17,554,0,0,0,0,0,False,False,False
2014-07-08,0,28,42,0,12,12,0,17,11629,103,0,17,554,0,0,0,0,0,False,False,False
2014-07-09,0,28,42,0,12,12,0,17,11653,103,0,17,554,0,0,0,0,0,False,False,False
2014-07-10,0,28,42,0,12,12,0,17,11677,103,0,17,554,0,0,0,0,0,False,False,False
2014-07-11,0,23,42,0,12,12,0,17,11701,103,0,17,554,0,0,0,0,0,False,False,False
2014-07-12,0,23,42,0,12,12,0,17,11725,103,0,17,554,0,0,0,0,0,False,False,False
2014-07-13,0,23,42,0,12,12,0,17,11749,103,0,17,554,0,0,0,0,0,False,False,False
2014-07-14,0,24,42,0,12,12,0,17,11773,103,0,17,554,0,0,0,0,0,False,False,False
2014-07-15,0,23,42,0,12,12,0,17,11797,103,0,17,554,0,0,0,0,0,False,False,False
2014-07-16,0,24,42,0,12,12,0,17,11821,103,0,17,554,0,0,0,0,0,False,False,False
2014-07-17,0,23,42,0,12,12,0,17,11845,103,0,17,554,0,0,0,0,0,False,False,False
2014-07-18,0,23,42,0,12,12,0,17,11869,103,0,17,554,0,0,0,0,0,False,False,False
2014-07-19,0,23,42,0,12,12,0,17,11893,103,0,17,554,0,0,0,0,0,False,False,False
2014-07-20,0,23,42,0,12,12,0,17,11917,103,0,17,554,0,0,0,0,0,False,False,False
2014-07-21,0,23,42,0,12,12,0,17,11941,103,0,17,554,0,0,0,0,0,False,False,False
2014-07-22,0,23,42,0,12,12,0,17,11965,103,0,17,554,0,0,0,0,0,False,False,False
2014-07-23,0,23,42,0,12,12,0,17,11989,103,0,17,554,0,0,0,0,0,False,False,False
2014-07-24,0,23,42,0,12,12,0,17,12013,103,0,17,554,0,0,0,0,0,False,False,False
2014-07-25,0,24,42,0,12,12,0,17,12037,103,0,17,554,0,0,0,0,0,False,False,False
2014-07-26,0,23,42,0,12,12,0,17,12061,103,0,17,554,0,0,0,0,0,False,False,False
2014-07-27,0,23,42,0,12,12,0,17,12085,103,0,17,554,0,0,0,0,0,False,False,False
2014-07-28,0,23,42,0,12,12,0,17,12109,103,0,17,554,0,0,0,0,0,False,False,False
2014-07-29,0,24,42,0,12,12,0,17,12133,103,0,17,554,0,0,0,0,0,False,False,False
2014-07-30,0,23,42,0,12,12,0,17,12157,103,0,17,554,0,0,0,0,0,False,False,False
2014-07-31,0,23,42,0,12,12,0,17,12181,103,0,17,554,0,0,0,0,0,False,False,False
2014-08-01,0,23,42,0,12,12,0,17,12205,103,0,17,554,0,0,0,0,0,False,False,False
2014-08-02,0,23,42,0,12,12,0,17,12229,103,0,17,554,0,0,0,0,0,False,False,False
2014-08-03,0,23,42,0,12,12,0,17,12253,103,0,17,554,0,0,0,0,0,False,False,False
2014-08-04,0,23,42,0,12,12,0,17,12277,103,0,17,554,0,0,0,0,0,False,False,False
2014-08-05,0,24,42,0,12,12,0,17,12301,103,0,17,554,0,0,0,0,0,False,False,False
2014-08-06,0,24,42,0,12,12,0,17,12325,103,0,17,554,0,0,0,0,0,False,False,False
2014-08-07,0,23,42,0,12,12,0,17,12349,103,0,17,554,0,0,0,0,0,False,False,False
2014-08-08,0,23,42,0,12,12,0,17,12373,103,0,17,554,0,0,0,0,0,False,False,False
2014-08-09,0,23,42,0,12,12,0,17,12397,103,0,17,554,0,0,0,0,0,False,False,False
2014-08-10,0,23,42,0,12,12,0,17,12421,103,0,17,554,0,0,0,0,0,False,False,False
2014-08-11,0,23,42,0,12,12,0,17,12445,103,0,17,554,0,0,0,0,0,False,False,False
2014-08-12,0,23,42,0,12,12,0,17,12469,103,0,17,554,0,0,0,0,0,False,False,False
2014-08-13,0,23,42,0,12,12,0,17,12493,103,0,17,554,0,0,0,0,0,False,False,False
2014-08-14,0,24,42,0,12,12,0,17,12517,103,0,17,554,0,0,0,0,0,False,False,False
2014-08-15,0,23,42,0,12,12,0,17,12541,103,0,17,554,0,0,0,0,0,False,False,False
2014-08-16,0,23,42,0,12,12,0,17,12565,103,0,17,554,0,0,0,0,0,False,False,False
2014-08-17,0,23,42,0,12,12,0,17,12589,103,0,17,554,0,0,0,0,0,False,False,False
2014-08-18,0,23,42,0,12,12,0,17,12613,103,0,17,554,0,0,0,0,0,False,False,False
2014-08-19,0,23,42,0,12,12,0,17,12637,103,0,17,554,0,0,0,0,0,False,False,False
2014-08-20,0,24,42,0,12,12,0,17,12661,103,0,17,554,0,0,0,0,0,False,False,False
2014-08-21,0,23,42,0,12,12,0,17,12685,103,0,17,554,0,0,0,0,0,False,False,False
2014-08-22,0,24,42,0,12,12,0,17,12709,103,0,17,554,0,0,0,0,0,False,False,False
2014-08-23,0,24,42,0,12,12,0,17,12733,103,0,17,554,0,0,0,0,0,False,False,False
2014-08-24,0,25,42,0,12,12,0,17,12757,103,0,17,554,0,0,0,0,0,False,False,False
2014-08-25,0,24,42,0,12,12,0,17,12781,103,0,17,554,0,0,0,0,0,False,False,False
2014-08-26,0,25,42,0,12,12,0,17,12805,103,0,17,554,0,0,0,0,0,False,False,False
2014-08-27,0,24,42,0,12,12,0,17,12829,103,0,17,554,0,0,0,0,0,False,False,False
2014-08-28,0,25,42,0,12,12,0,17,12853,103,0,17,554,0,0,0,0,0,False,False,False
2014-08-29,0,24,42,0,12,12,0,17,12877,103,0,17,554,0,0,0,0,0,False,False,False
2014-08-30,0,24,42,0,12,12,0,17,12901,103,0,17,554,0,0,0,0,0,False,False,False
2014-08-31,0,25,42,0,12,12,0,17,12925,103,0,17,554,0,0,0,0,0,False,False,False
2014-09-01,0,25,42,0,12,12,0,17,12949,103,0,17,554,0,0,0,0,0,False,False,False
2014-09-02,0,25,42,0,12,12,0,17,12973,103,0,17,554,0,0,0,0,0,False,False,False
2014-09-03,0,25,42,0,12,12,0,17,12997,103,0,17,554,0,0,0,0,0,False,False,False
2014-09-04,0,25,42,0,12,12,0,17,13021,103,0,17,554,0,0,0,0,0,False,False,False
2014-09-05,0,25,42,0,12,12,0,17,13045,103,0,17,554,0,0,0,0,0,False,False,False
2014-09-06,0,25,42,0,12,12,0,17,13069,103,0,17,554,0,0,0,0,0,False,False,False
2014-09-07,0,25,42,0,12,12,0,17,13093,103,0,17,554,0,0,0,0,0,False,False,False
2014-09-08,0,25,42,0,12,12,0,17,13117,103,0,17,554,0,0,0,0,0,False,False,False
2014-09-09,0,25,42,0,12,12,0,17,13141,103,0,17,554,0,0,0,0,0,False,False,False
2014-09-10,0,24,42,0,12,12,0,17,13165,103,0,17,554,0,0,0,0,0,False,False,False
2014-09-11,0,25,42,0,12,12,0,17,13189,103,0,17,554,0,0,0,0,0,False,False,False
2014-09-12,0,25,42,0,12,12,0,17,13213,103,0,17,554,0,0,0,0,0,False,False,False
2014-09-13,0,25,42,0,12,12,0,17,13237,103,0,17,554,0,0,0,0,0,False,False,False
2014-09-14,0,24,42,0,12,12,0,17,13262,103,0,17,554,0,0,0,0,0,False,False,False
2014-09-15,0,25,42,0,12,12,0,17,13285,103,0,17,554,0,0,0,0,0,False,False,False
2014-09-16,0,25,42,0,12,12,0,17,13309,103,0,17,554,0,0,0,0,0,False,False,False
2014-09-17,0,25,42,0,12,12,0,17,13333,103,0,17,554,0,0,0,0,0,False,False,False
2014-09-18,0,25,42,0,12,12,0,17,13357,103,0,17,554,0,0,0,0,0,False,False,False
2014-09-19,0,25,42,0,12,12,0,17,13381,103,0,17,554,0,0,0,0,0,False,False,False
2014-09-20,0,25,42,0,12,12,0,17,13405,103,0,17,554,0,0,0,0,0,False,False,False
2014-09-21,0,25,42,0,12,12,0,17,13429,103,0,17,554,0,0,0,0,0,False,False,False
2014-09-22,0,25,42,0,12,12,0,17,13453,103,0,17,554,0,0,0,0,0,False,False,False
2014-09-23,0,25,42,0,12,12,0,17,13477,103,0,17,554,0,0,0,0,0,False,False,False
2014-09-24,0,25,42,0,12,12,0,17,13501,103,0,17,554,0,0,0,0,0,False,False,False
2014-09-25,0,25,42,0,12,12,0,17,13525,103,0,17,554,0,0,0,0,0,False,False,False
2014-09-26,0,25,42,0,12,12,0,17,13549,103,0,17,554,0,0,0,0,0,False,False,False
2014-09-27,0,25,42,0,12,12,0,17,13573,103,0,17,554,0,0,0,0,0,False,False,False
2014-09-28,0,25,42,0,12,12,0,17,13597,103,0,17,554,0,0,0,0,0,False,False,False
2014-09-29,0,25,42,0,12,12,0,17,13621,103,0,17,554,0,0,0,0,0,False,False,False
2014-09-30,0,25,42,0,12,12,0,17,13645,103,0,17,554,0,0,0,0,0,False,False,False
2014-10-01,0,25,42,0,12,12,0,17,13669,103,0,17,554,0,0,0,0,0,False,False,False
2014-10-02,0,25,42,0,12,12,0,17,13693,103,0,17,554,0,0,0,0,0,False,False,False
2014-10-03,0,25,42,0,12,12,0,17,13717,103,0,17,554,0,0,0,0,0,False,False,False
2014-10-04,0,25,42,0,12,12,0,17,13741,103,0,17,554,0,0,0,0,0,False,False,False
2014-10-05,0,25,42,0,12,12,0,17,13765,103,0,17,554,0,0,0,0,0,False,False,False
2014-10-06,0,25,42,0,12,12,0,17,13789,103,0,17,554,0,0,0,0,0,False,False,False
2014-10-07,0,26,42,0,12,12,0,17,13814,103,0,17,554,0,0,0,0,0,False,False,False
2014-10-08,0,25,42,0,12,12,0,17,13837,103,0,17,554,0,0,0,0,0,False,False,False
2014-10-09,0,25,42,0,12,12,0,17,13861,103,0,17,554,0,0,0,0,0,False,False,False
2014-10-10,0,26,42,0,12,12,0,17,13885,103,0,17,554,0,0,0,0,0,False,False,False
2014-10-11,0,25,42,0,12,12,0,17,13909,103,0,17,554,0,0,0,0,0,False,False,False
2014-10-12,0,26,42,0,12,12,0,17,13933,103,0,17,554,0,0,0,0,0,False,False,False
2014-10-13,0,25,42,0,12,12,0,17,13957,103,0,17,554,0,0,0,0,0,False,False,False
2014-10-14,0,25,42,0,12,12,0,17,13981,103,0,17,554,0,0,0,0,0,False,False,False
2014-10-15,0,25,42,0,12,12,0,17,14005,103,0,17,554,0,0,0,0,0,False,False,False
2014-10-16,0,25,42,0,12,12,0,17,14029,103,0,17,554,0,0,0,0,0,False,False,False
2014-10-17,0,25,42,0,12,12,0,17,14053,103,0,17,554,0,0,0,0,0,False,False,False
2014-10-18,0,25,42,0,12,12,0,17,14077,103,0,17,554,0,0,0,0,0,False,False,False
2014-10-19,0,25,42,0,12,12,0,17,14101,103,0,17,554,0,0,0,0,0,False,False,False
2014-10-20,0,25,42,0,12,12,0,17,14125,103,0,17,554,0,0,0,0,0,False,False,False
2014-10-21,0,25,42,0,12,12,0,17,14149,103,0,17,554,0,0,0,0,0,False,False,False
2014-10-22,0,25,42,0,12,12,0,17,14173,103,0,17,554,0,0,0,0,0,False,False,False
2014-10-23,0,25,42,0,12,12,0,17,14197,103,0,17,554,0,0,0,0,0,False,False,False
2014-10-24,0,25,42,0,12,12,0,17,14221,103,0,17,554,0,0,0,0,0,False,False,False
2014-10-25,0,25,42,0,12,12,0,17,14245,103,0,17,554,0,0,0,0,0,False,False,False
2014-10-26,0,24,42,0,12,12,0,17,14269,103,0,17,554,0,0,0,0,0,False,False,False
2014-10-27,0,25,42,0,12,12,0,17,14293,103,0,17,554,0,0,0,0,0,False,False,False
2014-10-28,0,23,42,0,12,12,0,17,14317,103,0,17,554,0,0,0,0,0,False,False,False
2014-10-29,0,24,42,0,12,12,0,17,14341,103,0,17,554,0,0,0,0,0,False,False,False
2014-10-30,0,24,42,0,12,12,0,17,14365,103,0,17,554,0,0,0,0,0,False,False,False
2014-10-31,0,24,42,0,12,12,0,17,14389,103,0,17,554,0,0,0,0,0,False,False,False
2014-11-01,0,25,42,0,12,12,0,17,14413,103,0,17,554,0,0,0,0,0,False,False,False
2014-11-03,0,23,42,0,12,12,0,17,14462,103,0,17,554,0,0,0,0,0,False,False,False
2014-11-04,0,28,42,0,12,12,0,17,14486,103,0,17,554,0,0,0,0,0,False,False,False
2014-11-05,0,27,42,0,12,12,0,17,14510,103,0,17,554,0,0,0,0,0,False,False,False
2014-11-06,0,27,42,0,12,12,0,17,14534,103,0,17,554,0,0,0,0,0,False,False,False
2014-11-07,0,27,42,0,12,12,0,17,14558,103,0,17,554,0,0,0,0,0,False,False,False
2014-11-08,0,26,42,0,12,12,0,17,14582,103,0,17,554,0,0,0,0,0,False,False,False
2014-11-09,0,27,42,0,12,12,0,17,14606,103,0,17,554,0,0,0,0,0,False,False,False
2014-11-10,0,26,42,0,12,12,0,17,14630,103,0,17,554,0,0,0,0,0,False,False,False
2014-11-11,0,26,42,0,12,12,0,17,14654,103,0,17,554,0,0,0,0,0,False,False,False
2014-11-12,0,24,42,0,12,12,0,17,14678,103,0,17,554,0,0,0,0,0,False,False,False
2014-11-13,0,27,42,0,12,12,0,17,14702,103,0,17,554,0,0,0,0,0,False,False,False
2014-11-14,0,27,42,0,12,12,0,17,14726,103,0,17,554,0,0,0,0,0,False,False,False
2014-11-15,0,27,42,0,12,12,0,17,14750,103,0,17,554,0,0,0,0,0,False,False,False
2014-11-16,0,27,42,0,12,12,0,17,14774,103,0,17,554,0,0,0,0,0,False,False,False
2014-11-17,0,27,42,0,12,12,0,17,14798,103,0,17,554,0,0,0,0,0,False,False,False
2014-11-18,0,28,42,0,12,12,0,17,14822,103,0,17,554,0,0,0,0,0,False,False,False
2014-11-19,0,27,42,0,12,12,0,17,14846,103,0,17,554,0,0,0,0,0,False,False,False
2014-11-20,0,26,42,0,12,12,0,17,14870,103,0,17,554,0,0,0,0,0,False,False,False
2014-11-21,0,27,42,0,12,12,0,17,14894,103,0,17,554,0,0,0,0,0,False,False,False
2014-11-22,0,26,42,0,12,12,0,17,14918,103,0,17,554,0,0,0,0,0,False,False,False
2014-11-23,0,26,42,0,12,12,0,17,14942,103,0,17,554,0,0,0,0,0,False,False,False
2014-11-24,0,26,42,0,12,12,0,17,14966,103,0,17,554,0,0,0,0,0,False,False,False
2014-11-25,0,26,42,0,12,12,0,17,14990,103,0,17,554,0,0,0,0,0,False,False,False
2014-11-26,0,27,42,0,12,12,0,17,15014,103,0,17,554,0,0,0,0,0,False,False,False
2014-11-27,0,27,42,0,12,12,0,17,15038,103,0,17,554,0,0,0,0,0,False,False,False
2014-11-28,0,27,42,0,12,12,0,17,15062,103,0,17,554,0,0,0,0,0,False,False,False
2014-11-29,0,27,42,0,12,12,0,17,15086,103,0,17,554,0,0,0,0,0,False,False,False
2014-11-30,0,27,42,0,12,12,0,17,15110,103,0,17,554,0,0,0,0,0,False,False,False
2014-12-01,0,26,42,0,12,12,0,17,15134,103,0,17,554,0,0,0,0,0,False,False,False
2014-12-02,0,27,42,0,12,12,0,17,15158,103,0,17,554,0,0,0,0,0,False,False,False
2014-12-03,0,26,42,0,12,12,0,17,15182,103,0,17,554,0,0,0,0,0,False,False,False
2014-12-04,0,26,42,0,12,12,0,17,15206,103,0,17,554,0,0,0,0,0,False,False,False
2014-12-05,0,27,42,0,12,12,0,17,15231,103,0,17,554,0,0,0,0,0,False,False,False
2014-12-06,0,25,43,0,13,13,0,18,15254,103,0,18,554,0,0,0,0,0,False,False,False
2014-12-07,0,27,43,0,13,13,0,18,15278,103,0,18,554,0,0,0,0,0,False,False,False
2014-12-08,0,27,43,0,13,13,0,18,15302,103,0,18,554,0,0,0,0,0,False,False,False
2014-12-09,0,27,43,0,13,13,0,18,15326,103,0,18,554,0,0,0,0,0,False,False,False
2014-12-10,0,27,43,0,13,13,0,18,15350,103,0,18,554,0,0,0,0,0,False,False,False
2014-12-11,0,27,43,0,13,13,0,18,15374,103,0,18,554,0,0,0,0,0,False,False,False
2014-12-12,0,26,43,0,13,13,0,18,15398,103,0,18,554,0,0,0,0,0,False,False,False
2014-12-13,0,25,43,0,13,13,0,18,15422,103,0,18,554,0,0,0,0,0,False,False,False
2014-12-14,0,26,43,0,13,13,0,18,15446,103,0,18,554,0,0,0,0,0,False,False,False
2014-12-15,0,26,43,0,13,13,0,18,15470,103,0,18,554,0,0,0,0,0,False,False,False
2014-12-16,0,27,43,0,13,13,0,18,15494,103,0,18,554,0,0,0,0,0,False,False,False
2014-12-17,0,25,43,0,13,13,0,18,15518,103,0,18,554,0,0,0,0,0,False,False,False
2014-12-18,0,27,43,0,13,13,0,18,15542,103,0,18,554,0,0,0,0,0,False,False,False
2014-12-19,0,25,43,0,13,13,0,18,15566,103,0,18,554,0,0,0,0,0,False,False,False
2014-12-20,0,25,43,0,13,13,0,18,15590,103,0,18,554,0,0,0,0,0,False,False,False
2014-12-21,0,25,43,0,13,13,0,18,15614,103,0,18,554,0,0,0,0,0,False,False,False
2014-12-22,0,25,43,0,13,13,0,18,15638,103,0,18,554,0,0,0,0,0,False,False,False
2014-12-23,0,25,43,0,13,13,0,18,15662,103,0,18,554,0,0,0,0,0,False,False,False
2014-12-24,0,25,43,0,13,13,0,18,15686,103,0,18,554,0,0,0,0,0,False,False,False
2014-12-25,0,25,43,0,13,13,0,18,15710,103,0,18,554,0,0,0,0,0,False,False,False
2014-12-26,0,25,43,0,13,13,0,18,15734,103,0,18,554,0,0,0,0,0,False,False,False
2014-12-27,0,25,43,0,13,13,0,18,15758,103,0,18,554,0,0,0,0,0,False,False,False
2014-12-28,0,25,43,0,13,13,0,18,15782,103,0,18,554,0,0,0,0,0,False,False,False
2014-12-29,0,25,43,0,13,13,0,18,15806,103,0,18,554,0,0,0,0,0,False,False,False
2014-12-30,0,25,43,0,13,13,0,18,15830,103,0,18,554,0,0,0,0,0,False,False,False
2014-12-31,0,25,43,0,13,13,0,18,15854,103,0,18,554,0,0,0,0,0,False,False,False
2015-01-01,0,25,43,0,13,13,0,18,15878,103,0,18,554,0,0,0,0,0,False,False,False
2015-01-02,0,25,43,0,13,13,0,18,15902,103,0,18,554,0,0,0,0,0,False,False,False
2015-01-03,0,25,43,0,13,13,0,18,15926,103,0,18,554,0,0,0,0,0,False,False,False
2015-01-04,0,25,43,0,13,13,0,18,15950,103,0,18,554,0,0,0,0,0,False,False,False
2015-01-05,0,25,43,0,13,13,0,18,15974,103,0,18,554,0,0,0,0,0,False,False,False
2015-01-06,0,26,43,0,13,13,0,18,15998,103,0,18,554,0,0,0,0,0,False,False,False
2015-01-07,0,26,43,0,13,13,0,18,16022,103,0,18,554,0,0,0,0,0,False,False,False
2015-01-08,0,26,43,0,13,13,0,18,16046,103,0,18,554,0,0,0,0,0,False,False,False
2015-01-09,0,27,43,0,13,13,0,18,16070,103,0,18,554,0,0,0,0,0,False,False,False
2015-01-10,0,27,43,0,13,13,0,18,16094,103,0,18,554,0,0,0,0,0,False,False,False
2015-01-11,0,27,43,0,13,13,0,18,16118,103,0,18,554,0,0,0,0,0,False,False,False
2015-01-12,0,27,43,0,13,13,0,18,16142,103,0,18,554,0,0,0,0,0,False,False,False
2015-01-13,0,27,43,0,13,13,0,18,16166,103,0,18,554,0,0,0,0,0,False,False,False
2015-01-14,0,27,43,0,13,13,0,18,16190,103,0,18,554,0,0,0,0,0,False,False,False
2015-01-15,0,27,43,0,13,13,0,18,16214,103,0,18,554,0,0,0,0,0,False,False,False
2015-01-16,0,27,43,0,13,13,0,18,16238,103,0,18,554,0,0,0,0,0,False,False,False
2015-01-17,0,27,43,0,13,13,0,18,16262,103,0,18,554,0,0,0,0,0,False,False,False
2015-01-18,0,27,43,0,13,13,0,18,16286,103,0,18,554,0,0,0,0,0,False,False,False
2015-01-19,0,28,43,0,13,13,0,18,16310,103,0,18,554,0,0,0,0,0,False,False,False
2015-01-20,0,28,43,0,13,13,0,18,16334,103,0,18,554,0,0,0,0,0,False,False,False
2015-01-21,0,27,43,0,13,13,0,18,16358,103,0,18,554,0,0,0,0,0,False,False,False
2015-01-22,0,27,43,0,13,13,0,18,16382,103,0,18,554,0,0,0,0,0,False,False,False
2015-01-23,0,27,43,0,13,13,0,18,16406,103,0,18,554,0,0,0,0,0,False,False,False
2015-01-24,0,27,43,0,13,13,0,18,16430,103,0,18,554,0,0,0,0,0,False,False,False
2015-01-25,0,23,43,0,13,13,0,18,16454,103,0,18,554,0,0,0,0,0,False,False,False
2015-01-26,0,24,43,0,13,13,0,18,16478,103,0,18,554,0,0,0,0,0,False,False,False
2015-01-27,0,25,43,0,13,13,0,18,16502,103,0,18,554,0,0,0,0,0,False,False,False
2015-01-28,0,25,43,0,13,13,0,18,16526,103,0,18,554,0,0,0,0,0,False,False,False
2015-01-29,0,27,43,0,13,13,0,18,16550,103,0,18,554,0,0,0,0,0,False,False,False
2015-01-30,0,27,43,0,13,13,0,18,16574,103,0,18,554,0,0,0,0,0,False,False,False
2015-01-31,0,27,43,0,13,13,0,18,16598,103,0,18,554,0,0,0,0,0,False,False,False
2015-02-01,0,27,43,0,13,13,0,18,16622,103,0,18,554,0,0,0,0,0,False,False,False
2015-02-02,0,28,43,0,13,13,0,18,16646,103,0,18,554,0,0,0,0,0,False,False,False
2015-02-03,0,28,43,0,13,13,0,18,16670,103,0,18,554,0,0,0,0,0,False,False,False
2015-02-04,0,28,43,0,13,13,0,18,16694,103,0,18,554,0,0,0,0,0,False,False,False
2015-02-05,0,25,43,0,13,13,0,18,16718,103,0,18,554,0,0,0,0,0,False,False,False
2015-02-06,0,27,43,0,13,13,0,18,16742,103,0,18,554,0,0,0,0,0,False,False,False
2015-02-07,0,28,43,0,13,13,0,18,16766,103,0,18,554,0,0,0,0,0,False,False,False
2015-02-08,0,26,43,0,13,13,0,18,16790,103,0,18,554,0,0,0,0,0,False,False,False
2015-02-09,0,28,43,0,13,13,0,18,16814,103,0,18,554,0,0,0,0,0,False,False,False
2015-02-10,0,27,43,0,13,13,0,18,16838,103,0,18,554,0,0,0,0,0,False,False,False
2015-02-11,0,27,43,0,13,13,0,18,16862,103,0,18,554,0,0,0,0,0,False,False,False
2015-02-12,0,27,43,0,13,13,0,18,16886,103,0,18,554,0,0,0,0,0,False,False,False
2015-02-13,0,28,43,0,13,13,0,18,16910,103,0,18,554,0,0,0,0,0,False,False,False
2015-02-14,0,27,43,0,13,13,0,18,16934,103,0,18,554,0,0,0,0,0,False,False,False
2015-02-15,0,28,43,0,13,13,0,18,16958,103,0,18,554,0,0,0,0,0,False,False,False
2015-02-16,0,28,43,0,13,13,0,18,16982,103,0,18,554,0,0,0,0,0,False,False,False
2015-02-17,0,27,43,0,13,13,0,18,17006,103,0,18,554,0,0,0,0,0,False,False,False
2015-02-18,0,28,43,0,13,13,0,18,17030,103,0,18,554,0,0,0,0,0,False,False,False
2015-02-19,0,28,43,0,13,13,0,18,17054,103,0,18,554,0,0,0,0,0,False,False,False
2015-02-20,0,28,43,0,13,13,0,18,17078,103,0,18,554,0,0,0,0,0,False,False,False
2015-02-21,0,27,43,0,13,13,0,18,17102,103,0,18,554,0,0,0,0,0,False,False,False
2015-02-22,0,27,43,0,13,13,0,18,17126,103,0,18,554,0,0,0,0,0,False,False,False
2015-02-23,0,26,43,0,13,13,0,18,17150,103,0,18,554,0,0,0,0,0,False,False,False
2015-02-24,0,26,43,0,13,13,0,18,17174,103,0,18,554,0,0,0,0,0,False,False,False
2015-02-25,0,26,43,0,13,13,0,18,17198,103,0,18,554,0,0,0,0,0,False,False,False
2015-02-26,0,27,43,0,13,13,0,18,17222,103,0,18,554,0,0,0,0,0,False,False,False
2015-02-27,0,26,43,0,13,13,0,18,17246,103,0,18,554,0,0,0,0,0,False,False,False
2015-02-28,0,26,43,0,13,13,0,18,17270,103,0,18,554,0,0,0,0,0,False,False,False
2015-03-01,0,26,43,0,13,13,0,18,17294,103,0,18,554,0,0,0,0,0,False,False,False
2015-03-02,0,26,43,0,13,13,0,18,17318,103,0,18,554,0,0,0,0,0,False,False,False
2015-03-03,0,26,43,0,13,13,0,18,17342,103,0,18,554,0,0,0,0,0,False,False,False
2015-03-04,0,25,43,0,13,13,0,18,17366,103,0,18,554,0,0,0,0,0,False,False,False
2015-03-05,0,26,43,0,13,13,0,18,17390,103,0,18,554,0,0,0,0,0,False,False,False
2015-03-06,0,26,43,0,13,13,0,18,17414,103,0,18,554,0,0,0,0,0,False,False,False
2015-03-07,0,25,43,0,13,13,0,18,17438,103,0,18,554,0,0,0,0,0,False,False,False
2015-03-08,0,26,43,0,13,13,0,18,17462,103,0,18,554,0,0,0,0,0,False,False,False
2015-03-09,0,25,43,0,13,13,0,18,17486,103,0,18,554,0,0,0,0,0,False,False,False
2015-03-10,0,26,43,0,13,13,0,18,17509,103,0,18,554,0,0,0,0,0,False,False,False
2015-03-11,0,27,43,0,13,13,0,18,17533,103,0,18,554,0,0,0,0,0,False,False,False
2015-03-12,0,25,43,0,13,13,0,18,17557,103,0,18,554,0,0,0,0,0,False,False,False
2015-03-13,0,27,43,0,13,13,0,18,17581,103,0,18,554,0,0,0,0,0,False,False,False
2015-03-14,0,26,43,0,13,13,0,18,17605,103,0,18,554,0,0,0,0,0,False,False,False
2015-03-15,0,26,43,0,13,13,0,18,17629,103,0,18,554,0,0,0,0,0,False,False,False
2015-03-16,0,26,43,0,13,13,0,18,17653,103,0,18,554,0,0,0,0,0,False,False,False
2015-03-17,0,26,43,0,13,13,0,18,17677,103,0,18,554,0,0,0,0,0,False,False,False
2015-03-18,0,24,43,0,13,13,0,18,17701,103,0,18,554,0,0,0,0,0,False,False,False
2015-03-19,0,23,43,0,13,13,0,18,17725,103,0,18,554,0,0,0,0,0,False,False,False
2015-03-20,0,28,43,0,13,13,0,18,17749,103,0,18,554,0,0,0,0,0,False,False,False
2015-03-21,0,28,43,0,13,13,0,18,17773,103,0,18,554,0,0,0,0,0,False,False,False
2015-03-22,0,29,43,0,13,13,0,18,17797,103,0,18,554,0,0,0,0,0,False,False,False
2015-03-23,0,28,43,0,13,13,0,18,17821,103,0,18,554,0,0,0,0,0,False,False,False
2015-03-24,0,27,43,0,13,13,0,18,17845,103,0,18,554,0,0,0,0,0,False,False,False
2015-03-25,0,28,43,0,13,13,0,18,17869,103,0,18,554,0,0,0,0,0,False,False,False
2015-03-26,0,28,43,0,13,13,0,18,17893,103,0,18,554,0,0,0,0,0,False,False,False
2015-03-27,0,28,43,0,13,13,0,18,17917,103,0,18,554,0,0,0,0,0,False,False,False
2015-03-28,0,28,43,0,13,13,0,18,17941,103,0,18,554,0,0,0,0,0,False,False,False
2015-03-29,0,28,43,0,13,13,0,18,17966,103,0,18,554,0,0,0,0,0,False,False,False
2015-03-30,0,28,43,0,13,13,0,18,17989,103,0,18,554,0,0,0,0,0,False,False,False
2015-03-31,0,28,43,0,13,13,0,18,18013,103,0,18,554,0,0,0,0,0,False,False,False
2015-04-01,0,28,43,0,13,13,0,18,18037,103,0,18,554,0,0,0,0,0,False,False,False
2015-04-02,0,27,43,0,13,13,0,18,18061,103,0,18,554,0,0,0,0,0,False,False,False
2015-04-03,0,27,43,0,13,13,0,18,18085,103,0,18,554,0,0,0,0,0,False,False,False
2015-04-04,0,27,43,0,13,13,0,18,18109,103,0,18,554,0,0,0,0,0,False,False,False
2015-04-05,0,27,43,0,13,13,0,18,18133,103,0,18,554,0,0,0,0,0,False,False,False
2015-04-06,0,27,43,0,13,13,0,18,18157,103,0,18,554,0,0,0,0,0,False,False,False
2015-04-07,0,28,43,0,13,13,0,18,18181,103,0,18,554,0,0,0,0,0,False,False,False
2015-04-08,0,27,43,0,13,13,0,18,18205,103,0,18,554,0,0,0,0,0,False,False,False
2015-04-09,0,28,43,0,13,13,0,18,18229,103,0,18,554,0,0,0,0,0,False,False,False
2015-04-10,0,29,43,0,13,13,0,18,18253,103,0,18,554,0,0,0,0,0,False,False,False
2015-04-11,0,29,43,0,13,13,0,18,18277,103,0,18,554,0,0,0,0,0,False,False,False
2015-04-12,0,29,43,0,13,13,0,18,18301,103,0,18,554,0,0,0,0,0,False,False,False
2015-04-13,0,28,43,0,13,13,0,18,18325,103,0,18,554,0,0,0,0,0,False,False,False
2015-04-14,0,25,43,0,13,13,0,18,18349,103,0,18,554,0,0,0,0,0,False,False,False
2015-04-15,0,24,43,0,13,13,0,18,18373,103,0,18,554,0,0,0,0,0,False,False,False
2015-04-16,0,24,43,0,13,13,0,18,18397,103,0,18,554,0,0,0,0,0,False,False,False
2015-04-17,0,24,43,0,13,13,0,18,18421,103,0,18,554,0,0,0,0,0,False,False,False
2015-04-18,0,25,43,0,13,13,0,18,18445,103,0,18,554,0,0,0,0,0,False,False,False
2015-04-19,0,25,43,0,13,13,0,18,18469,103,0,18,554,0,0,0,0,0,False,False,False
2015-04-20,0,26,43,0,13,13,0,18,18493,103,0,18,554,0,0,0,0,0,False,False,False
2015-04-21,0,26,43,0,13,13,0,18,18518,103,0,18,554,0,0,0,0,0,False,False,False
2015-04-22,0,25,43,0,13,13,0,18,18541,103,0,18,554,0,0,0,0,0,False,False,False
2015-04-23,0,26,43,0,13,13,0,18,18565,103,0,18,554,0,0,0,0,0,False,False,False
2015-04-24,0,26,43,0,13,13,0,18,18589,103,0,18,554,0,0,0,0,0,False,False,False
2015-04-25,0,25,43,0,13,13,0,18,18613,103,0,18,554,0,0,0,0,0,False,False,False
2015-04-26,0,25,43,0,13,13,0,18,18637,103,0,18,554,0,0,0,0,0,False,False,False
2015-04-27,0,26,43,0,13,13,0,18,18661,103,0,18,554,0,0,0,0,0,False,False,False
2015-04-28,0,25,43,0,13,13,0,18,18685,103,0,18,554,0,0,0,0,0,False,False,False
2015-04-29,0,25,43,0,13,13,0,18,18709,103,0,18,554,0,0,0,0,0,False,False,False
2015-04-30,0,26,43,0,13,13,0,18,18733,103,0,18,554,0,0,0,0,0,False,False,False
2015-05-01,0,25,43,0,13,13,0,18,18757,103,0,18,554,0,0,0,0,0,False,False,False
2015-05-02,0,25,43,0,13,13,0,18,18781,103,0,18,554,0,0,0,0,0,False,False,False
2015-05-03,0,25,43,0,13,13,0,18,18805,103,0,18,554,0,0,0,0,0,False,False,False
2015-05-04,0,25,43,0,13,13,0,18,18829,103,0,18,554,0,0,0,0,0,False,False,False
2015-05-05,0,25,43,0,13,13,0,18,18853,103,0,18,554,0,0,0,0,0,False,False,False
2015-05-06,0,25,43,0,13,13,0,18,18877,103,0,18,554,0,0,0,0,0,False,False,False
2015-05-07,0,24,43,0,13,13,0,18,18901,103,0,18,554,0,0,0,0,0,False,False,False
2015-05-08,0,24,43,0,13,13,0,18,18925,103,0,18,554,0,0,0,0,0,False,False,False
2015-05-09,0,24,43,0,13,13,0,18,18949,103,0,18,554,0,0,0,0,0,False,False,False
2015-05-10,0,24,43,0,13,13,0,18,18973,103,0,18,554,0,0,0,0,0,False,False,False
2015-05-11,0,25,43,0,13,13,0,18,18997,103,0,18,554,0,0,0,0,0,False,False,False
2015-05-12,0,24,43,0,13,13,0,18,19021,103,0,18,554,0,0,0,0,0,False,False,False
2015-05-13,0,25,43,0,13,13,0,18,19045,103,0,18,554,0,0,0,0,0,False,False,False
2015-05-14,0,25,43,0,13,13,0,18,19069,103,0,18,554,0,0,0,0,0,False,False,False
2015-05-15,0,25,43,0,13,13,0,18,19093,103,0,18,554,0,0,0,0,0,False,False,False
2015-05-16,0,24,43,0,13,13,0,18,19117,103,0,18,554,0,0,0,0,0,False,False,False
2015-05-17,0,25,43,0,13,13,0,18,19141,103,0,18,554,0,0,0,0,0,False,False,False
2015-05-18,0,25,43,0,13,13,0,18,19165,103,0,18,554,0,0,0,0,0,False,False,False
2015-05-19,0,24,43,0,14,14,0,19,19189,103,0,19,554,0,0,0,0,0,False,False,False
2015-05-20,0,24,43,0,14,14,0,19,19213,103,0,19,554,0,0,0,0,0,False,False,False
2015-05-21,0,25,42,0,14,14,0,19,19237,103,0,19,554,0,0,0,0,0,False,False,False
2015-05-22,0,25,42,0,14,14,0,19,19261,103,0,19,554,0,0,0,0,0,False,False,False
2015-05-23,0,24,42,0,14,14,0,19,19285,103,0,19,554,0,0,0,0,0,False,False,False
2015-05-24,0,25,42,0,14,14,0,19,19309,103,0,19,554,0,0,0,0,0,False,False,False
2015-05-25,0,26,42,0,14,14,0,19,19333,103,0,19,554,0,0,0,0,0,False,False,False
2015-05-26,0,24,42,0,14,14,0,19,19357,103,0,19,554,0,0,0,0,0,False,False,False
2015-05-27,0,24,42,0,14,14,0,19,19381,103,0,19,554,0,0,0,0,0,False,False,False
2015-05-28,0,24,42,0,14,14,0,19,19405,103,0,19,554,0,0,0,0,0,False,False,False
2015-05-29,0,26,42,0,14,14,0,19,19429,103,0,19,554,0,0,0,0,0,False,False,False
2015-05-30,0,25,42,0,14,14,0,19,19453,103,0,19,554,0,0,0,0,0,False,False,False
2015-05-31,0,24,42,0,14,14,0,19,19477,103,0,19,554,0,0,0,0,0,False,False,False
2015-06-01,0,25,42,0,14,14,0,19,19501,103,0,19,554,0,0,0,0,0,False,False,False
2015-06-02,0,24,42,0,14,14,0,19,19525,103,0,19,554,0,0,0,0,0,False,False,False
2015-06-03,0,24,42,0,14,14,0,19,19549,103,0,19,554,0,0,0,0,0,False,False,False
2015-06-04,0,24,42,0,14,14,0,19,19573,103,0,19,554,0,0,0,0,0,False,False,False
2015-06-05,0,25,42,0,14,14,0,19,19597,103,0,19,554,0,0,0,0,0,False,False,False
2015-06-06,0,24,42,0,14,14,0,19,19621,103,0,19,554,0,0,0,0,0,False,False,False
2015-06-07,0,26,42,0,14,14,0,19,19645,103,0,19,554,0,0,0,0,0,False,False,False
2015-06-08,0,24,42,0,14,14,0,19,19669,103,0,19,554,0,0,0,0,0,False,False,False
2015-06-09,0,24,42,0,14,14,0,19,19693,103,0,19,554,0,0,0,0,0,False,False,False
2015-06-10,0,25,42,0,14,14,0,19,19717,103,0,19,554,0,0,0,0,0,False,False,False
2015-06-11,0,24,42,0,14,14,0,19,19741,103,0,19,554,0,0,0,0,0,False,False,False
2015-06-12,0,25,42,0,14,14,0,19,19765,103,0,19,554,0,0,0,0,0,False,False,False
2015-06-13,0,24,42,0,14,14,0,19,19789,103,0,19,554,0,0,0,0,0,False,False,False
2015-06-14,0,25,42,0,14,14,0,19,19813,103,0,19,554,0,0,0,0,0,False,False,False
2015-06-15,0,24,42,0,14,14,0,19,19837,103,0,19,554,0,0,0,0,0,False,False,False
2015-06-16,0,24,42,0,14,14,0,19,19861,103,0,19,554,0,0,0,0,0,False,False,False
2015-06-17,0,25,42,0,14,14,0,19,19885,103,0,19,554,0,0,0,0,0,False,False,False
2015-06-18,0,24,42,0,14,14,0,19,19909,103,0,19,554,0,0,0,0,0,False,False,False
2015-06-19,0,26,42,0,14,14,0,19,19933,103,0,19,554,0,0,0,0,0,False,False,False
2015-06-20,0,24,42,0,14,14,0,19,19957,103,0,19,554,0,0,0,0,0,False,False,False
2015-06-21,0,24,42,0,14,14,0,19,19981,103,0,19,554,0,0,0,0,0,False,False,False
2015-06-22,0,24,42,0,14,14,0,19,20005,103,0,19,554,0,0,0,0,0,False,False,False
2015-06-23,0,24,42,0,14,14,0,19,20029,103,0,19,554,0,0,0,0,0,False,False,False
2015-06-24,0,25,42,0,14,14,0,19,20053,103,0,19,554,0,0,0,0,0,False,False,False
2015-06-25,0,27,42,0,14,14,0,19,20077,103,0,19,554,0,0,0,0,0,False,False,False
2015-06-26,0,27,42,0,14,14,0,19,20101,103,0,19,554,0,0,0,0,0,False,False,False
2015-06-27,0,27,42,0,14,14,0,19,20125,103,0,19,554,0,0,0,0,0,False,False,False
2015-06-28,0,27,42,0,14,14,0,19,20149,103,0,19,554,0,0,0,0,0,False,False,False
2015-06-29,0,25,42,0,14,14,0,19,20173,103,0,19,554,0,0,0,0,0,False,False,False
2015-06-30,0,27,42,0,14,14,0,19,20197,103,0,19,554,0,0,0,0,0,False,False,False
2015-07-01,0,27,42,0,14,14,0,19,20221,103,0,19,554,0,0,0,0,0,False,False,False
2015-07-02,0,27,42,0,14,14,0,19,20245,103,0,19,554,0,0,0,0,0,False,False,False
2015-07-03,0,27,42,0,14,14,0,19,20269,103,0,19,554,0,0,0,0,0,False,False,False
2015-07-04,0,27,42,0,14,14,0,19,20293,103,0,19,554,0,0,0,0,0,False,False,False
2015-07-05,0,27,42,0,14,14,0,19,20317,103,0,19,554,0,0,0,0,0,False,False,False
2015-07-06,0,27,42,0,14,14,0,19,20341,103,0,19,554,0,0,0,0,0,False,False,False
2015-07-07,0,27,42,0,14,14,0,19,20365,103,0,19,554,0,0,0,0,0,False,False,False
2015-07-08,0,27,42,0,14,14,0,19,20389,103,0,19,554,0,0,0,0,0,False,False,False
2015-07-09,0,27,42,0,14,14,0,19,20413,103,0,19,554,0,0,0,0,0,False,False,False
2015-07-10,0,27,42,0,14,14,0,19,20437,103,0,19,554,0,0,0,0,0,False,False,False
2015-07-11,0,27,42,0,14,14,0,19,20461,103,0,19,554,0,0,0,0,0,False,False,False
2015-07-12,0,27,42,0,14,14,0,19,20485,103,0,19,554,0,0,0,0,0,False,False,False
2015-07-13,0,27,42,0,14,14,0,19,20509,103,0,19,554,0,0,0,0,0,False,False,False
2015-07-14,0,27,42,0,14,14,0,19,20533,103,0,19,554,0,0,0,0,0,False,False,False
2015-07-15,0,27,42,0,14,14,0,19,20557,103,0,19,554,0,0,0,0,0,False,False,False
2015-07-16,0,27,42,0,14,14,0,19,20581,103,0,19,554,0,0,0,0,0,False,False,False
2015-07-17,0,27,42,0,14,14,0,19,20605,103,0,19,554,0,0,0,0,0,False,False,False
2015-07-18,0,27,42,0,14,14,0,19,20629,103,0,19,554,0,0,0,0,0,False,False,False
2015-07-19,0,27,42,0,14,14,0,19,20653,103,0,19,554,0,0,0,0,0,False,False,False
2015-07-20,0,27,42,0,14,14,0,19,20677,103,0,19,554,0,0,0,0,0,False,False,False
2015-07-21,0,27,42,0,14,14,0,19,20701,103,0,19,554,0,0,0,0,0,False,False,False
2015-07-22,0,27,42,0,14,14,0,19,20725,103,0,19,554,0,0,0,0,0,False,False,False
2015-07-23,0,27,42,0,14,14,0,19,20749,103,0,19,554,0,0,0,0,0,False,False,False
2015-07-24,0,27,42,0,14,14,0,19,20773,103,0,19,554,0,0,0,0,0,False,False,False
2015-07-25,0,27,42,0,14,14,0,19,20797,103,0,19,554,0,0,0,0,0,False,False,False
2015-07-26,0,23,42,0,14,14,0,19,20821,103,0,19,554,0,0,0,0,0,False,False,False
2015-07-27,0,23,42,0,14,14,0,19,20845,103,0,19,554,0,0,0,0,0,False,False,False
2015-07-28,0,27,42,0,14,14,0,19,20869,103,0,19,554,0,0,0,0,0,False,False,False
2015-07-29,0,27,42,0,14,14,0,19,20893,103,0,19,554,0,0,0,0,0,False,False,False
2015-07-30,0,26,42,0,14,14,0,19,20917,103,0,19,554,0,0,0,0,0,False,False,False
2015-07-31,0,24,42,0,14,14,0,19,20941,103,0,19,554,0,0,0,0,0,False,False,False
2015-08-01,0,27,42,0,14,14,0,19,20965,103,0,19,554,0,0,0,0,0,False,False,False
2015-08-02,0,27,42,0,14,14,0,19,20990,103,0,19,554,0,0,0,0,0,False,False,False
2015-08-03,0,28,42,0,14,14,0,19,21013,103,0,19,554,0,0,0,0,0,False,False,False
2015-08-04,0,27,42,0,14,14,0,19,21037,103,0,19,554,0,0,0,0,0,False,False,False
2015-08-05,0,27,42,0,14,14,0,19,21061,103,0,19,554,0,0,0,0,0,False,False,False
2015-08-06,0,27,42,0,14,14,0,19,21085,103,0,19,554,0,0,0,0,0,False,False,False
2015-08-07,0,27,42,0,14,14,0,19,21109,103,0,19,554,0,0,0,0,0,False,False,False
2015-08-08,0,28,42,0,14,14,0,19,21133,103,0,19,554,0,0,0,0,0,False,False,False
2015-08-09,0,27,42,0,14,14,0,19,21157,103,0,19,554,0,0,0,0,0,False,False,False
2015-08-10,0,27,42,0,14,14,0,19,21181,103,0,19,554,0,0,0,0,0,False,False,False
2015-08-11,0,28,42,0,14,14,0,19,21205,103,0,19,554,0,0,0,0,0,False,False,False
2015-08-12,0,27,42,0,14,14,0,19,21229,103,0,19,554,0,0,0,0,0,False,False,False
2015-08-13,0,28,42,0,14,14,0,19,21253,103,0,19,554,0,0,0,0,0,False,False,False
2015-08-14,0,27,42,0,14,14,0,19,21277,103,0,19,554,0,0,0,0,0,False,False,False
2015-08-15,0,27,42,0,14,14,0,19,21301,103,0,19,554,0,0,0,0,0,False,False,False
2015-08-16,0,27,42,0,14,14,0,19,21325,103,0,19,554,0,0,0,0,0,False,False,False
2015-08-17,0,27,42,0,14,14,0,19,21349,103,0,19,554,0,0,0,0,0,False,False,False
2015-08-18,0,27,42,0,14,14,0,19,21373,103,0,19,554,0,0,0,0,0,False,False,False
2015-08-19,0,27,42,0,14,14,0,19,21397,103,0,19,554,0,0,0,0,0,False,False,False
2015-08-20,0,28,42,0,14,14,0,19,21421,103,0,19,554,0,0,0,0,0,False,False,False
2015-08-21,0,27,42,0,14,14,0,19,21445,103,0,19,554,0,0,0,0,0,False,False,False
2015-08-22,0,27,42,0,14,14,0,19,21469,103,0,19,554,0,0,0,0,0,False,False,False
2015-08-23,0,26,42,0,14,14,0,19,21493,103,0,19,554,0,0,0,0,0,False,False,False
2015-08-24,0,28,42,0,14,14,0,19,21517,103,0,19,554,0,0,0,0,0,False,False,False
2015-08-25,0,27,42,0,14,14,0,19,21541,103,0,19,554,0,0,0,0,0,False,False,False
2015-08-26,0,27,42,0,14,14,0,19,21565,103,0,19,554,0,0,0,0,0,False,False,False
2015-08-27,0,27,42,0,14,14,0,19,21589,103,0,19,554,0,0,0,0,0,False,False,False
2015-08-28,0,27,42,0,14,14,0,19,21613,103,0,19,554,0,0,0,0,0,False,False,False
2015-08-29,0,27,42,0,14,14,0,19,21637,103,0,19,554,0,0,0,0,0,False,False,False
2015-08-30,0,26,42,0,14,14,0,19,21661,103,0,19,554,0,0,0,0,0,False,False,False
2015-08-31,0,27,42,0,14,14,0,19,21685,103,0,19,554,0,0,0,0,0,False,False,False
2015-09-01,0,28,42,0,14,14,0,19,21709,103,0,19,554,0,0,0,0,0,False,False,False
2015-09-02,0,26,42,0,14,14,0,19,21733,103,0,19,554,0,0,0,0,0,False,False,False
2015-09-03,0,27,42,0,14,14,0,19,21757,103,0,19,554,0,0,0,0,0,False,False,False
2015-09-04,0,27,42,0,14,14,0,19,21781,103,0,19,554,0,0,0,0,0,False,False,False
2015-09-05,0,27,42,0,14,14,0,19,21805,103,0,19,554,0,0,0,0,0,False,False,False
2015-09-06,0,27,42,0,14,14,0,19,21829,103,0,19,554,0,0,0,0,0,False,False,False
2015-09-07,0,27,42,0,14,14,0,19,21853,103,0,19,554,0,0,0,0,0,False,False,False
2015-09-08,0,27,42,0,14,14,0,19,21877,103,0,19,554,0,0,0,0,0,False,False,False
2015-09-09,0,27,42,0,14,14,0,19,21901,103,0,19,554,0,0,0,0,0,False,False,False
2015-09-10,0,28,42,0,14,14,0,19,21926,103,0,19,554,0,0,0,0,0,False,False,False
2015-09-11,0,27,42,0,14,14,0,19,21949,103,0,19,554,0,0,0,0,0,False,False,False
2015-09-12,0,27,42,0,14,14,0,19,21973,103,0,19,554,0,0,0,0,0,False,False,False
2015-09-13,0,27,42,0,14,14,0,19,21997,103,0,19,554,0,0,0,0,0,False,False,False
2015-09-14,0,27,42,0,14,14,0,19,22021,103,0,19,554,0,0,0,0,0,False,False,False
2015-09-15,0,27,42,0,14,14,0,19,22045,103,0,19,554,0,0,0,0,0,False,False,False
2015-09-16,0,27,42,0,14,14,0,19,22069,103,0,19,554,0,0,0,0,0,False,False,False
2015-09-17,0,27,42,0,14,14,0,19,22093,103,0,19,554,0,0,0,0,0,False,False,False
2015-09-18,0,27,42,0,14,14,0,19,22117,103,0,19,554,0,0,0,0,0,False,False,False
2015-09-19,0,27,42,0,14,14,0,19,22141,103,0,19,554,0,0,0,0,0,False,False,False
2015-09-20,0,27,42,0,14,14,0,19,22166,103,0,19,554,0,0,0,0,0,False,False,False
2015-09-21,0,26,42,0,14,14,0,19,22189,103,0,19,554,0,0,0,0,0,False,False,False
2015-09-22,0,28,42,0,14,14,0,19,22213,103,0,19,554,0,0,0,0,0,False,False,False
2015-09-23,0,27,42,0,14,14,0,19,22237,103,0,19,554,0,0,0,0,0,False,False,False
2015-09-24,0,27,42,0,14,14,0,19,22261,103,0,19,554,0,0,0,0,0,False,False,False
2015-09-25,0,27,42,0,14,14,0,19,22285,103,0,19,554,0,0,0,0,0,False,False,False
2015-09-26,0,26,42,0,14,14,0,19,22309,103,0,19,554,0,0,0,0,0,False,False,False
2015-09-27,0,26,42,0,14,14,0,19,22333,103,0,19,554,0,0,0,0,0,False,False,False
2015-09-28,0,27,42,0,14,14,0,19,22357,103,0,19,554,0,0,0,0,0,False,False,False
2015-09-29,0,27,42,0,14,14,0,19,22381,103,0,19,554,0,0,0,0,0,False,False,False
2015-09-30,0,27,42,0,14,14,0,19,22405,103,0,19,554,0,0,0,0,0,False,False,False
2015-10-01,0,27,42,0,14,14,0,19,22429,103,0,19,554,0,0,0,0,0,False,False,False
2015-10-02,0,27,42,0,14,14,0,19,22453,103,0,19,554,0,0,0,0,0,False,False,False
2015-10-03,0,27,42,0,14,14,0,19,22477,103,0,19,554,0,0,0,0,0,False,False,False
2015-10-04,0,27,42,0,14,14,0,19,22501,103,0,19,554,0,0,0,0,0,False,False,False
2015-10-05,0,27,42,0,14,14,0,19,22525,103,0,19,554,0,0,0,0,0,False,False,False
2015-10-06,0,27,42,0,14,14,0,19,22549,103,0,19,554,0,0,0,0,0,False,False,False
2015-10-07,0,26,42,0,14,14,0,19,22573,103,0,19,554,0,0,0,0,0,False,False,False
2015-10-08,0,27,42,0,14,14,0,19,22597,103,0,19,554,0,0,0,0,0,False,False,False
2015-10-09,0,27,42,0,14,14,0,19,22621,103,0,19,554,0,0,0,0,0,False,False,False
2015-10-10,0,27,42,0,14,14,0,19,22645,103,0,19,554,0,0,0,0,0,False,False,False
2015-10-11,0,27,42,0,14,14,0,19,22669,103,0,19,554,0,0,0,0,0,False,False,False
2015-10-12,0,26,42,0,14,14,0,19,22693,103,0,19,554,0,0,0,0,0,False,False,False
2015-10-13,0,27,42,0,14,14,0,19,22717,103,0,19,554,0,0,0,0,0,False,False,False
2015-10-14,0,27,42,0,14,14,0,19,22741,103,0,19,554,0,0,0,0,0,False,False,False
2015-10-15,0,27,42,0,14,14,0,19,22765,103,0,19,554,0,0,0,0,0,False,False,False
2015-10-16,0,27,42,0,14,14,0,19,22789,103,0,19,554,0,0,0,0,0,False,False,False
2015-10-17,0,27,42,0,14,14,0,19,22813,103,0,19,554,0,0,0,0,0,False,False,False
2015-10-18,0,27,42,0,14,14,0,19,22837,103,0,19,554,0,0,0,0,0,False,False,False
2015-10-19,0,27,42,0,14,14,0,19,22861,103,0,19,554,0,0,0,0,0,False,False,False
2015-10-20,0,27,42,0,14,14,0,19,22885,103,0,19,554,0,0,0,0,0,False,False,False
2015-10-21,0,26,42,0,14,14,0,19,22909,103,0,19,554,0,0,0,0,0,False,False,False
2015-10-22,0,27,42,0,14,14,0,19,22933,103,0,19,554,0,0,0,0,0,False,False,False
2015-10-23,0,27,42,0,14,14,0,19,22958,103,0,19,554,0,0,0,0,0,False,False,False
2015-10-24,0,27,42,0,14,14,0,19,22981,103,0,19,554,0,0,0,0,0,False,False,False
2015-10-25,0,27,42,0,14,14,0,19,23005,103,0,19,554,0,0,0,0,0,False,False,False
2015-10-26,0,27,42,0,14,14,0,19,23029,103,0,19,554,0,0,0,0,0,False,False,False
2015-10-27,0,27,42,0,14,14,0,19,23053,103,0,19,554,0,0,0,0,0,False,False,False
2015-10-29,0,28,42,0,14,14,0,19,23101,103,0,19,554,0,0,0,0,0,False,False,False
2015-10-30,0,27,42,0,14,14,0,19,23125,103,0,19,554,0,0,0,0,0,False,False,False
2015-10-31,0,27,42,0,14,14,0,19,23149,103,0,19,554,0,0,0,0,0,False,False,False
2015-11-02,0,27,42,0,14,14,0,19,23198,103,0,19,554,0,0,0,0,0,False,False,False
2015-11-03,0,27,42,0,14,14,0,19,23222,103,0,19,554,0,0,0,0,0,False,False,False
2015-11-04,0,26,42,0,14,14,0,19,23246,103,0,19,554,0,0,0,0,0,False,False,False
2015-11-05,0,25,42,0,14,14,0,19,23270,103,0,19,554,0,0,0,0,0,False,False,False
2015-11-06,0,27,42,0,14,14,0,19,23294,103,0,19,554,0,0,0,0,0,False,False,False
2015-11-07,0,26,42,0,14,14,0,19,23318,103,0,19,554,0,0,0,0,0,False,False,False
2015-11-08,0,26,42,0,14,14,0,19,23342,103,0,19,554,0,0,0,0,0,False,False,False
2015-11-09,0,27,42,0,14,14,0,19,23366,103,0,19,554,0,0,0,0,0,False,False,False
2015-11-10,0,26,42,0,14,14,0,19,23390,103,0,19,554,0,0,0,0,0,False,False,False
2015-11-11,0,28,42,0,14,14,0,19,23414,103,0,19,554,0,0,0,0,0,False,False,False
2015-11-12,0,26,42,0,14,14,0,19,23438,103,0,19,554,0,0,0,0,0,False,False,False
2015-11-13,0,26,42,0,14,14,0,19,23462,103,0,19,554,0,0,0,0,0,False,False,False
2015-11-14,0,26,42,0,14,14,0,19,23486,103,0,19,554,0,0,0,0,0,False,False,False
2015-11-15,0,27,42,0,14,14,0,19,23510,103,0,19,554,0,0,0,0,0,False,False,False
2015-11-16,0,26,42,0,14,14,0,19,23534,103,0,19,554,0,0,0,0,0,False,False,False
2015-11-17,0,26,42,0,14,14,0,19,23558,103,0,19,554,0,0,0,0,0,False,False,False
2015-11-18,0,25,42,0,14,14,0,19,23583,103,0,19,554,0,0,0,0,0,False,False,False
2015-11-19,0,26,42,0,14,14,0,19,23606,103,0,19,554,0,0,0,0,0,False,False,False
2015-11-20,0,27,42,0,14,14,0,19,23630,103,0,19,554,0,0,0,0,0,False,False,False
2015-11-21,0,27,42,0,14,14,0,19,23655,103,0,19,554,0,0,0,0,0,False,False,False
2015-11-22,0,27,42,0,14,14,0,19,23678,103,0,19,554,0,0,0,0,0,False,False,False
2015-11-23,0,27,42,0,14,14,0,19,23702,103,0,19,554,0,0,0,0,0,False,False,False
2015-11-24,0,27,42,0,14,14,0,19,23726,103,0,19,554,0,0,0,0,0,False,False,False
2015-11-25,0,26,42,0,14,14,0,19,23750,103,0,19,554,0,0,0,0,0,False,False,False
2015-11-26,0,26,42,0,14,14,0,19,23774,103,0,19,554,0,0,0,0,0,False,False,False
2015-11-27,0,28,42,0,14,14,0,19,23798,103,0,19,554,0,0,0,0,0,False,False,False
2015-11-28,0,27,42,0,14,14,0,19,23822,103,0,19,554,0,0,0,0,0,False,False,False
2015-11-29,0,27,42,0,14,14,0,19,23846,103,0,19,554,0,0,0,0,0,False,False,False
2015-11-30,0,27,42,0,14,14,0,19,23870,103,0,19,554,0,0,0,0,0,False,False,False
2015-12-01,0,26,42,0,14,14,0,19,23895,103,0,19,554,0,0,0,0,0,False,False,False
2015-12-02,0,27,42,0,14,14,0,19,23918,103,0,19,554,0,0,0,0,0,False,False,False
2015-12-03,0,27,42,0,14,14,0,19,23942,103,0,19,554,0,0,0,0,0,False,False,False
2015-12-04,0,27,42,0,14,14,0,19,23966,103,0,19,554,0,0,0,0,0,False,False,False
2015-12-05,0,27,42,0,14,14,0,19,23990,103,0,19,554,0,0,0,0,0,False,False,False
2015-12-06,0,27,42,0,14,14,0,19,24014,103,0,19,554,0,0,0,0,0,False,False,False
2015-12-07,0,26,42,0,14,14,0,19,24038,103,0,19,554,0,0,0,0,0,False,False,False
2015-12-08,0,27,42,0,14,14,0,19,24062,103,0,19,554,0,0,0,0,0,False,False,False
2015-12-09,0,27,42,0,14,14,0,19,24086,103,0,19,554,0,0,0,0,0,False,False,False
2015-12-10,0,27,42,0,14,14,0,19,24110,103,0,19,554,0,0,0,0,0,False,False,False
2015-12-11,0,27,42,0,14,14,0,19,24135,103,0,19,554,0,0,0,0,0,False,False,False
2015-12-12,0,27,42,0,14,14,0,19,24158,103,0,19,554,0,0,0,0,0,False,False,False
2015-12-13,0,27,42,0,14,14,0,19,24182,103,0,19,554,0,0,0,0,0,False,False,False
2015-12-14,0,26,42,0,14,14,0,19,24207,103,0,19,554,0,0,0,0,0,False,False,False
2015-12-15,0,26,42,0,14,14,0,19,24230,103,0,19,554,0,0,0,0,0,False,False,False
2015-12-16,0,26,42,0,14,14,0,19,24254,103,0,19,554,0,0,0,0,0,False,False,False
2015-12-17,0,26,42,0,14,14,0,19,24278,103,0,19,554,0,0,0,0,0,False,False,False
2015-12-18,0,27,42,0,14,14,0,19,24302,103,0,19,554,0,0,0,0,0,False,False,False
2015-12-19,0,27,42,0,14,14,0,19,24326,103,0,19,554,0,0,0,0,0,False,False,False
2015-12-20,0,27,42,0,14,14,0,19,24350,103,0,19,554,0,0,0,0,0,False,False,False
2015-12-21,0,27,42,0,14,14,0,19,24374,103,0,19,554,0,0,0,0,0,False,False,False
2015-12-22,0,27,42,0,14,14,0,19,24398,103,0,19,554,0,0,0,0,0,False,False,False
2015-12-23,0,27,42,0,14,14,0,19,24422,103,0,19,554,0,0,0,0,0,False,False,False
2015-12-24,0,26,42,0,14,14,0,19,24447,103,0,19,554,0,0,0,0,0,False,False,False
2015-12-25,0,26,42,0,14,14,0,19,24470,103,0,19,554,0,0,0,0,0,False,False,False
2015-12-26,0,26,42,0,14,14,0,19,24494,103,0,19,554,0,0,0,0,0,False,False,False
2015-12-27,0,26,42,0,14,14,0,19,24519,103,0,19,554,0,0,0,0,0,False,False,False
2015-12-28,0,26,42,0,14,14,0,19,24542,103,0,19,554,0,0,0,0,0,False,False,False
2015-12-29,0,26,42,0,14,14,0,19,24566,103,0,19,554,0,0,0,0,0,False,False,False
2015-12-30,0,26,42,0,14,14,0,19,24590,103,0,19,554,0,0,0,0,0,False,False,False
2015-12-31,0,26,42,0,14,14,0,19,24614,103,0,19,554,0,0,0,0,0,False,False,False
2016-01-01,0,25,42,0,14,14,0,19,24638,103,0,19,554,0,0,0,0,0,False,False,False
2016-01-02,0,26,42,0,14,14,0,19,24662,103,0,19,554,0,0,0,0,0,False,False,False
2016-01-03,0,27,42,0,14,14,0,19,24687,103,0,19,554,0,0,0,0,0,False,False,False
2016-01-04,0,27,42,0,14,14,0,19,24710,103,0,19,554,0,0,0,0,0,False,False,False
2016-01-05,0,27,42,0,14,14,0,19,24734,103,0,19,554,0,0,0,0,0,False,False,False
2016-01-06,0,27,42,0,14,14,0,19,24758,103,0,19,554,0,0,0,0,0,False,False,False
2016-01-07,0,27,42,0,14,14,0,19,24782,103,0,19,554,0,0,0,0,0,False,False,False
2016-01-08,0,27,42,0,14,14,0,19,24806,103,0,19,554,0,0,0,0,0,False,False,False
2016-01-09,0,27,42,0,14,14,0,19,24830,103,0,19,554,0,0,0,0,0,False,False,False
2016-01-10,0,28,42,0,14,14,0,19,24854,103,0,19,554,0,0,0,0,0,False,False,False
2016-01-11,0,27,42,0,14,14,0,19,24878,103,0,19,554,0,0,0,0,0,False,False,False
2016-01-12,0,27,42,0,14,14,0,19,24902,103,0,19,554,0,0,0,0,0,False,False,False
2016-01-13,0,27,42,0,14,14,0,19,24927,103,0,19,554,0,0,0,0,0,False,False,False
2016-01-14,0,28,42,0,14,14,0,19,24950,103,0,19,554,0,0,0,0,0,False,False,False
2016-01-15,0,28,42,0,14,14,0,19,24974,103,0,19,554,0,0,0,0,0,False,False,False
2016-01-16,0,28,42,0,14,14,0,19,24998,103,0,19,554,0,0,0,0,0,False,False,False
2016-01-17,0,27,42,0,14,14,0,19,25022,103,0,19,554,0,0,0,0,0,False,False,False
2016-01-18,0,27,42,0,14,14,0,19,25046,103,0,19,554,0,0,0,0,0,False,False,False
2016-01-19,0,27,42,0,14,14,0,19,25070,103,0,19,554,0,0,0,0,0,False,False,False
2016-01-20,0,27,42,0,14,14,0,19,25094,103,0,19,554,0,0,0,0,0,False,False,False
2016-01-21,0,27,42,0,14,14,0,19,25118,103,0,19,554,0,0,0,0,0,False,False,False
2016-01-22,0,26,42,0,14,14,0,19,25142,103,0,19,554,0,0,0,0,0,False,False,False
2016-01-23,0,27,42,0,14,14,0,19,25166,103,0,19,554,0,0,0,0,0,False,False,False
2016-01-24,0,27,42,0,14,14,0,19,25190,103,0,19,554,0,0,0,0,0,False,False,False
2016-01-25,0,28,42,0,14,14,0,19,25214,103,0,19,554,0,0,0,0,0,False,False,False
2016-01-26,0,27,42,0,14,14,0,19,25239,103,0,19,554,0,0,0,0,0,False,False,False
2016-01-27,0,27,42,0,14,14,0,19,25262,103,0,19,554,0,0,0,0,0,False,False,False
2016-01-28,0,27,42,0,14,14,0,19,25286,103,0,19,554,0,0,0,0,0,False,False,False
2016-01-29,0,26,42,0,14,14,0,19,25310,103,0,19,554,0,0,0,0,0,False,False,False
2016-01-30,0,28,42,0,14,14,0,19,25334,103,0,19,554,0,0,0,0,0,False,False,False
2016-01-31,0,27,42,0,14,14,0,19,25358,103,0,19,554,0,0,0,0,0,False,False,False
2016-02-01,0,27,42,0,14,14,0,19,25382,103,0,19,554,0,0,0,0,0,False,False,False
2016-02-02,0,27,42,0,14,14,0,19,25406,103,0,19,554,0,0,0,0,0,False,False,False
2016-02-03,0,27,42,0,14,14,0,19,25430,103,0,19,554,0,0,0,0,0,False,False,False
2016-02-04,0,27,42,0,14,14,0,19,25454,103,0,19,554,0,0,0,0,0,False,False,False
2016-02-05,0,27,42,0,14,14,0,19,25478,103,0,19,554,0,0,0,0,0,False,False,False
2016-02-06,0,27,42,0,14,14,0,19,25502,103,0,19,554,0,0,0,0,0,False,False,False
2016-02-07,0,27,42,0,14,14,0,19,25526,103,0,19,554,0,0,0,0,0,False,False,False
2016-02-08,0,26,42,0,14,14,0,19,25550,103,0,19,554,0,0,0,0,0,False,False,False
2016-02-09,0,27,42,0,14,14,0,19,25574,103,0,19,554,0,0,0,0,0,False,False,False
2016-02-10,0,27,42,0,14,14,0,19,25598,103,0,19,554,0,0,0,0,0,False,False,False
2016-02-11,0,26,42,0,14,14,0,19,25622,103,0,19,554,0,0,0,0,0,False,False,False
2016-02-12,0,27,42,0,14,14,0,19,25646,103,0,19,554,0,0,0,0,0,False,False,False
2016-02-13,0,27,42,0,14,14,0,19,25670,103,0,19,554,0,0,0,0,0,False,False,False
2016-02-14,0,27,42,0,14,14,0,19,25694,103,0,19,554,0,0,0,0,0,False,False,False
2016-02-15,0,26,42,0,14,14,0,19,25718,103,0,19,554,0,0,0,0,0,False,False,False
2016-02-16,0,27,42,0,14,14,0,19,25742,103,0,19,554,0,0,0,0,0,False,False,False
2016-02-17,0,27,42,0,14,14,0,19,25766,103,0,19,554,0,0,0,0,0,False,False,False
2016-02-18,0,27,42,0,14,14,0,19,25790,103,0,19,554,0,0,0,0,0,False,False,False
2016-02-19,0,27,42,0,14,14,0,19,25814,103,0,19,554,0,0,0,0,0,False,False,False
2016-02-20,0,27,42,0,14,14,0,19,25838,103,0,19,554,0,0,0,0,0,False,False,False
2016-02-21,0,27,42,0,14,14,0,19,25862,103,0,19,554,0,0,0,0,0,False,False,False
2016-02-22,0,27,42,0,14,14,0,19,25886,103,0,19,554,0,0,0,0,0,False,False,False
2016-02-23,0,27,42,0,14,14,0,19,25910,103,0,19,554,0,0,0,0,0,False,False,False
2016-02-24,0,26,42,0,14,14,0,19,25934,103,0,19,554,0,0,0,0,0,False,False,False
2016-02-25,0,27,42,0,14,14,0,19,25958,103,0,19,554,0,0,0,0,0,False,False,False
2016-02-26,0,27,42,0,14,14,0,19,25982,103,0,19,554,0,0,0,0,0,False,False,False
2016-02-27,0,27,42,0,14,14,0,19,26006,103,0,19,554,0,0,0,0,0,False,False,False
2016-02-28,0,26,42,0,14,14,0,19,26030,103,0,19,554,0,0,0,0,0,False,False,False
2016-02-29,0,27,42,0,14,14,0,19,26054,103,0,19,554,0,0,0,0,0,False,False,False
2016-03-01,0,27,42,0,14,14,0,19,26078,103,0,19,554,0,0,0,0,0,False,False,False
2016-03-02,0,28,42,0,14,14,0,19,26102,103,0,19,554,0,0,0,0,0,False,False,False
2016-03-03,0,27,42,0,14,14,0,19,26126,103,0,19,554,0,0,0,0,0,False,False,False
2016-03-04,0,26,43,0,15,15,0,20,26150,103,0,20,554,0,0,0,0,0,False,False,False
2016-03-05,0,27,43,0,15,15,0,20,26174,103,0,20,554,0,0,0,0,0,False,False,False
2016-03-06,0,28,43,0,15,15,0,20,26198,103,0,20,554,0,0,0,0,0,False,False,False
2016-03-07,0,26,43,0,15,15,0,20,26222,103,0,20,554,0,0,0,0,0,False,False,False
2016-03-08,0,26,43,0,15,15,0,20,26246,103,0,20,554,0,0,0,0,0,False,False,False
2016-03-09,0,25,43,0,15,15,0,20,26270,103,0,20,554,0,0,0,0,0,False,False,False
2016-03-10,0,24,43,0,15,15,0,20,26294,103,0,20,554,0,0,0,0,0,False,False,False
2016-03-11,0,24,43,0,15,15,0,20,26318,103,0,20,554,0,0,0,0,0,False,False,False
2016-03-12,0,25,43,0,15,15,0,20,26342,103,0,20,554,0,0,0,0,0,False,False,False
2016-03-13,0,25,43,0,15,15,0,20,26366,103,0,20,554,0,0,0,0,0,False,False,False
2016-03-14,0,24,43,0,15,15,0,20,26390,103,0,20,554,0,0,0,0,0,False,False,False
2016-03-15,0,24,43,0,15,15,0,20,26413,103,0,20,554,0,0,0,0,0,False,False,False
2016-03-16,0,26,43,0,15,15,0,20,26437,103,0,20,554,0,0,0,0,0,False,False,False
2016-03-17,0,24,43,0,15,15,0,20,26461,103,0,20,554,0,0,0,0,0,False,False,False
2016-03-18,0,25,43,0,15,15,0,20,26485,103,0,20,554,0,0,0,0,0,False,False,False
2016-03-19,0,25,43,0,15,15,0,20,26509,103,0,20,554,0,0,0,0,0,False,False,False
2016-03-20,0,25,43,0,15,15,0,20,26533,103,0,20,554,0,0,0,0,0,False,False,False
2016-03-21,0,24,43,0,15,15,0,20,26557,103,0,20,554,0,0,0,0,0,False,False,False
2016-03-22,0,25,43,0,15,15,0,20,26581,103,0,20,554,0,0,0,0,0,False,False,False
2016-03-23,0,25,43,0,15,15,0,20,26605,103,0,20,554,0,0,0,0,0,False,False,False
2016-03-24,0,25,43,0,15,15,0,20,26629,103,0,20,554,0,0,0,0,0,False,False,False
2016-03-25,0,24,43,0,15,15,0,20,26653,103,0,20,554,0,0,0,0,0,False,False,False
2016-03-26,0,25,43,0,15,15,0,20,26677,103,0,20,554,0,0,0,0,0,False,False,False
2016-03-27,0,24,43,0,15,15,0,20,26701,103,0,20,554,0,0,0,0,0,False,False,False
2016-03-28,0,25,43,0,15,15,0,20,26725,103,0,20,554,0,0,0,0,0,False,False,False
2016-03-29,0,25,43,0,15,15,0,20,26749,103,0,20,554,0,0,0,0,0,False,False,False
2016-03-30,0,26,43,0,15,15,0,20,26773,103,0,20,554,0,0,0,0,0,False,False,False
2016-03-31,0,25,43,0,15,15,0,20,26797,103,0,20,554,0,0,0,0,0,False,False,False
2016-04-01,0,26,43,0,15,15,0,20,26821,103,0,20,554,0,0,0,0,0,False,False,False
2016-04-02,0,25,43,0,15,15,0,20,26845,103,0,20,554,0,0,0,0,0,False,False,False
2016-04-03,0,25,43,0,15,15,0,20,26869,103,0,20,554,0,0,0,0,0,False,False,False
2016-04-04,0,26,43,0,15,15,0,20,26893,103,0,20,554,0,0,0,0,0,False,False,False
2016-04-05,0,26,43,0,15,15,0,20,26917,103,0,20,554,0,0,0,0,0,False,False,False
2016-04-06,0,25,43,0,15,15,0,20,26941,103,0,20,554,0,0,0,0,0,False,False,False
2016-04-07,0,25,43,0,15,15,0,20,26965,103,0,20,554,0,0,0,0,0,False,False,False
2016-04-08,0,25,43,0,15,15,0,20,26989,103,0,20,554,0,0,0,0,0,False,False,False
2016-04-09,0,25,43,0,15,15,0,20,27013,103,0,20,554,0,0,0,0,0,False,False,False
2016-04-10,0,25,43,0,15,15,0,20,27037,103,0,20,554,0,0,0,0,0,False,False,False
2016-04-11,0,25,43,0,15,15,0,20,27061,103,0,20,554,0,0,0,0,0,False,False,False
2016-04-12,0,24,43,0,15,15,0,20,27085,103,0,20,554,0,0,0,0,0,False,False,False
2016-04-13,0,26,43,0,15,15,0,20,27109,103,0,20,554,0,0,0,0,0,False,False,False
2016-04-14,0,25,43,0,15,15,0,20,27133,103,0,20,554,0,0,0,0,0,False,False,False
2016-04-15,0,26,43,0,15,15,0,20,27157,103,0,20,554,0,0,0,0,0,False,False,False
2016-04-16,0,26,43,0,15,15,0,20,27181,103,0,20,554,0,0,0,0,0,False,False,False
2016-04-17,0,25,43,0,15,15,0,20,27205,103,0,20,554,0,0,0,0,0,False,False,False
2016-04-18,0,25,43,0,15,15,0,20,27229,103,0,20,554,0,0,0,0,0,False,False,False
2016-04-19,0,25,43,0,15,15,0,20,27253,103,0,20,554,0,0,0,0,0,False,False,False
2016-04-20,0,24,43,0,15,15,0,20,27277,103,0,20,554,0,0,0,0,0,False,False,False
2016-04-21,0,25,43,0,15,15,0,20,27301,103,0,20,554,0,0,0,0,0,False,False,False
2016-04-22,0,25,43,0,15,15,0,20,27325,103,0,20,554,0,0,0,0,0,False,False,False
2016-04-23,0,25,43,0,15,15,0,20,27349,103,0,20,554,0,0,0,0,0,False,False,False
2016-04-24,0,24,43,0,15,15,0,20,27373,103,0,20,554,0,0,0,0,0,False,False,False
2016-04-25,0,25,43,0,15,15,0,20,27397,103,0,20,554,0,0,0,0,0,False,False,False
2016-04-26,0,25,43,0,15,15,0,20,27421,103,0,20,554,0,0,0,0,0,False,False,False
2016-04-27,0,25,43,0,15,15,0,20,27445,103,0,20,554,0,0,0,0,0,False,False,False
2016-04-28,0,25,43,0,15,15,0,20,27469,103,0,20,554,0,0,0,0,0,False,False,False
2016-04-29,0,25,43,0,15,15,0,20,27493,103,0,20,554,0,0,0,0,0,False,False,False
2016-04-30,0,24,43,0,15,15,0,20,27517,103,0,20,554,0,0,0,0,0,False,False,False
2016-05-01,0,25,43,0,15,15,0,20,27541,103,0,20,554,0,0,0,0,0,False,False,False
2016-05-02,0,25,43,0,15,15,0,20,27565,103,0,20,554,0,0,0,0,0,False,False,False
2016-05-03,0,25,43,0,15,15,0,20,27589,103,0,20,554,0,0,0,0,0,False,False,False
2016-05-04,0,25,43,0,15,15,0,20,27613,103,0,20,554,0,0,0,0,0,False,False,False
2016-05-05,0,25,43,0,15,15,0,20,27637,103,0,20,554,0,0,0,0,0,False,False,False
2016-05-06,0,26,43,0,15,15,0,20,27661,103,0,20,554,0,0,0,0,0,False,False,False
2016-05-07,0,25,43,0,15,15,0,20,27685,103,0,20,554,0,0,0,0,0,False,False,False
2016-05-08,0,25,43,0,15,15,0,20,27709,103,0,20,554,0,0,0,0,0,False,False,False
2016-05-09,0,26,43,0,15,15,0,20,27733,103,0,20,554,0,0,0,0,0,False,False,False
2016-05-10,0,26,43,0,15,15,0,20,27757,103,0,20,554,0,0,0,0,0,False,False,False
2016-05-11,0,26,43,0,15,15,0,20,27781,103,0,20,554,0,0,0,0,0,False,False,False
2016-05-12,0,26,43,0,15,15,0,20,27805,103,0,20,554,0,0,0,0,0,False,False,False
2016-05-13,0,26,43,0,15,15,0,20,27829,103,0,20,554,0,0,0,0,0,False,False,False
2016-05-14,0,25,43,0,15,15,0,20,27853,103,0,20,554,0,0,0,0,0,False,False,False
2016-05-15,0,26,43,0,15,15,0,20,27877,103,0,20,554,0,0,0,0,0,False,False,False
2016-05-16,0,26,43,0,15,15,0,20,27901,103,0,20,554,0,0,0,0,0,False,False,False
2016-05-17,0,26,43,0,15,15,0,20,27925,103,0,20,554,0,0,0,0,0,False,False,False
2016-05-18,0,26,43,0,15,15,0,20,27949,103,0,20,554,0,0,0,0,0,False,False,False
2016-05-19,0,26,43,0,15,15,0,20,27973,103,0,20,554,0,0,0,0,0,False,False,False
2016-05-20,0,25,43,0,15,15,0,20,27997,103,0,20,554,0,0,0,0,0,False,False,False
2016-05-21,0,25,43,0,15,15,0,20,28021,103,0,20,554,0,0,0,0,0,False,False,False
2016-05-22,0,26,43,0,15,15,0,20,28045,103,0,20,554,0,0,0,0,0,False,False,False
2016-05-23,0,25,43,0,15,15,0,20,28069,103,0,20,554,0,0,0,0,0,False,False,False
2016-05-24,0,26,43,0,15,15,0,20,28093,103,0,20,554,0,0,0,0,0,False,False,False
2016-05-25,0,26,43,0,15,15,0,20,28117,103,0,20,554,0,0,0,0,0,False,False,False
2016-05-26,0,26,43,0,15,15,0,20,28141,103,0,20,554,0,0,0,0,0,False,False,False
2016-05-27,0,26,43,0,15,15,0,20,28165,103,0,20,554,0,0,0,0,0,False,False,False
2016-05-28,0,26,43,0,15,15,0,20,28189,103,0,20,554,0,0,0,0,0,False,False,False
2016-05-29,0,26,43,0,15,15,0,20,28213,103,0,20,554,0,0,0,0,0,False,False,False
2016-05-30,0,26,43,0,15,15,0,20,28237,103,0,20,554,0,0,0,0,0,False,False,False
2016-05-31,0,27,43,0,15,15,0,20,28261,103,0,20,554,0,0,0,0,0,False,False,False
2016-06-01,0,28,43,0,15,15,0,20,28285,103,0,20,554,0,0,0,0,0,False,False,False
2016-06-02,0,27,43,0,15,15,0,20,28309,103,0,20,554,0,0,0,0,0,False,False,False
2016-06-03,0,27,43,0,15,15,0,20,28333,103,0,20,554,0,0,0,0,0,False,False,False
2016-06-04,0,27,43,0,15,15,0,20,28357,103,0,20,554,0,0,0,0,0,False,False,False
2016-06-05,0,28,43,0,15,15,0,20,28381,103,0,20,554,0,0,0,0,0,False,False,False
2016-06-06,0,27,43,0,15,15,0,20,28405,103,0,20,554,0,0,0,0,0,False,False,False
2016-06-07,0,27,43,0,15,15,0,20,28429,103,0,20,554,0,0,0,0,0,False,False,False
2016-06-08,0,27,43,0,15,15,0,20,28453,103,0,20,554,0,0,0,0,0,False,False,False
2016-06-09,0,27,43,0,15,15,0,20,28477,103,0,20,554,0,0,0,0,0,False,False,False
2016-06-10,0,27,43,0,15,15,0,20,28501,103,0,20,554,0,0,0,0,0,False,False,False
2016-06-11,0,27,43,0,15,15,0,20,28525,103,0,20,554,0,0,0,0,0,False,False,False
2016-06-12,0,26,43,0,15,15,0,20,28549,103,0,20,554,0,0,0,0,0,False,False,False
2016-06-13,0,27,43,0,15,15,0,20,28573,103,0,20,554,0,0,0,0,0,False,False,False
2016-06-14,0,26,43,0,15,15,0,20,28597,103,0,20,554,0,0,0,0,0,False,False,False
2016-06-15,0,25,43,0,15,15,0,20,28621,103,0,20,554,0,0,0,0,0,False,False,False
2016-06-16,0,26,43,0,15,15,0,20,28645,103,0,20,554,0,0,0,0,0,False,False,False
2016-06-17,0,26,43,0,15,15,0,20,28669,103,0,20,554,0,0,0,0,0,False,False,False
2016-06-18,0,27,43,0,15,15,0,20,28693,103,0,20,554,0,0,0,0,0,False,False,False
2016-06-19,0,25,43,0,15,15,0,20,28717,103,0,20,554,0,0,0,0,0,False,False,False
2016-06-20,0,26,43,0,15,15,0,20,28741,103,0,20,554,0,0,0,0,0,False,False,False
2016-06-21,0,29,43,0,15,15,0,20,28765,103,0,20,554,0,0,0,0,0,False,False,False
2016-06-22,0,29,43,0,15,15,0,20,28789,103,0,20,554,0,0,0,0,0,False,False,False
2016-06-23,0,29,43,0,15,15,0,20,28813,103,0,20,554,0,0,0,0,0,False,False,False
2016-06-24,0,29,43,0,15,15,0,20,28837,103,0,20,554,0,0,0,0,0,False,False,False
2016-06-25,0,30,43,0,15,15,0,20,28861,103,0,20,554,0,0,0,0,0,False,False,False
2016-06-26,0,29,43,0,15,15,0,20,28885,103,0,20,554,0,0,0,0,0,False,False,False
2016-06-27,0,29,43,0,15,15,0,20,28909,103,0,20,554,0,0,0,0,0,False,False,False
2016-06-28,0,30,43,0,15,15,0,20,28933,103,0,20,554,0,0,0,0,0,False,False,False
2016-06-29,0,29,43,0,15,15,0,20,28957,103,0,20,554,0,0,0,0,0,False,False,False
2016-06-30,0,30,43,0,15,15,0,20,28981,103,0,20,554,0,0,0,0,0,False,False,False
