date,failure,Smart 194: Temperature_Celsius (Raw Value),Smart 8: Seek_Time_Performance (Raw Value),Smart 1: Raw_Read_Error_Rate (Raw Value),Smart 12: Power_Cycle_Count (Raw Value),Smart 4: Start_Stop_Count (Raw Value),Smart 10: Spin_Retry_Count (Raw Value),Smart 192: Power-Off_Retract_Count (Raw Value),Smart 9: Power_On_Hours (Raw Value),Smart 2: Throughput_Performance (Raw Value),Smart 7: Seek_Error_Rate (Raw Value),Smart 193: Load_Cycle_Count (Raw Value),Smart 3: Spin_Up_Time (Raw Value),Smart 5: Reallocated_Sector_Ct (Raw Value),Smart 197: Current_Pending_Sector (Raw Value),Smart 198: Offline_Uncorrectable (Raw Value),Smart 199: UDMA_CRC_Error_Count (Raw Value),Smart 196: Reallocated_Event_Count (Raw Value),op_fail_30,op_fail_15,op_fail_1
2013-04-10,0,32,,0,,,,,7122,,,,,0,0,,,,False,False,False
2013-04-11,0,32,,0,,,,,7146,,,,,0,0,,,,False,False,False
2013-04-12,0,33,,0,,,,,7170,,,,,0,0,,,,False,False,False
2013-04-13,0,33,,0,,,,,7194,,,,,0,0,,,,False,False,False
2013-04-14,0,33,,0,,,,,7218,,,,,0,0,,,,False,False,False
2013-04-15,0,33,,0,,,,,7242,,,,,0,0,,,,False,False,False
2013-04-16,0,32,,0,,,,,7266,,,,,0,0,,,,False,False,False
2013-04-17,0,33,,0,,,,,7290,,,,,0,0,,,,False,False,False
2013-04-18,0,33,,0,,,,,7314,,,,,0,0,,,,False,False,False
2013-04-19,0,32,,0,,,,,7338,,,,,0,0,,,,False,False,False
2013-04-20,0,33,,0,,,,,7362,,,,,0,0,,,,False,False,False
2013-04-21,0,33,,0,,,,,7386,,,,,0,0,,,,False,False,False
2013-04-22,0,33,,0,,,,,7410,,,,,0,0,,,,False,False,False
2013-04-23,0,33,,0,,,,,7434,,,,,0,0,,,,False,False,False
2013-04-24,0,31,,0,,,,,7458,,,,,0,0,,,,False,False,False
2013-04-25,0,30,,0,,,,,7482,,,,,0,0,,,,False,False,False
2013-04-26,0,31,,0,,,,,7506,,,,,0,0,,,,False,False,False
2013-04-27,0,31,,0,,,,,7530,,,,,0,0,,,,False,False,False
2013-04-28,0,30,,0,,,,,7554,,,,,0,0,,,,False,False,False
2013-04-29,0,30,,0,,,,,7578,,,,,0,0,,,,False,False,False
2013-04-30,0,31,,0,,,,,7602,,,,,0,0,,,,False,False,False
2013-05-01,0,32,,0,,,,,7627,,,,,0,0,,,,False,False,False
2013-05-02,0,33,,0,,,,,7650,,,,,0,0,,,,False,False,False
2013-05-03,0,32,,0,,,,,7674,,,,,0,0,,,,False,False,False
2013-05-04,0,33,,0,,,,,7698,,,,,0,0,,,,False,False,False
2013-05-05,0,33,,0,,,,,7722,,,,,0,0,,,,False,False,False
2013-05-06,0,33,,0,,,,,7746,,,,,0,0,,,,False,False,False
2013-05-07,0,32,,0,,,,,7771,,,,,0,0,,,,False,False,False
2013-05-08,0,32,,0,,,,,7794,,,,,0,0,,,,False,False,False
2013-05-09,0,32,,0,,,,,7819,,,,,0,0,,,,False,False,False
2013-05-10,0,32,,0,,,,,7843,,,,,0,0,,,,False,False,False
2013-05-11,0,32,,0,,,,,7866,,,,,0,0,,,,False,False,False
2013-05-12,0,32,,0,,,,,7891,,,,,0,0,,,,False,False,False
2013-05-13,0,32,,0,,,,,7914,,,,,0,0,,,,False,False,False
2013-05-14,0,32,,0,,,,,7938,,,,,0,0,,,,False,False,False
2013-05-15,0,32,,0,,,,,7962,,,,,0,0,,,,False,False,False
2013-05-16,0,32,,0,,,,,7986,,,,,0,0,,,,False,False,False
2013-05-17,0,33,,0,,,,,8010,,,,,0,0,,,,False,False,False
2013-05-18,0,32,,0,,,,,8034,,,,,0,0,,,,False,False,False
2013-05-19,0,32,,0,,,,,8059,,,,,0,0,,,,False,False,False
2013-05-20,0,32,,0,,,,,8082,,,,,0,0,,,,False,False,False
2013-05-21,0,33,,0,,,,,8106,,,,,0,0,,,,False,False,False
2013-05-22,0,33,,0,,,,,8130,,,,,0,0,,,,False,False,False
2013-05-23,0,32,,0,,,,,8154,,,,,0,0,,,,False,False,False
2013-05-24,0,32,,0,,,,,8178,,,,,0,0,,,,False,False,False
2013-05-25,0,32,,0,,,,,8202,,,,,0,0,,,,False,False,False
2013-05-26,0,32,,0,,,,,8227,,,,,0,0,,,,False,False,False
2013-05-27,0,32,,0,,,,,8251,,,,,0,0,,,,False,False,False
2013-05-28,0,32,,0,,,,,8275,,,,,0,0,,,,False,False,False
2013-05-29,0,32,,0,,,,,8298,,,,,0,0,,,,False,False,False
2013-05-30,0,32,,0,,,,,8323,,,,,0,0,,,,False,False,False
2013-05-31,0,32,,0,,,,,8346,,,,,0,0,,,,False,False,False
2013-06-01,0,32,,0,,,,,8371,,,,,0,0,,,,False,False,False
2013-06-02,0,32,,0,,,,,8394,,,,,0,0,,,,False,False,False
2013-06-03,0,32,,0,,,,,8418,,,,,0,0,,,,False,False,False
2013-06-04,0,32,,0,,,,,8442,,,,,0,0,,,,False,False,False
2013-06-05,0,32,,0,,,,,8466,,,,,0,0,,,,False,False,False
2013-06-06,0,32,,0,,,,,8490,,,,,0,0,,,,False,False,False
2013-06-07,0,32,,0,,,,,8515,,,,,0,0,,,,False,False,False
2013-06-08,0,32,,0,,,,,8538,,,,,0,0,,,,False,False,False
2013-06-09,0,32,,0,,,,,8562,,,,,0,0,,,,False,False,False
2013-06-10,0,32,,0,,,,,8586,,,,,0,0,,,,False,False,False
2013-06-11,0,32,,0,,,,,8610,,,,,0,0,,,,False,False,False
2013-06-12,0,32,,0,,,,,8634,,,,,0,0,,,,False,False,False
2013-06-13,0,32,,0,,,,,8658,,,,,0,0,,,,False,False,False
2013-06-14,0,32,,0,,,,,8682,,,,,0,0,,,,False,False,False
2013-06-15,0,32,,0,,,,,8707,,,,,0,0,,,,False,False,False
2013-06-16,0,32,,0,,,,,8730,,,,,0,0,,,,False,False,False
2013-06-17,0,32,,0,,,,,8754,,,,,0,0,,,,False,False,False
2013-06-18,0,32,,0,,,,,8778,,,,,0,0,,,,False,False,False
2013-06-19,0,32,,0,,,,,8802,,,,,0,0,,,,False,False,False
2013-06-20,0,32,,0,,,,,8826,,,,,0,0,,,,False,False,False
2013-06-21,0,32,,0,,,,,8850,,,,,0,0,,,,False,False,False
2013-06-22,0,32,,0,,,,,8874,,,,,0,0,,,,False,False,False
2013-06-23,0,32,,0,,,,,8898,,,,,0,0,,,,False,False,False
2013-06-24,0,32,,0,,,,,8922,,,,,0,0,,,,False,False,False
2013-06-25,0,32,,0,,,,,8946,,,,,0,0,,,,False,False,False
2013-06-26,0,32,,0,,,,,8971,,,,,0,0,,,,False,False,False
2013-06-27,0,32,,0,,,,,8994,,,,,0,0,,,,False,False,False
2013-06-28,0,32,,0,,,,,9019,,,,,0,0,,,,False,False,False
2013-06-29,0,32,,0,,,,,9043,,,,,0,0,,,,False,False,False
2013-06-30,0,32,,0,,,,,9066,,,,,0,0,,,,False,False,False
2013-07-01,0,32,,0,,,,,9091,,,,,0,0,,,,False,False,False
2013-07-02,0,32,,0,,,,,9114,,,,,0,0,,,,False,False,False
2013-07-03,0,32,,0,,,,,9139,,,,,0,0,,,,False,False,False
2013-07-04,0,32,,0,,,,,9162,,,,,0,0,,,,False,False,False
2013-07-05,0,32,,0,,,,,9187,,,,,0,0,,,,False,False,False
2013-07-06,0,32,,0,,,,,9210,,,,,0,0,,,,False,False,False
2013-07-07,0,32,,0,,,,,9235,,,,,0,0,,,,False,False,False
2013-07-08,0,32,,0,,,,,9259,,,,,0,0,,,,False,False,False
2013-07-09,0,31,,0,,,,,9282,,,,,0,0,,,,False,False,False
2013-07-10,0,26,,0,,,,,9301,,,,,0,0,,,,False,False,False
2013-07-11,0,26,,0,,,,,9324,,,,,0,0,,,,False,False,False
2013-07-12,0,26,,0,,,,,9348,,,,,0,0,,,,False,False,False
2013-07-13,0,26,,0,,,,,9372,,,,,0,0,,,,False,False,False
2013-07-14,0,26,,0,,,,,9396,,,,,0,0,,,,False,False,False
2013-07-15,0,27,,0,,,,,9420,,,,,0,0,,,,False,False,False
2013-07-16,0,26,,0,,,,,9444,,,,,0,0,,,,False,False,False
2013-07-17,0,26,,0,,,,,9468,,,,,0,0,,,,False,False,False
2013-07-18,0,26,,0,,,,,9492,,,,,0,0,,,,False,False,False
2013-07-19,0,26,,0,,,,,9516,,,,,0,0,,,,False,False,False
2013-07-20,0,26,,0,,,,,9540,,,,,0,0,,,,False,False,False
2013-07-21,0,26,,0,,,,,9564,,,,,0,0,,,,False,False,False
2013-07-22,0,26,,0,,,,,9588,,,,,0,0,,,,False,False,False
2013-07-23,0,26,,0,,,,,9612,,,,,0,0,,,,False,False,False
2013-07-24,0,25,,0,,,,,9636,,,,,0,0,,,,False,False,False
2013-07-25,0,26,,0,,,,,9660,,,,,0,0,,,,False,False,False
2013-07-26,0,25,,0,,,,,9684,,,,,0,0,,,,False,False,False
2013-07-27,0,25,,0,,,,,9708,,,,,0,0,,,,False,False,False
2013-07-28,0,25,,0,,,,,9732,,,,,0,0,,,,False,False,False
2013-07-29,0,26,,0,,,,,9756,,,,,0,0,,,,False,False,False
2013-07-30,0,24,,0,,,,,9780,,,,,0,0,,,,False,False,False
2013-07-31,0,25,,0,,,,,9804,,,,,0,0,,,,False,False,False
2013-08-01,0,25,,0,,,,,9828,,,,,0,0,,,,False,False,False
2013-08-02,0,25,,0,,,,,9852,,,,,0,0,,,,False,False,False
2013-08-03,0,25,,0,,,,,9876,,,,,0,0,,,,False,False,False
2013-08-04,0,26,,0,,,,,9900,,,,,0,0,,,,False,False,False
2013-08-05,0,26,,0,,,,,9924,,,,,0,0,,,,False,False,False
2013-08-06,0,27,,0,,,,,9948,,,,,0,0,,,,False,False,False
2013-08-07,0,26,,0,,,,,9972,,,,,0,0,,,,False,False,False
2013-08-08,0,26,,0,,,,,9996,,,,,0,0,,,,False,False,False
2013-08-09,0,27,,0,,,,,10020,,,,,0,0,,,,False,False,False
2013-08-10,0,27,,0,,,,,10044,,,,,0,0,,,,False,False,False
2013-08-11,0,27,,0,,,,,10068,,,,,0,0,,,,False,False,False
2013-08-12,0,27,,0,,,,,10092,,,,,0,0,,,,False,False,False
2013-08-13,0,27,,0,,,,,10116,,,,,0,0,,,,False,False,False
2013-08-14,0,27,,0,,,,,10140,,,,,0,0,,,,False,False,False
2013-08-15,0,27,,0,,,,,10164,,,,,0,0,,,,False,False,False
2013-08-16,0,25,,0,,,,,10188,,,,,0,0,,,,False,False,False
2013-08-17,0,26,,0,,,,,10212,,,,,0,0,,,,False,False,False
2013-08-18,0,26,,0,,,,,10236,,,,,0,0,,,,False,False,False
2013-08-19,0,27,,0,,,,,10260,,,,,0,0,,,,False,False,False
2013-10-15,0,28,,0,,,,,11628,,,,,0,0,,,,False,False,False
2013-10-16,0,28,,0,,,,,11652,,,,,0,0,,,,False,False,False
2013-10-17,0,28,,0,,,,,11676,,,,,0,0,,,,False,False,False
2013-10-18,0,28,,0,,,,,11700,,,,,0,0,,,,False,False,False
2013-10-19,0,28,,0,,,,,11724,,,,,0,0,,,,False,False,False
2013-10-20,0,28,,0,,,,,11748,,,,,0,0,,,,False,False,False
2013-10-21,0,28,,0,,,,,11772,,,,,0,0,,,,False,False,False
2013-10-22,0,28,,0,,,,,11796,,,,,0,0,,,,False,False,False
2013-10-23,0,28,,0,,,,,11820,,,,,0,0,,,,False,False,False
2013-10-24,0,28,,0,,,,,11844,,,,,0,0,,,,False,False,False
2013-10-25,0,28,,0,,,,,11868,,,,,0,0,,,,False,False,False
2013-10-26,0,28,,0,,,,,11892,,,,,0,0,,,,False,False,False
2013-10-27,0,28,,0,,,,,11916,,,,,0,0,,,,False,False,False
2013-10-28,0,28,,0,,,,,11940,,,,,0,0,,,,False,False,False
2013-10-29,0,28,,0,,,,,11964,,,,,0,0,,,,False,False,False
2013-10-30,0,28,,0,,,,,11988,,,,,0,0,,,,False,False,False
2013-10-31,0,28,,0,,,,,12012,,,,,0,0,,,,False,False,False
2013-11-01,0,28,,0,,,,,12036,,,,,0,0,,,,False,False,False
2013-11-02,0,28,,0,,,,,12060,,,,,0,0,,,,False,False,False
2013-11-03,0,27,,0,,,,,12084,,,,,0,0,,,,False,False,False
2013-11-04,0,28,,0,,,,,12109,,,,,0,0,,,,False,False,False
2013-11-05,0,27,,0,,,,,12133,,,,,0,0,,,,False,False,False
2013-11-06,0,28,,0,,,,,12157,,,,,0,0,,,,False,False,False
2013-11-07,0,26,,0,,,,,12181,,,,,0,0,,,,False,False,False
2013-11-08,0,28,,0,,,,,12205,,,,,0,0,,,,False,False,False
2013-11-09,0,27,,0,,,,,12229,,,,,0,0,,,,False,False,False
2013-11-10,0,28,,0,,,,,12253,,,,,0,0,,,,False,False,False
2013-11-11,0,29,,0,,,,,12277,,,,,0,0,,,,False,False,False
2013-11-12,0,27,,0,,,,,12301,,,,,0,0,,,,False,False,False
2013-11-13,0,27,,0,,,,,12325,,,,,0,0,,,,False,False,False
2013-11-14,0,27,,0,,,,,12349,,,,,0,0,,,,False,False,False
2013-11-15,0,27,,0,,,,,12373,,,,,0,0,,,,False,False,False
2013-11-16,0,27,,0,,,,,12397,,,,,0,0,,,,False,False,False
2013-11-17,0,27,,0,,,,,12421,,,,,0,0,,,,False,False,False
2013-11-18,0,27,,0,,,,,12445,,,,,0,0,,,,False,False,False
2013-11-19,0,27,,0,,,,,12469,,,,,0,0,,,,False,False,False
2013-11-20,0,27,,0,,,,,12493,,,,,0,0,,,,False,False,False
2013-11-21,0,28,,0,,,,,12517,,,,,0,0,,,,False,False,False
2013-11-22,0,28,,0,,,,,12541,,,,,0,0,,,,False,False,False
2013-11-23,0,28,,0,,,,,12565,,,,,0,0,,,,False,False,False
2013-11-24,0,28,,0,,,,,12589,,,,,0,0,,,,False,False,False
2013-11-25,0,28,,0,,,,,12613,,,,,0,0,,,,False,False,False
2013-11-26,0,27,,0,,,,,12637,,,,,0,0,,,,False,False,False
2013-11-27,0,29,,0,,,,,12661,,,,,0,0,,,,False,False,False
2013-11-28,0,28,,0,,,,,12685,,,,,0,0,,,,False,False,False
2013-11-29,0,28,,0,,,,,12709,,,,,0,0,,,,False,False,False
2013-11-30,0,28,,0,,,,,12733,,,,,0,0,,,,False,False,False
2013-12-01,0,28,,0,,,,,12757,,,,,0,0,,,,False,False,False
2013-12-02,0,28,,0,,,,,12781,,,,,0,0,,,,False,False,False
2013-12-03,0,28,,0,,,,,12805,,,,,0,0,,,,False,False,False
2013-12-04,0,28,,0,,,,,12829,,,,,0,0,,,,False,False,False
2013-12-05,0,28,,0,,,,,12853,,,,,0,0,,,,False,False,False
2013-12-06,0,28,,0,,,,,12877,,,,,0,0,,,,False,False,False
2013-12-07,0,28,,0,,,,,12901,,,,,0,0,,,,False,False,False
2013-12-08,0,27,,0,,,,,12925,,,,,0,0,,,,False,False,False
2013-12-09,0,28,,0,,,,,12949,,,,,0,0,,,,False,False,False
2013-12-10,0,29,,0,,,,,12973,,,,,0,0,,,,False,False,False
2013-12-11,0,28,,0,,,,,12997,,,,,0,0,,,,False,False,False
2013-12-12,0,28,,0,,,,,13021,,,,,0,0,,,,False,False,False
2013-12-13,0,28,,0,,,,,13045,,,,,0,0,,,,False,False,False
2013-12-14,0,28,,0,,,,,13069,,,,,0,0,,,,False,False,False
2013-12-15,0,28,,0,,,,,13093,,,,,0,0,,,,False,False,False
2013-12-16,0,28,,0,,,,,13117,,,,,0,0,,,,False,False,False
2013-12-17,0,28,,0,,,,,13141,,,,,0,0,,,,False,False,False
2013-12-18,0,28,,0,,,,,13165,,,,,0,0,,,,False,False,False
2013-12-19,0,27,,0,,,,,13189,,,,,0,0,,,,False,False,False
2013-12-20,0,28,,0,,,,,13213,,,,,0,0,,,,False,False,False
2013-12-21,0,28,,0,,,,,13237,,,,,0,0,,,,False,False,False
2013-12-22,0,28,,0,,,,,13261,,,,,0,0,,,,False,False,False
2013-12-23,0,27,,0,,,,,13285,,,,,0,0,,,,False,False,False
2013-12-24,0,28,,0,,,,,13309,,,,,0,0,,,,False,False,False
2013-12-25,0,27,,0,,,,,13333,,,,,0,0,,,,False,False,False
2013-12-26,0,28,,0,,,,,13357,,,,,0,0,,,,False,False,False
2013-12-27,0,28,,0,,,,,13381,,,,,0,0,,,,False,False,False
2013-12-28,0,28,,0,,,,,13405,,,,,0,0,,,,False,False,False
2013-12-29,0,27,,0,,,,,13429,,,,,0,0,,,,False,False,False
2013-12-30,0,28,,0,,,,,13453,,,,,0,0,,,,False,False,False
2013-12-31,0,27,,0,,,,,13477,,,,,0,0,,,,False,False,False
2014-01-01,0,27,,0,,,,,13501,,,,,0,0,,,,False,False,False
2014-01-02,0,27,,0,,,,,13525,,,,,0,0,,,,False,False,False
2014-01-03,0,28,,0,,,,,13549,,,,,0,0,,,,False,False,False
2014-01-04,0,27,,0,,,,,13573,,,,,0,0,,,,False,False,False
2014-01-05,0,27,,0,,,,,13597,,,,,0,0,,,,False,False,False
2014-01-06,0,26,,0,,,,,13621,,,,,0,0,,,,False,False,False
2014-01-07,0,27,,0,,,,,13645,,,,,0,0,,,,False,False,False
2014-01-08,0,27,,0,,,,,13669,,,,,0,0,,,,False,False,False
2014-01-09,0,27,,0,,,,,13693,,,,,0,0,,,,False,False,False
2014-01-10,0,27,,0,,,,,13717,,,,,0,0,,,,False,False,False
2014-01-11,0,26,,0,,,,,13741,,,,,0,0,,,,False,False,False
2014-01-12,0,27,,0,,,,,13765,,,,,0,0,,,,False,False,False
2014-01-13,0,26,,0,,,,,13789,,,,,0,0,,,,False,False,False
2014-01-14,0,27,,0,,,,,13813,,,,,0,0,,,,False,False,False
2014-01-15,0,26,,0,,,,,13837,,,,,0,0,,,,False,False,False
2014-01-16,0,27,,0,,,,,13861,,,,,0,0,,,,False,False,False
2014-01-17,0,26,,0,,,,,13885,,,,,0,0,,,,False,False,False
2014-01-18,0,27,,0,,,,,13909,,,,,0,0,,,,False,False,False
2014-01-19,0,27,,0,,,,,13933,,,,,0,0,,,,False,False,False
2014-01-20,0,27,,0,,,,,13957,,,,,0,0,,,,False,False,False
2014-01-21,0,27,,0,,,,,13981,,,,,0,0,,,,False,False,False
2014-01-22,0,27,,0,,,,,14005,,,,,0,0,,,,False,False,False
2014-01-23,0,27,,0,,,,,14029,,,,,0,0,,,,False,False,False
2014-01-24,0,26,,0,,,,,14053,,,,,0,0,,,,False,False,False
2014-01-25,0,26,,0,,,,,14077,,,,,0,0,,,,False,False,False
2014-01-26,0,27,,0,,,,,14101,,,,,0,0,,,,False,False,False
2014-01-27,0,26,,0,,,,,14125,,,,,0,0,,,,False,False,False
2014-01-28,0,27,,0,,,,,14149,,,,,0,0,,,,False,False,False
2014-01-29,0,26,,0,,,,,14173,,,,,0,0,,,,False,False,False
2014-01-30,0,26,,0,,,,,14197,,,,,0,0,,,,False,False,False
2014-01-31,0,27,,0,,,,,14221,,,,,0,0,,,,False,False,False
2014-02-01,0,26,,0,,,,,14245,,,,,0,0,,,,False,False,False
2014-02-02,0,26,,0,,,,,14269,,,,,0,0,,,,False,False,False
2014-02-03,0,27,,0,,,,,14293,,,,,0,0,,,,False,False,False
2014-02-04,0,27,,0,,,,,14317,,,,,0,0,,,,False,False,False
2014-02-05,0,26,,0,,,,,14341,,,,,0,0,,,,False,False,False
2014-02-06,0,26,,0,,,,,14364,,,,,0,0,,,,False,False,False
2014-02-07,0,26,,0,,,,,14388,,,,,0,0,,,,False,False,False
2014-02-08,0,26,,0,,,,,14412,,,,,0,0,,,,False,False,False
2014-02-09,0,26,,0,,,,,14436,,,,,0,0,,,,False,False,False
2014-02-10,0,26,,0,,,,,14460,,,,,0,0,,,,False,False,False
2014-02-11,0,27,,0,,,,,14484,,,,,0,0,,,,False,False,False
2014-02-12,0,26,,0,,,,,14508,,,,,0,0,,,,False,False,False
2014-02-13,0,26,,0,,,,,14532,,,,,0,0,,,,False,False,False
2014-02-14,0,26,43,0,34,38,0,41,14556,109,0,41,566,0,0,0,0,0,False,False,False
2014-02-15,0,26,43,0,34,38,0,41,14580,109,0,41,566,0,0,0,0,0,False,False,False
2014-02-16,0,26,43,0,34,38,0,41,14603,109,0,41,566,0,0,0,0,0,False,False,False
2014-02-17,0,26,43,0,34,38,0,41,14627,109,0,41,566,0,0,0,0,0,False,False,False
2014-02-18,0,26,43,0,34,38,0,41,14652,109,0,41,566,0,0,0,0,0,False,False,False
2014-02-19,0,26,43,0,34,38,0,41,14675,109,0,41,566,0,0,0,0,0,False,False,False
2014-02-20,0,26,43,0,34,38,0,41,14699,109,0,41,566,0,0,0,0,0,False,False,False
2014-02-21,0,26,43,0,34,38,0,41,14724,109,0,41,566,0,0,0,0,0,False,False,False
2014-02-22,0,25,43,0,34,38,0,41,14747,109,0,41,566,0,0,0,0,0,False,False,False
2014-02-23,0,25,43,0,34,38,0,41,14771,109,0,41,566,0,0,0,0,0,False,False,False
2014-02-24,0,26,43,0,34,38,0,41,14796,109,0,41,566,0,0,0,0,0,False,False,False
2014-02-25,0,26,43,0,34,38,0,41,14819,109,0,41,566,0,0,0,0,0,False,False,False
2014-02-26,0,25,43,0,34,38,0,41,14843,109,0,41,566,0,0,0,0,0,False,False,False
2014-02-27,0,26,43,0,35,39,0,42,14867,109,0,42,566,0,0,0,0,0,False,False,False
2014-02-28,0,26,43,0,36,40,0,43,14887,109,0,43,566,0,0,0,0,0,False,False,False
2014-03-01,0,26,43,0,36,40,0,43,14911,109,0,43,566,0,0,0,0,0,False,False,False
2014-03-02,0,26,43,0,36,40,0,43,14935,109,0,43,566,0,0,0,0,0,False,False,False
2014-03-03,0,26,43,0,36,40,0,43,14959,109,0,43,566,0,0,0,0,0,False,False,False
2014-03-04,0,26,43,0,36,40,0,43,14983,109,0,43,566,0,0,0,0,0,False,False,False
2014-03-05,0,26,43,0,36,40,0,43,15007,109,0,43,566,0,0,0,0,0,False,False,False
2014-03-06,0,25,43,0,36,40,0,43,15031,109,0,43,566,0,0,0,0,0,False,False,False
2014-03-07,0,25,43,0,36,40,0,43,15055,109,0,43,566,0,0,0,0,0,False,False,False
2014-03-08,0,26,43,0,36,40,0,43,15079,109,0,43,566,0,0,0,0,0,False,False,False
2014-03-09,0,25,43,0,36,40,0,43,15103,109,0,43,566,0,0,0,0,0,False,False,False
2014-03-10,0,25,43,0,36,40,0,43,15127,109,0,43,566,0,0,0,0,0,False,False,False
2014-03-11,0,26,43,0,36,40,0,43,15150,109,0,43,566,0,0,0,0,0,False,False,False
2014-03-12,0,26,43,0,36,40,0,43,15174,109,0,43,566,0,0,0,0,0,False,False,False
2014-03-13,0,25,43,0,36,40,0,43,15198,109,0,43,566,0,0,0,0,0,False,False,False
2014-03-14,0,25,43,0,36,40,0,43,15222,109,0,43,566,0,0,0,0,0,False,False,False
2014-03-15,0,25,43,0,36,40,0,43,15246,109,0,43,566,0,0,0,0,0,False,False,False
2014-03-16,0,25,43,0,36,40,0,43,15270,109,0,43,566,0,0,0,0,0,False,False,False
2014-03-17,0,25,43,0,36,40,0,43,15294,109,0,43,566,0,0,0,0,0,False,False,False
2014-03-18,0,26,43,0,36,40,0,43,15318,109,0,43,566,0,0,0,0,0,False,False,False
2014-03-19,0,25,43,0,36,40,0,43,15342,109,0,43,566,0,0,0,0,0,False,False,False
2014-03-20,0,25,43,0,36,40,0,43,15366,109,0,43,566,0,0,0,0,0,False,False,False
2014-03-21,0,25,43,0,36,40,0,43,15390,109,0,43,566,0,0,0,0,0,False,False,False
2014-03-22,0,25,43,0,36,40,0,43,15414,109,0,43,566,0,0,0,0,0,False,False,False
2014-03-23,0,25,43,0,36,40,0,43,15438,109,0,43,566,0,0,0,0,0,False,False,False
2014-03-24,0,24,43,0,36,40,0,43,15462,109,0,43,566,0,0,0,0,0,False,False,False
2014-03-25,0,26,43,0,36,40,0,43,15486,109,0,43,566,0,0,0,0,0,False,False,False
2014-03-26,0,26,43,0,37,41,0,44,15510,109,0,44,566,0,0,0,0,0,False,False,False
2014-03-27,0,27,43,0,37,41,0,44,15534,109,0,44,566,0,0,0,0,0,False,False,False
2014-03-28,0,27,43,0,37,41,0,44,15558,109,0,44,566,0,0,0,0,0,False,False,False
2014-03-29,0,27,43,0,37,41,0,44,15582,109,0,44,566,0,0,0,0,0,False,False,False
2014-03-30,0,27,43,0,37,41,0,44,15606,109,0,44,566,0,0,0,0,0,False,False,False
2014-03-31,0,27,43,0,37,41,0,44,15630,109,0,44,566,0,0,0,0,0,False,False,False
2014-04-01,0,27,43,0,37,41,0,44,15654,109,0,44,566,0,0,0,0,0,False,False,False
2014-04-02,0,27,43,0,37,41,0,44,15678,109,0,44,566,0,0,0,0,0,False,False,False
2014-04-03,0,27,43,0,37,41,0,44,15701,109,0,44,566,0,0,0,0,0,False,False,False
2014-04-04,0,27,43,0,37,41,0,44,15726,109,0,44,566,0,0,0,0,0,False,False,False
2014-04-05,0,26,43,0,37,41,0,44,15750,109,0,44,566,0,0,0,0,0,False,False,False
2014-04-06,0,26,43,0,37,41,0,44,15774,109,0,44,566,0,0,0,0,0,False,False,False
2014-04-07,0,26,43,0,37,41,0,44,15798,109,0,44,566,0,0,0,0,0,False,False,False
2014-04-08,0,26,43,0,37,41,0,44,15822,109,0,44,566,0,0,0,0,0,False,False,False
2014-04-09,0,26,43,0,37,41,0,44,15846,109,0,44,566,0,0,0,0,0,False,False,False
2014-04-10,0,26,43,0,37,41,0,44,15869,109,0,44,566,0,0,0,0,0,False,False,False
2014-04-11,0,27,43,0,37,41,0,44,15894,109,0,44,566,0,0,0,0,0,False,False,False
2014-04-12,0,26,43,0,37,41,0,44,15918,109,0,44,566,0,0,0,0,0,False,False,False
2014-04-13,0,26,43,0,37,41,0,44,15941,109,0,44,566,0,0,0,0,0,False,False,False
2014-04-14,0,26,43,0,37,41,0,44,15966,109,0,44,566,0,0,0,0,0,False,False,False
2014-04-15,0,26,43,0,37,41,0,44,15990,109,0,44,566,0,0,0,0,0,False,False,False
2014-04-16,0,27,43,0,37,41,0,44,16013,109,0,44,566,0,0,0,0,0,False,False,False
2014-04-17,0,26,43,0,37,41,0,44,16038,109,0,44,566,0,0,0,0,0,False,False,False
2014-04-18,0,26,43,0,37,41,0,44,16062,109,0,44,566,0,0,0,0,0,False,False,False
2014-04-19,0,26,43,0,37,41,0,44,16086,109,0,44,566,0,0,0,0,0,False,False,False
2014-04-20,0,25,43,0,37,41,0,44,16110,109,0,44,566,0,0,0,0,0,False,False,False
2014-04-21,0,24,43,0,37,41,0,44,16134,109,0,44,566,0,0,0,0,0,False,False,False
2014-04-22,0,26,43,0,37,41,0,44,16158,109,0,44,566,0,0,0,0,0,False,False,False
2014-04-23,0,26,43,0,37,41,0,44,16182,109,0,44,566,0,0,0,0,0,False,False,False
2014-04-24,0,28,43,0,37,41,0,44,16206,109,0,44,566,0,0,0,0,0,False,False,False
2014-04-25,0,29,43,0,37,41,0,44,16230,109,0,44,566,0,0,0,0,0,False,False,False
2014-04-26,0,29,43,0,37,41,0,44,16253,109,0,44,566,0,0,0,0,0,False,False,False
2014-04-27,0,28,43,0,37,41,0,44,16278,109,0,44,566,0,0,0,0,0,False,False,False
2014-04-28,0,28,43,0,37,41,0,44,16302,109,0,44,566,0,0,0,0,0,False,False,False
2014-04-29,0,28,43,0,37,41,0,44,16326,109,0,44,566,0,0,0,0,0,False,False,False
2014-04-30,0,28,43,0,37,41,0,44,16350,109,0,44,566,0,0,0,0,0,False,False,False
2014-05-01,0,28,43,0,37,41,0,44,16374,109,0,44,566,0,0,0,0,0,False,False,False
2014-05-02,0,28,43,0,37,41,0,44,16398,109,0,44,566,0,0,0,0,0,False,False,False
2014-05-03,0,28,43,0,37,41,0,44,16422,109,0,44,566,0,0,0,0,0,False,False,False
2014-05-04,0,28,43,0,37,41,0,44,16446,109,0,44,566,0,0,0,0,0,False,False,False
2014-05-05,0,28,43,0,37,41,0,44,16470,109,0,44,566,0,0,0,0,0,False,False,False
2014-05-06,0,27,43,0,37,41,0,44,16493,109,0,44,566,0,0,0,0,0,False,False,False
2014-05-07,0,26,43,0,37,41,0,44,16518,109,0,44,566,0,0,0,0,0,False,False,False
2014-05-08,0,27,43,0,37,41,0,44,16542,109,0,44,566,0,0,0,0,0,False,False,False
2014-05-09,0,27,43,0,37,41,0,44,16566,109,0,44,566,0,0,0,0,0,False,False,False
2014-05-10,0,27,43,0,37,41,0,44,16590,109,0,44,566,0,0,0,0,0,False,False,False
2014-05-11,0,26,43,0,37,41,0,44,16614,109,0,44,566,0,0,0,0,0,False,False,False
2014-05-12,0,26,43,0,37,41,0,44,16638,109,0,44,566,0,0,0,0,0,False,False,False
2014-05-13,0,26,43,0,37,41,0,44,16662,109,0,44,566,0,0,0,0,0,False,False,False
2014-05-14,0,26,43,0,37,41,0,44,16686,109,0,44,566,0,0,0,0,0,False,False,False
2014-05-15,0,26,43,0,37,41,0,44,16710,109,0,44,566,0,0,0,0,0,False,False,False
2014-05-16,0,26,43,0,37,41,0,44,16733,109,0,44,566,0,0,0,0,0,False,False,False
2014-05-17,0,27,43,0,37,41,0,44,16758,109,0,44,566,0,0,0,0,0,False,False,False
2014-05-18,0,28,43,0,37,41,0,44,16782,109,0,44,566,0,0,0,0,0,False,False,False
2014-05-19,0,28,43,0,37,41,0,44,16805,109,0,44,566,0,0,0,0,0,False,False,False
2014-05-20,0,28,43,0,37,41,0,44,16830,109,0,44,566,0,0,0,0,0,False,False,False
2014-05-21,0,29,43,0,37,41,0,44,16854,109,0,44,566,0,0,0,0,0,False,False,False
2014-05-22,0,29,41,0,37,41,0,44,16878,109,0,44,566,0,0,0,0,0,False,False,False
2014-05-23,0,29,41,0,37,41,0,44,16902,109,0,44,566,0,0,0,0,0,False,False,False
2014-05-24,0,27,41,0,37,41,0,44,16926,109,0,44,566,0,0,0,0,0,False,False,False
2014-05-25,0,27,41,0,37,41,0,44,16950,109,0,44,566,0,0,0,0,0,False,False,False
2014-05-26,0,27,41,0,37,41,0,44,16974,109,0,44,566,0,0,0,0,0,False,False,False
2014-05-27,0,28,41,0,37,41,0,44,16998,109,0,44,566,0,0,0,0,0,False,False,False
2014-05-28,0,27,41,0,37,41,0,44,17022,109,0,44,566,0,0,0,0,0,False,False,False
2014-05-29,0,29,41,0,37,41,0,44,17045,109,0,44,566,0,0,0,0,0,False,False,False
2014-05-30,0,29,41,0,37,41,0,44,17070,109,0,44,566,0,0,0,0,0,False,False,False
2014-05-31,0,27,41,0,37,41,0,44,17094,109,0,44,566,0,0,0,0,0,False,False,False
2014-06-01,0,29,41,0,37,41,0,44,17118,109,0,44,566,0,0,0,0,0,False,False,False
2014-06-02,0,29,41,0,37,41,0,44,17142,109,0,44,566,0,0,0,0,0,False,False,False
2014-06-03,0,27,41,0,37,41,0,44,17166,109,0,44,566,0,0,0,0,0,False,False,False
2014-06-04,0,28,41,0,37,41,0,44,17190,109,0,44,566,0,0,0,0,0,False,False,False
2014-06-05,0,28,41,0,37,41,0,44,17214,109,0,44,566,0,0,0,0,0,False,False,False
2014-06-06,0,28,41,0,37,41,0,44,17238,109,0,44,566,0,0,0,0,0,False,False,False
2014-06-07,0,28,41,0,37,41,0,44,17262,109,0,44,566,0,0,0,0,0,False,False,False
2014-06-08,0,28,41,0,37,41,0,44,17286,109,0,44,566,0,0,0,0,0,False,False,False
2014-06-09,0,28,41,0,37,41,0,44,17310,109,0,44,566,0,0,0,0,0,False,False,False
2014-06-10,0,28,41,0,37,41,0,44,17334,109,0,44,566,0,0,0,0,0,False,False,False
2014-06-11,0,28,41,0,37,41,0,44,17358,109,0,44,566,0,0,0,0,0,False,False,False
2014-06-12,0,28,41,0,37,41,0,44,17382,109,0,44,566,0,0,0,0,0,False,False,False
2014-06-13,0,28,41,0,37,41,0,44,17406,109,0,44,566,0,0,0,0,0,False,False,False
2014-06-14,0,28,41,0,37,41,0,44,17430,109,0,44,566,0,0,0,0,0,False,False,False
2014-06-15,0,28,41,0,37,41,0,44,17454,109,0,44,566,0,0,0,0,0,False,False,False
2014-06-16,0,27,41,0,37,41,0,44,17478,109,0,44,566,0,0,0,0,0,False,False,False
2014-06-17,0,28,41,0,37,41,0,44,17502,109,0,44,566,0,0,0,0,0,False,False,False
2014-06-18,0,28,41,0,37,41,0,44,17526,109,0,44,566,0,0,0,0,0,False,False,False
2014-06-23,0,28,41,0,37,41,0,44,17646,109,0,44,566,0,0,0,0,0,False,False,False
2014-06-24,0,28,41,0,37,41,0,44,17670,109,0,44,566,0,0,0,0,0,False,False,False
2014-06-25,0,28,41,0,37,41,0,44,17694,109,0,44,566,0,0,0,0,0,False,False,False
2014-06-26,0,28,41,0,37,41,0,44,17718,109,0,44,566,0,0,0,0,0,False,False,False
2014-06-27,0,27,41,0,37,41,0,44,17742,109,0,44,566,0,0,0,0,0,False,False,False
2014-06-28,0,27,41,0,37,41,0,44,17766,109,0,44,566,0,0,0,0,0,False,False,False
2014-06-29,0,27,41,0,37,41,0,44,17790,109,0,44,566,0,0,0,0,0,False,False,False
2014-06-30,0,27,41,0,37,41,0,44,17814,109,0,44,566,0,0,0,0,0,False,False,False
2014-07-01,0,27,41,0,37,41,0,44,17838,109,0,44,566,0,0,0,0,0,False,False,False
2014-07-02,0,27,41,0,37,41,0,44,17862,109,0,44,566,0,0,0,0,0,False,False,False
2014-07-03,0,27,41,0,37,41,0,44,17886,109,0,44,566,0,0,0,0,0,False,False,False
2014-07-04,0,27,41,0,37,41,0,44,17910,109,0,44,566,0,0,0,0,0,False,False,False
2014-07-05,0,27,41,0,37,41,0,44,17934,109,0,44,566,0,0,0,0,0,False,False,False
2014-07-06,0,27,41,0,37,41,0,44,17958,109,0,44,566,0,0,0,0,0,False,False,False
2014-07-07,0,27,41,0,37,41,0,44,17982,109,0,44,566,0,0,0,0,0,False,False,False
2014-07-08,0,27,41,0,37,41,0,44,18006,109,0,44,566,0,0,0,0,0,False,False,False
2014-07-09,0,27,41,0,37,41,0,44,18029,109,0,44,566,0,0,0,0,0,False,False,False
2014-07-10,0,27,41,0,37,41,0,44,18054,109,0,44,566,0,0,0,0,0,False,False,False
2014-07-11,0,27,41,0,37,41,0,44,18078,109,0,44,566,0,0,0,0,0,False,False,False
2014-07-12,0,27,41,0,37,41,0,44,18102,109,0,44,566,0,0,0,0,0,False,False,False
2014-07-13,0,27,41,0,37,41,0,44,18126,109,0,44,566,0,0,0,0,0,False,False,False
2014-07-14,0,27,41,0,37,41,0,44,18150,109,0,44,566,0,0,0,0,0,False,False,False
2014-07-15,0,27,41,0,37,41,0,44,18174,109,0,44,566,0,0,0,0,0,False,False,False
2014-07-16,0,27,41,0,37,41,0,44,18198,109,0,44,566,0,0,0,0,0,False,False,False
2014-07-17,0,27,41,0,37,41,0,44,18222,109,0,44,566,0,0,0,0,0,False,False,False
2014-07-18,0,27,41,0,37,41,0,44,18246,109,0,44,566,0,0,0,0,0,False,False,False
2014-07-19,0,26,41,0,37,41,0,44,18270,109,0,44,566,0,0,0,0,0,False,False,False
2014-07-20,0,26,41,0,37,41,0,44,18294,109,0,44,566,0,0,0,0,0,False,False,False
2014-07-21,0,26,41,0,37,41,0,44,18318,109,0,44,566,0,0,0,0,0,False,False,False
2014-07-22,0,28,41,0,37,41,0,44,18342,109,0,44,566,0,0,0,0,0,False,False,False
2014-07-23,0,29,41,0,37,41,0,44,18366,109,0,44,566,0,0,0,0,0,False,False,False
2014-07-24,0,29,41,0,37,41,0,44,18390,109,0,44,566,0,0,0,0,0,False,False,False
2014-07-25,0,29,41,0,37,41,0,44,18414,109,0,44,566,0,0,0,0,0,False,False,False
2014-07-26,0,29,41,0,37,41,0,44,18438,109,0,44,566,0,0,0,0,0,False,False,False
2014-07-27,0,29,41,0,37,41,0,44,18462,109,0,44,566,0,0,0,0,0,False,False,False
2014-07-28,0,29,41,0,37,41,0,44,18486,109,0,44,566,0,0,0,0,0,False,False,False
2014-07-29,0,29,41,0,37,41,0,44,18510,109,0,44,566,0,0,0,0,0,False,False,False
2014-07-30,0,27,41,0,37,41,0,44,18534,109,0,44,566,0,0,0,0,0,False,False,False
2014-07-31,0,28,41,0,37,41,0,44,18558,109,0,44,566,0,0,0,0,0,False,False,False
2014-08-01,0,27,41,0,37,41,0,44,18581,109,0,44,566,0,0,0,0,0,False,False,False
2014-08-02,0,28,41,0,37,41,0,44,18606,109,0,44,566,0,0,0,0,0,False,False,False
2014-08-03,0,27,41,0,37,41,0,44,18630,109,0,44,566,0,0,0,0,0,False,False,False
2014-08-04,0,27,41,0,37,41,0,44,18654,109,0,44,566,0,0,0,0,0,False,False,False
2014-08-05,0,28,41,0,37,41,0,44,18678,109,0,44,566,0,0,0,0,0,False,False,False
2014-08-06,0,27,41,0,37,41,0,44,18702,109,0,44,566,0,0,0,0,0,False,False,False
2014-08-07,0,27,41,0,37,41,0,44,18726,109,0,44,566,0,0,0,0,0,False,False,False
2014-08-08,0,27,41,0,37,41,0,44,18750,109,0,44,566,0,0,0,0,0,False,False,False
2014-08-09,0,27,41,0,37,41,0,44,18774,109,0,44,566,0,0,0,0,0,False,False,False
2014-08-10,0,26,41,0,37,41,0,44,18798,109,0,44,566,0,0,0,0,0,False,False,False
2014-08-11,0,27,41,0,37,41,0,44,18822,109,0,44,566,0,0,0,0,0,False,False,False
2014-08-12,0,27,41,0,37,41,0,44,18846,109,0,44,566,0,0,0,0,0,False,False,False
2014-08-13,0,27,41,0,37,41,0,44,18870,109,0,44,566,0,0,0,0,0,False,False,False
2014-08-14,0,27,41,0,37,41,0,44,18894,109,0,44,566,0,0,0,0,0,False,False,False
2014-08-15,0,27,41,0,37,41,0,44,18918,109,0,44,566,0,0,0,0,0,False,False,False
2014-08-16,0,28,41,0,37,41,0,44,18942,109,0,44,566,0,0,0,0,0,False,False,False
2014-08-17,0,28,41,0,37,41,0,44,18966,109,0,44,566,0,0,0,0,0,False,False,False
2014-08-18,0,27,41,0,37,41,0,44,18990,109,0,44,566,0,0,0,0,0,False,False,False
2014-08-19,0,27,41,0,37,41,0,44,19014,109,0,44,566,0,0,0,0,0,False,False,False
2014-08-20,0,28,41,0,37,41,0,44,19038,109,0,44,566,0,0,0,0,0,False,False,False
2014-08-21,0,27,41,0,37,41,0,44,19062,109,0,44,566,0,0,0,0,0,False,False,False
2014-08-22,0,28,41,0,37,41,0,44,19086,109,0,44,566,0,0,0,0,0,False,False,False
2014-08-23,0,27,41,0,37,41,0,44,19110,109,0,44,566,0,0,0,0,0,False,False,False
2014-08-24,0,28,41,0,37,41,0,44,19134,109,0,44,566,0,0,0,0,0,False,False,False
2014-08-25,0,27,41,0,37,41,0,44,19158,109,0,44,566,0,0,0,0,0,False,False,False
2014-08-26,0,29,41,0,37,41,0,44,19182,109,0,44,566,0,0,0,0,0,False,False,False
2014-08-27,0,29,41,0,37,41,0,44,19206,109,0,44,566,0,0,0,0,0,False,False,False
2014-08-28,0,29,41,0,37,41,0,44,19230,109,0,44,566,0,0,0,0,0,False,False,False
2014-08-29,0,29,41,0,37,41,0,44,19254,109,0,44,566,0,0,0,0,0,False,False,False
2014-08-30,0,29,41,0,37,41,0,44,19278,109,0,44,566,0,0,0,0,0,False,False,False
2014-08-31,0,29,41,0,37,41,0,44,19302,109,0,44,566,0,0,0,0,0,False,False,False
2014-09-01,0,29,41,0,37,41,0,44,19326,109,0,44,566,0,0,0,0,0,False,False,False
2014-09-02,0,29,41,0,37,41,0,44,19350,109,0,44,566,0,0,0,0,0,False,False,False
2014-09-03,0,29,41,0,37,41,0,44,19374,109,0,44,566,0,0,0,0,0,False,False,False
2014-09-04,0,29,41,0,37,41,0,44,19398,109,0,44,566,0,0,0,0,0,False,False,False
2014-09-05,0,29,41,0,37,41,0,44,19422,109,0,44,566,0,0,0,0,0,False,False,False
2014-09-06,0,29,41,0,37,41,0,44,19446,109,0,44,566,0,0,0,0,0,False,False,False
2014-09-07,0,29,41,0,37,41,0,44,19470,109,0,44,566,0,0,0,0,0,False,False,False
2014-09-08,0,29,41,0,37,41,0,44,19494,109,0,44,566,0,0,0,0,0,False,False,False
2014-09-09,0,28,41,0,37,41,0,44,19518,109,0,44,566,0,0,0,0,0,False,False,False
2014-09-10,0,28,41,0,37,41,0,44,19542,109,0,44,566,0,0,0,0,0,False,False,False
2014-09-11,0,28,41,0,37,41,0,44,19566,109,0,44,566,0,0,0,0,0,False,False,False
2014-09-12,0,28,41,0,37,41,0,44,19590,109,0,44,566,0,0,0,0,0,False,False,False
2014-09-13,0,28,41,0,37,41,0,44,19614,109,0,44,566,0,0,0,0,0,False,False,False
2014-09-14,0,28,41,0,37,41,0,44,19638,109,0,44,566,0,0,0,0,0,False,False,False
2014-09-15,0,28,41,0,37,41,0,44,19662,109,0,44,566,0,0,0,0,0,False,False,False
2014-09-16,0,28,41,0,37,41,0,44,19686,109,0,44,566,0,0,0,0,0,False,False,False
2014-09-17,0,28,41,0,37,41,0,44,19710,109,0,44,566,0,0,0,0,0,False,False,False
2014-09-18,0,29,41,0,37,41,0,44,19734,109,0,44,566,0,0,0,0,0,False,False,False
2014-09-19,0,28,41,0,37,41,0,44,19758,109,0,44,566,0,0,0,0,0,False,False,False
2014-09-20,0,29,41,0,37,41,0,44,19782,109,0,44,566,0,0,0,0,0,False,False,False
2014-09-21,0,28,41,0,37,41,0,44,19806,109,0,44,566,0,0,0,0,0,False,False,False
2014-09-22,0,28,41,0,37,41,0,44,19830,109,0,44,566,0,0,0,0,0,False,False,False
2014-09-23,0,28,41,0,37,41,0,44,19854,109,0,44,566,0,0,0,0,0,False,False,False
2014-09-24,0,26,41,0,37,41,0,44,19878,109,0,44,566,0,0,0,0,0,False,False,False
2014-09-25,0,26,41,0,37,41,0,44,19902,109,0,44,566,0,0,0,0,0,False,False,False
2014-09-26,0,31,41,0,37,41,0,44,19926,109,0,44,566,0,0,0,0,0,False,False,False
2014-09-27,0,26,41,0,37,41,0,44,19950,109,0,44,566,0,0,0,0,0,False,False,False
2014-09-28,0,26,41,0,37,41,0,44,19974,109,0,44,566,0,0,0,0,0,False,False,False
2014-09-29,0,26,41,0,37,41,0,44,19998,109,0,44,566,0,0,0,0,0,False,False,False
2014-09-30,0,26,41,0,37,41,0,44,20022,109,0,44,566,0,0,0,0,0,False,False,False
2014-10-01,0,28,41,0,37,41,0,44,20046,109,0,44,566,0,0,0,0,0,False,False,False
2014-10-02,0,26,41,0,37,41,0,44,20070,109,0,44,566,0,0,0,0,0,False,False,False
2014-10-03,0,26,41,0,37,41,0,44,20094,109,0,44,566,0,0,0,0,0,False,False,False
2014-10-04,0,27,41,0,37,41,0,44,20118,109,0,44,566,0,0,0,0,0,False,False,False
2014-10-05,0,27,41,0,37,41,0,44,20142,109,0,44,566,0,0,0,0,0,False,False,False
2014-10-06,0,27,41,0,37,41,0,44,20166,109,0,44,566,0,0,0,0,0,False,False,False
2014-10-07,0,29,41,0,37,41,0,44,20190,109,0,44,566,0,0,0,0,0,False,False,False
2014-10-08,0,27,41,0,37,41,0,44,20214,109,0,44,566,0,0,0,0,0,False,False,False
2014-10-09,0,27,41,0,37,41,0,44,20238,109,0,44,566,0,0,0,0,0,False,False,False
2014-10-10,0,27,41,0,37,41,0,44,20262,109,0,44,566,0,0,0,0,0,False,False,False
2014-10-11,0,27,41,0,37,41,0,44,20286,109,0,44,566,0,0,0,0,0,False,False,False
2014-10-12,0,27,41,0,37,41,0,44,20310,109,0,44,566,0,0,0,0,0,False,False,False
2014-10-13,0,26,41,0,37,41,0,44,20334,109,0,44,566,0,0,0,0,0,False,False,False
2014-10-14,0,27,41,0,37,41,0,44,20358,109,0,44,566,0,0,0,0,0,False,False,False
2014-10-15,0,26,41,0,37,41,0,44,20382,109,0,44,566,0,0,0,0,0,False,False,False
2014-10-16,0,26,41,0,37,41,0,44,20406,109,0,44,566,0,0,0,0,0,False,False,False
2014-10-17,0,26,41,0,37,41,0,44,20430,109,0,44,566,0,0,0,0,0,False,False,False
2014-10-18,0,26,41,0,37,41,0,44,20454,109,0,44,566,0,0,0,0,0,False,False,False
2014-10-19,0,26,41,0,37,41,0,44,20478,109,0,44,566,0,0,0,0,0,False,False,False
2014-10-20,0,26,41,0,37,41,0,44,20502,109,0,44,566,0,0,0,0,0,False,False,False
2014-10-21,0,26,41,0,37,41,0,44,20526,109,0,44,566,0,0,0,0,0,False,False,False
2014-10-22,0,26,41,0,37,41,0,44,20550,109,0,44,566,0,0,0,0,0,False,False,False
2014-10-23,0,26,41,0,37,41,0,44,20574,109,0,44,566,0,0,0,0,0,False,False,False
2014-10-24,0,26,41,0,37,41,0,44,20598,109,0,44,566,0,0,0,0,0,False,False,False
2014-10-25,0,26,41,0,37,41,0,44,20622,109,0,44,566,0,0,0,0,0,False,False,False
2014-10-26,0,26,41,0,37,41,0,44,20646,109,0,44,566,0,0,0,0,0,False,False,False
2014-10-27,0,26,41,0,37,41,0,44,20670,109,0,44,566,0,0,0,0,0,False,False,False
2014-10-28,0,26,41,0,37,41,0,44,20694,109,0,44,566,0,0,0,0,0,False,False,False
2014-10-29,0,26,41,0,37,41,0,44,20718,109,0,44,566,0,0,0,0,0,False,False,False
2014-10-30,0,26,41,0,37,41,0,44,20742,109,0,44,566,0,0,0,0,0,False,False,False
2014-10-31,0,26,41,0,37,41,0,44,20766,109,0,44,566,0,0,0,0,0,False,False,False
2014-11-01,0,26,41,0,37,41,0,44,20790,109,0,44,566,0,0,0,0,0,False,False,False
2014-11-03,0,26,41,0,37,41,0,44,20839,109,0,44,566,0,0,0,0,0,False,False,False
2014-11-04,0,26,41,0,37,41,0,44,20863,109,0,44,566,0,0,0,0,0,False,False,False
2014-11-05,0,28,41,0,37,41,0,44,20887,109,0,44,566,0,0,0,0,0,False,False,False
2014-11-06,0,26,41,0,37,41,0,44,20911,109,0,44,566,0,0,0,0,0,False,False,False
2014-11-07,0,27,41,0,37,41,0,44,20935,109,0,44,566,0,0,0,0,0,False,False,False
2014-11-08,0,26,41,0,37,41,0,44,20959,109,0,44,566,0,0,0,0,0,False,False,False
2014-11-09,0,27,41,0,37,41,0,44,20983,109,0,44,566,0,0,0,0,0,False,False,False
2014-11-10,0,26,41,0,37,41,0,44,21007,109,0,44,566,0,0,0,0,0,False,False,False
2014-11-11,0,26,41,0,37,41,0,44,21031,109,0,44,566,0,0,0,0,0,False,False,False
2014-11-12,0,26,41,0,37,41,0,44,21055,109,0,44,566,0,0,0,0,0,False,False,False
2014-11-13,0,26,41,0,37,41,0,44,21079,109,0,44,566,0,0,0,0,0,False,False,False
2014-11-14,0,27,41,0,37,41,0,44,21103,109,0,44,566,0,0,0,0,0,False,False,False
2014-11-15,0,26,41,0,37,41,0,44,21127,109,0,44,566,0,0,0,0,0,False,False,False
2014-11-16,0,27,41,0,37,41,0,44,21151,109,0,44,566,0,0,0,0,0,False,False,False
2014-11-17,0,26,41,0,37,41,0,44,21175,109,0,44,566,0,0,0,0,0,False,False,False
2014-11-18,0,26,41,0,37,41,0,44,21199,109,0,44,566,0,0,0,0,0,False,False,False
2014-11-19,0,26,41,0,38,42,0,45,21223,109,0,45,566,0,0,0,0,0,False,False,False
2014-11-20,0,26,41,0,38,42,0,45,21247,109,0,45,566,0,0,0,0,0,False,False,False
2014-11-21,0,26,41,0,38,42,0,45,21271,109,0,45,566,0,0,0,0,0,False,False,False
2014-11-22,0,26,41,0,38,42,0,45,21295,109,0,45,566,0,0,0,0,0,False,False,False
2014-11-23,0,26,41,0,38,42,0,45,21319,109,0,45,566,0,0,0,0,0,False,False,False
2014-11-24,0,26,41,0,38,42,0,45,21343,109,0,45,566,0,0,0,0,0,False,False,False
2014-11-25,0,26,41,0,38,42,0,45,21367,109,0,45,566,0,0,0,0,0,False,False,False
2014-11-26,0,26,41,0,38,42,0,45,21391,109,0,45,566,0,0,0,0,0,False,False,False
2014-11-27,0,26,41,0,38,42,0,45,21415,109,0,45,566,0,0,0,0,0,False,False,False
2014-11-28,0,26,41,0,38,42,0,45,21438,109,0,45,566,0,0,0,0,0,False,False,False
2014-11-29,0,26,41,0,38,42,0,45,21463,109,0,45,566,0,0,0,0,0,False,False,False
2014-11-30,0,26,41,0,38,42,0,45,21487,109,0,45,566,0,0,0,0,0,False,False,False
2014-12-01,0,26,41,0,38,42,0,45,21511,109,0,45,566,0,0,0,0,0,False,False,False
2014-12-02,0,26,41,0,38,42,0,45,21535,109,0,45,566,0,0,0,0,0,False,False,False
2014-12-03,0,26,41,0,38,42,0,45,21559,109,0,45,566,0,0,0,0,0,False,False,False
2014-12-04,0,26,41,0,38,42,0,45,21583,109,0,45,566,0,0,0,0,0,False,False,False
2014-12-05,0,26,41,0,38,42,0,45,21607,109,0,45,566,0,0,0,0,0,False,False,False
2014-12-06,0,26,41,0,38,42,0,45,21631,109,0,45,566,0,0,0,0,0,False,False,False
2014-12-07,0,26,41,0,38,42,0,45,21655,109,0,45,566,0,0,0,0,0,False,False,False
2014-12-08,0,26,41,0,38,42,0,45,21678,109,0,45,566,0,0,0,0,0,False,False,False
2014-12-09,0,26,41,0,38,42,0,45,21703,109,0,45,566,0,0,0,0,0,False,False,False
2014-12-10,0,26,41,0,38,42,0,45,21727,109,0,45,566,0,0,0,0,0,False,False,False
2014-12-11,0,27,41,0,38,42,0,45,21751,109,0,45,566,0,0,0,0,0,False,False,False
2014-12-12,0,26,41,0,38,42,0,45,21775,109,0,45,566,0,0,0,0,0,False,False,False
2014-12-13,0,28,41,0,38,42,0,45,21799,109,0,45,566,0,0,0,0,0,False,False,False
2014-12-14,0,26,41,0,38,42,0,45,21823,109,0,45,566,0,0,0,0,0,False,False,False
2014-12-15,0,26,41,0,38,42,0,45,21847,109,0,45,566,0,0,0,0,0,False,False,False
2014-12-16,0,26,41,0,38,42,0,45,21871,109,0,45,566,0,0,0,0,0,False,False,False
2014-12-17,0,26,45,0,39,43,0,46,21895,108,0,46,566,0,0,0,0,0,False,False,False
2014-12-18,0,26,45,0,39,43,0,46,21919,108,0,46,566,0,0,0,0,0,False,False,False
2014-12-19,0,26,44,0,41,45,0,48,21942,109,0,48,566,0,0,0,0,0,False,False,False
2014-12-20,0,26,44,0,41,45,0,48,21966,109,0,48,566,0,0,0,0,0,False,False,False
2014-12-21,0,26,44,0,41,45,0,48,21990,109,0,48,566,0,0,0,0,0,False,False,False
2014-12-22,0,26,44,0,41,45,0,48,22015,109,0,48,566,0,0,0,0,0,False,False,False
2014-12-23,0,27,44,0,41,45,0,48,22038,109,0,48,566,0,0,0,0,0,False,False,False
2014-12-24,0,27,44,0,41,45,0,48,22063,109,0,48,566,0,0,0,0,0,False,False,False
2014-12-25,0,27,44,0,41,45,0,48,22087,109,0,48,566,0,0,0,0,0,False,False,False
2014-12-26,0,27,44,0,41,45,0,48,22110,109,0,48,566,0,0,0,0,0,False,False,False
2014-12-27,0,26,44,0,41,45,0,48,22134,109,0,48,566,0,0,0,0,0,False,False,False
2014-12-28,0,26,44,0,41,45,0,48,22159,109,0,48,566,0,0,0,0,0,False,False,False
2014-12-29,0,27,44,0,41,45,0,48,22182,109,0,48,566,0,0,0,0,0,False,False,False
2014-12-30,0,26,44,0,41,45,0,48,22206,109,0,48,566,0,0,0,0,0,False,False,False
2014-12-31,0,27,44,0,41,45,0,48,22231,109,0,48,566,0,0,0,0,0,False,False,False
2015-01-01,0,26,44,0,41,45,0,48,22255,109,0,48,566,0,0,0,0,0,False,False,False
2015-01-02,0,27,44,0,41,45,0,48,22278,109,0,48,566,0,0,0,0,0,False,False,False
2015-01-03,0,26,44,0,41,45,0,48,22303,109,0,48,566,0,0,0,0,0,False,False,False
2015-01-04,0,26,44,0,41,45,0,48,22327,109,0,48,566,0,0,0,0,0,False,False,False
2015-01-05,0,27,44,0,41,45,0,48,22350,109,0,48,566,0,0,0,0,0,False,False,False
2015-01-06,0,26,44,0,41,45,0,48,22374,109,0,48,566,0,0,0,0,0,False,False,False
2015-01-07,0,26,44,0,41,45,0,48,22399,109,0,48,566,0,0,0,0,0,False,False,False
2015-01-08,0,26,44,0,41,45,0,48,22422,109,0,48,566,0,0,0,0,0,False,False,False
2015-01-09,0,26,44,0,41,45,0,48,22446,109,0,48,566,0,0,0,0,0,False,False,False
2015-01-10,0,26,44,0,41,45,0,48,22470,109,0,48,566,0,0,0,0,0,False,False,False
2015-01-11,0,26,44,0,41,45,0,48,22494,109,0,48,566,0,0,0,0,0,False,False,False
2015-01-12,0,26,44,0,41,45,0,48,22518,109,0,48,566,0,0,0,0,0,False,False,False
2015-01-13,0,26,44,0,41,45,0,48,22542,109,0,48,566,0,0,0,0,0,False,False,False
2015-01-14,0,26,44,0,41,45,0,48,22567,109,0,48,566,0,0,0,0,0,False,False,False
2015-01-15,0,26,44,0,41,45,0,48,22590,109,0,48,566,0,0,0,0,0,False,False,False
2015-01-16,0,26,44,0,41,45,0,48,22614,109,0,48,566,0,0,0,0,0,False,False,False
2015-01-17,0,26,44,0,41,45,0,48,22639,109,0,48,566,0,0,0,0,0,False,False,False
2015-01-18,0,26,44,0,41,45,0,48,22662,109,0,48,566,0,0,0,0,0,False,False,False
2015-01-19,0,26,44,0,41,45,0,48,22686,109,0,48,566,0,0,0,0,0,False,False,False
2015-01-20,0,26,44,0,41,45,0,48,22711,109,0,48,566,0,0,0,0,0,False,False,False
2015-01-21,0,26,44,0,41,45,0,48,22734,109,0,48,566,0,0,0,0,0,False,False,False
2015-01-22,0,26,44,0,41,45,0,48,22758,109,0,48,566,0,0,0,0,0,False,False,False
2015-01-23,0,26,44,0,41,45,0,48,22783,109,0,48,566,0,0,0,0,0,False,False,False
2015-01-24,0,26,44,0,41,45,0,48,22807,109,0,48,566,0,0,0,0,0,False,False,False
2015-01-25,0,26,44,0,41,45,0,48,22830,109,0,48,566,0,0,0,0,0,False,False,False
2015-01-26,0,26,44,0,41,45,0,48,22854,109,0,48,566,0,0,0,0,0,False,False,False
2015-01-27,0,26,44,0,41,45,0,48,22879,109,0,48,566,0,0,0,0,0,False,False,False
2015-01-28,0,26,44,0,41,45,0,48,22902,109,0,48,566,0,0,0,0,0,False,False,False
2015-01-29,0,26,44,0,41,45,0,48,22926,109,0,48,566,0,0,0,0,0,False,False,False
2015-01-30,0,26,44,0,41,45,0,48,22951,109,0,48,566,0,0,0,0,0,False,False,False
2015-01-31,0,27,44,0,41,45,0,48,22974,109,0,48,566,0,0,0,0,0,False,False,False
2015-02-01,0,27,44,0,41,45,0,48,22998,109,0,48,566,0,0,0,0,0,False,False,False
2015-02-02,0,26,44,0,41,45,0,48,23023,109,0,48,566,0,0,0,0,0,False,False,False
2015-02-03,0,27,44,0,41,45,0,48,23047,109,0,48,566,0,0,0,0,0,False,False,False
2015-02-04,0,27,44,0,41,45,0,48,23070,109,0,48,566,0,0,0,0,0,False,False,False
2015-02-05,0,27,44,0,41,45,0,48,23095,109,0,48,566,0,0,0,0,0,False,False,False
2015-02-06,0,26,44,0,41,45,0,48,23119,109,0,48,566,0,0,0,0,0,False,False,False
2015-02-07,0,27,44,0,41,45,0,48,23142,109,0,48,566,0,0,0,0,0,False,False,False
2015-02-08,0,28,44,0,41,45,0,48,23167,109,0,48,566,0,0,0,0,0,False,False,False
2015-02-09,0,28,44,0,41,45,0,48,23191,109,0,48,566,0,0,0,0,0,False,False,False
2015-02-10,0,27,44,0,41,45,0,48,23214,109,0,48,566,0,0,0,0,0,False,False,False
2015-02-11,0,27,44,0,41,45,0,48,23238,109,0,48,566,0,0,0,0,0,False,False,False
2015-02-12,0,27,44,0,41,45,0,48,23263,109,0,48,566,0,0,0,0,0,False,False,False
2015-02-13,0,27,44,0,41,45,0,48,23286,109,0,48,566,0,0,0,0,0,False,False,False
2015-02-14,0,27,44,0,41,45,0,48,23310,109,0,48,566,0,0,0,0,0,False,False,False
2015-02-15,0,27,44,0,41,45,0,48,23335,109,0,48,566,0,0,0,0,0,False,False,False
2015-02-16,0,27,44,0,41,45,0,48,23359,109,0,48,566,0,0,0,0,0,False,False,False
2015-02-17,0,27,44,0,41,45,0,48,23382,109,0,48,566,0,0,0,0,0,False,False,False
2015-02-18,0,26,44,0,41,45,0,48,23406,109,0,48,566,0,0,0,0,0,False,False,False
2015-02-19,0,26,44,0,41,45,0,48,23431,109,0,48,566,0,0,0,0,0,False,False,False
2015-02-20,0,26,44,0,41,45,0,48,23454,109,0,48,566,0,0,0,0,0,False,False,False
2015-02-21,0,26,44,0,41,45,0,48,23478,109,0,48,566,0,0,0,0,0,False,False,False
2015-02-22,0,26,44,0,41,45,0,48,23503,109,0,48,566,0,0,0,0,0,False,False,False
2015-02-23,0,26,44,0,41,45,0,48,23526,109,0,48,566,0,0,0,0,0,False,False,False
2015-02-24,0,27,44,0,41,45,0,48,23550,109,0,48,566,0,0,0,0,0,False,False,False
2015-02-25,0,27,44,0,41,45,0,48,23575,109,0,48,566,0,0,0,0,0,False,False,False
2015-02-26,0,26,44,0,41,45,0,48,23599,109,0,48,566,0,0,0,0,0,False,False,False
2015-02-27,0,27,44,0,41,45,0,48,23622,109,0,48,566,0,0,0,0,0,False,False,False
2015-02-28,0,27,44,0,41,45,0,48,23646,109,0,48,566,0,0,0,0,0,False,False,False
2015-03-01,0,26,44,0,41,45,0,48,23671,109,0,48,566,0,0,0,0,0,False,False,False
2015-03-02,0,26,44,0,41,45,0,48,23694,109,0,48,566,0,0,0,0,0,False,False,False
2015-03-03,0,26,44,0,41,45,0,48,23718,109,0,48,566,0,0,0,0,0,False,False,False
2015-03-04,0,26,44,0,41,45,0,48,23743,109,0,48,566,0,0,0,0,0,False,False,False
2015-03-05,0,27,44,0,41,45,0,48,23767,109,0,48,566,0,0,0,0,0,False,False,False
2015-03-06,0,26,44,0,41,45,0,48,23790,109,0,48,566,0,0,0,0,0,False,False,False
2015-03-07,0,27,44,0,41,45,0,48,23815,109,0,48,566,0,0,0,0,0,False,False,False
2015-03-08,0,27,44,0,41,45,0,48,23839,109,0,48,566,0,0,0,0,0,False,False,False
2015-03-09,0,26,44,0,41,45,0,48,23862,109,0,48,566,0,0,0,0,0,False,False,False
2015-03-10,0,26,44,0,41,45,0,48,23885,109,0,48,566,0,0,0,0,0,False,False,False
2015-03-11,0,27,44,0,41,45,0,48,23909,109,0,48,566,0,0,0,0,0,False,False,False
2015-03-12,0,27,44,0,41,45,0,48,23934,109,0,48,566,0,0,0,0,0,False,False,False
2015-03-13,0,27,44,0,41,45,0,48,23957,109,0,48,566,0,0,0,0,0,False,False,False
2015-03-14,0,27,44,0,41,45,0,48,23981,109,0,48,566,0,0,0,0,0,False,False,False
2015-03-15,0,28,44,0,41,45,0,48,24006,109,0,48,566,0,0,0,0,0,False,False,False
2015-03-16,0,26,44,0,41,45,0,48,24029,109,0,48,566,0,0,0,0,0,False,False,False
2015-03-17,0,27,44,0,41,45,0,48,24053,109,0,48,566,0,0,0,0,0,False,False,False
2015-03-18,0,27,44,0,41,45,0,48,24078,109,0,48,566,0,0,0,0,0,False,False,False
2015-03-19,0,28,44,0,41,45,0,48,24102,109,0,48,566,0,0,0,0,0,False,False,False
2015-03-20,0,27,44,0,41,45,0,48,24125,109,0,48,566,0,0,0,0,0,False,False,False
2015-03-21,0,27,44,0,41,45,0,48,24149,109,0,48,566,0,0,0,0,0,False,False,False
2015-03-22,0,28,44,0,41,45,0,48,24174,109,0,48,566,0,0,0,0,0,False,False,False
2015-03-23,0,27,44,0,41,45,0,48,24197,109,0,48,566,0,0,0,0,0,False,False,False
2015-03-24,0,27,44,0,41,45,0,48,24221,109,0,48,566,0,0,0,0,0,False,False,False
2015-03-25,0,27,44,0,41,45,0,48,24246,109,0,48,566,0,0,0,0,0,False,False,False
2015-03-26,0,28,44,0,41,45,0,48,24269,109,0,48,566,0,0,0,0,0,False,False,False
2015-03-27,0,28,44,0,41,45,0,48,24293,109,0,48,566,0,0,0,0,0,False,False,False
2015-03-28,0,28,44,0,41,45,0,48,24318,109,0,48,566,0,0,0,0,0,False,False,False
2015-03-29,0,27,44,0,41,45,0,48,24342,109,0,48,566,0,0,0,0,0,False,False,False
2015-03-30,0,27,44,0,41,45,0,48,24365,109,0,48,566,0,0,0,0,0,False,False,False
2015-03-31,0,28,44,0,41,45,0,48,24390,109,0,48,566,0,0,0,0,0,False,False,False
2015-04-01,0,27,44,0,42,46,0,49,24414,109,0,49,566,0,0,0,0,0,False,False,False
2015-04-02,0,27,44,0,42,46,0,49,24437,109,0,49,566,0,0,0,0,0,False,False,False
2015-04-03,0,28,41,0,42,46,0,49,24461,109,0,49,566,0,0,0,0,0,False,False,False
2015-04-04,0,27,41,0,42,46,0,49,24486,109,0,49,566,0,0,0,0,0,False,False,False
2015-04-05,0,28,41,0,42,46,0,49,24510,109,0,49,566,0,0,0,0,0,False,False,False
2015-04-06,0,27,41,0,42,46,0,49,24533,109,0,49,566,0,0,0,0,0,False,False,False
2015-04-07,0,27,41,0,42,46,0,49,24557,109,0,49,566,0,0,0,0,0,False,False,False
2015-04-08,0,27,41,0,42,46,0,49,24582,109,0,49,566,0,0,0,0,0,False,False,False
2015-04-09,0,29,41,0,42,46,0,49,24605,109,0,49,566,0,0,0,0,0,False,False,False
2015-04-10,0,29,41,0,42,46,0,49,24629,109,0,49,566,0,0,0,0,0,False,False,False
2015-04-11,0,28,41,0,42,46,0,49,24654,109,0,49,566,0,0,0,0,0,False,False,False
2015-04-12,0,27,41,0,42,46,0,49,24677,109,0,49,566,0,0,0,0,0,False,False,False
2015-04-13,0,28,41,0,42,46,0,49,24701,109,0,49,566,0,0,0,0,0,False,False,False
2015-04-14,0,28,41,0,42,46,0,49,24726,109,0,49,566,0,0,0,0,0,False,False,False
2015-04-15,0,28,41,0,42,46,0,49,24750,109,0,49,566,0,0,0,0,0,False,False,False
2015-04-16,0,28,41,0,42,46,0,49,24773,109,0,49,566,0,0,0,0,0,False,False,False
2015-04-17,0,28,41,0,42,46,0,49,24798,109,0,49,566,0,0,0,0,0,False,False,False
2015-04-18,0,26,41,0,42,46,0,49,24822,109,0,49,566,0,0,0,0,0,False,False,False
2015-04-19,0,27,41,0,42,46,0,49,24845,109,0,49,566,0,0,0,0,0,False,False,False
2015-04-20,0,29,41,0,42,46,0,49,24869,109,0,49,566,0,0,0,0,0,False,False,False
2015-04-21,0,28,41,0,42,46,0,49,24894,109,0,49,566,0,0,0,0,0,False,False,False
2015-04-22,0,29,41,0,42,46,0,49,24917,109,0,49,566,0,0,0,0,0,False,False,False
2015-04-23,0,28,41,0,42,46,0,49,24941,109,0,49,566,0,0,0,0,0,False,False,False
2015-04-24,0,29,41,0,42,46,0,49,24966,109,0,49,566,0,0,0,0,0,False,False,False
2015-04-25,0,28,41,0,42,46,0,49,24990,109,0,49,566,0,0,0,0,0,False,False,False
2015-04-26,0,28,41,0,42,46,0,49,25013,109,0,49,566,0,0,0,0,0,False,False,False
2015-04-27,0,27,41,0,42,46,0,49,25038,109,0,49,566,0,0,0,0,0,False,False,False
2015-04-28,0,28,41,0,42,46,0,49,25062,109,0,49,566,0,0,0,0,0,False,False,False
2015-04-29,0,28,41,0,42,46,0,49,25085,109,0,49,566,0,0,0,0,0,False,False,False
2015-04-30,0,29,41,0,42,46,0,49,25109,109,0,49,566,0,0,0,0,0,False,False,False
2015-05-01,0,29,41,0,42,46,0,49,25134,109,0,49,566,0,0,0,0,0,False,False,False
2015-05-02,0,26,41,0,42,46,0,49,25157,109,0,49,566,0,0,0,0,0,False,False,False
2015-05-03,0,27,41,0,42,46,0,49,25181,109,0,49,566,0,0,0,0,0,False,False,False
2015-05-04,0,27,41,0,42,46,0,49,25206,109,0,49,566,0,0,0,0,0,False,False,False
2015-05-05,0,27,41,0,42,46,0,49,25230,109,0,49,566,0,0,0,0,0,False,False,False
2015-05-06,0,27,41,0,42,46,0,49,25253,109,0,49,566,0,0,0,0,0,False,False,False
2015-05-07,0,26,41,0,42,46,0,49,25278,109,0,49,566,0,0,0,0,0,False,False,False
2015-05-08,0,28,41,0,42,46,0,49,25302,109,0,49,566,0,0,0,0,0,False,False,False
2015-05-09,0,27,41,0,42,46,0,49,25325,109,0,49,566,0,0,0,0,0,False,False,False
2015-05-10,0,28,41,0,42,46,0,49,25349,109,0,49,566,0,0,0,0,0,False,False,False
2015-05-11,0,28,41,0,42,46,0,49,25374,109,0,49,566,0,0,0,0,0,False,False,False
2015-05-12,0,29,41,0,42,46,0,49,25397,109,0,49,566,0,0,0,0,0,False,False,False
2015-05-13,0,29,41,0,42,46,0,49,25421,109,0,49,566,0,0,0,0,0,False,False,False
2015-05-14,0,28,41,0,42,46,0,49,25446,109,0,49,566,0,0,0,0,0,False,False,False
2015-05-15,0,28,41,0,42,46,0,49,25470,109,0,49,566,0,0,0,0,0,False,False,False
2015-05-16,0,28,41,0,42,46,0,49,25493,109,0,49,566,0,0,0,0,0,False,False,False
2015-05-17,0,28,41,0,42,46,0,49,25518,109,0,49,566,0,0,0,0,0,False,False,False
2015-05-18,0,29,41,0,42,46,0,49,25542,109,0,49,566,0,0,0,0,0,False,False,False
2015-05-19,0,28,41,0,42,46,0,49,25565,109,0,49,566,0,0,0,0,0,False,False,False
2015-05-20,0,27,41,0,42,46,0,49,25589,109,0,49,566,0,0,0,0,0,False,False,False
2015-05-21,0,27,41,0,42,46,0,49,25614,109,0,49,566,0,0,0,0,0,False,False,False
2015-05-22,0,27,41,0,42,46,0,49,25637,109,0,49,566,0,0,0,0,0,False,False,False
2015-05-23,0,30,41,0,42,46,0,49,25661,109,0,49,566,0,0,0,0,0,False,False,False
2015-05-24,0,28,41,0,42,46,0,49,25686,109,0,49,566,0,0,0,0,0,False,False,False
2015-05-25,0,28,41,0,42,46,0,49,25710,109,0,49,566,0,0,0,0,0,False,False,False
2015-05-26,0,28,41,0,42,46,0,49,25733,109,0,49,566,0,0,0,0,0,False,False,False
2015-05-27,0,27,41,0,42,46,0,49,25758,109,0,49,566,0,0,0,0,0,False,False,False
2015-05-28,0,27,41,0,42,46,0,49,25782,109,0,49,566,0,0,0,0,0,False,False,False
2015-05-29,0,27,41,0,42,46,0,49,25805,109,0,49,566,0,0,0,0,0,False,False,False
2015-05-30,0,27,41,0,42,46,0,49,25829,109,0,49,566,0,0,0,0,0,False,False,False
2015-05-31,0,28,41,0,42,46,0,49,25854,109,0,49,566,0,0,0,0,0,False,False,False
2015-06-01,0,27,41,0,42,46,0,49,25877,109,0,49,566,0,0,0,0,0,False,False,False
2015-06-02,0,27,41,0,42,46,0,49,25901,109,0,49,566,0,0,0,0,0,False,False,False
2015-06-03,0,28,41,0,42,46,0,49,25926,109,0,49,566,0,0,0,0,0,False,False,False
2015-06-04,0,28,41,0,42,46,0,49,25949,109,0,49,566,0,0,0,0,0,False,False,False
2015-06-05,0,28,41,0,42,46,0,49,25973,109,0,49,566,0,0,0,0,0,False,False,False
2015-06-06,0,27,41,0,42,46,0,49,25998,109,0,49,566,0,0,0,0,0,False,False,False
2015-06-07,0,27,41,0,42,46,0,49,26022,109,0,49,566,0,0,0,0,0,False,False,False
2015-06-08,0,27,41,0,42,46,0,49,26045,109,0,49,566,0,0,0,0,0,False,False,False
2015-06-09,0,27,41,0,42,46,0,49,26070,109,0,49,566,0,0,0,0,0,False,False,False
2015-06-10,0,26,41,0,42,46,0,49,26094,109,0,49,566,0,0,0,0,0,False,False,False
2015-06-11,0,26,41,0,42,46,0,49,26117,109,0,49,566,0,0,0,0,0,False,False,False
2015-06-12,0,27,41,0,42,46,0,49,26141,109,0,49,566,0,0,0,0,0,False,False,False
2015-06-13,0,26,41,0,42,46,0,49,26166,109,0,49,566,0,0,0,0,0,False,False,False
2015-06-14,0,27,41,0,42,46,0,49,26189,109,0,49,566,0,0,0,0,0,False,False,False
2015-06-15,0,27,41,0,42,46,0,49,26213,109,0,49,566,0,0,0,0,0,False,False,False
2015-06-16,0,27,41,0,42,46,0,49,26238,109,0,49,566,0,0,0,0,0,False,False,False
2015-06-17,0,26,41,0,42,46,0,49,26262,109,0,49,566,0,0,0,0,0,False,False,False
2015-06-18,0,27,41,0,42,46,0,49,26285,109,0,49,566,0,0,0,0,0,False,False,False
2015-06-19,0,27,41,0,42,46,0,49,26310,109,0,49,566,0,0,0,0,0,False,False,False
2015-06-20,0,27,41,0,42,46,0,49,26334,109,0,49,566,0,0,0,0,0,False,False,False
2015-06-21,0,28,41,0,42,46,0,49,26357,109,0,49,566,0,0,0,0,0,False,False,False
2015-06-22,0,27,41,0,42,46,0,49,26382,109,0,49,566,0,0,0,0,0,False,False,False
2015-06-23,0,28,41,0,42,46,0,49,26406,109,0,49,566,0,0,0,0,0,False,False,False
2015-06-24,0,27,41,0,42,46,0,49,26429,109,0,49,566,0,0,0,0,0,False,False,False
2015-06-25,0,26,41,0,42,46,0,49,26453,109,0,49,566,0,0,0,0,0,False,False,False
2015-06-26,0,26,41,0,42,46,0,49,26478,109,0,49,566,0,0,0,0,0,False,False,False
2015-06-27,0,27,41,0,42,46,0,49,26502,109,0,49,566,0,0,0,0,0,False,False,False
2015-06-28,0,27,41,0,42,46,0,49,26525,109,0,49,566,0,0,0,0,0,False,False,False
2015-06-29,0,26,41,0,42,46,0,49,26550,109,0,49,566,0,0,0,0,0,False,False,False
2015-06-30,0,27,41,0,42,46,0,49,26574,109,0,49,566,0,0,0,0,0,False,False,False
2015-07-01,0,26,41,0,42,46,0,49,26597,109,0,49,566,0,0,0,0,0,False,False,False
2015-07-02,0,26,41,0,42,46,0,49,26622,109,0,49,566,0,0,0,0,0,False,False,False
2015-07-03,0,27,41,0,42,46,0,49,26646,109,0,49,566,0,0,0,0,0,False,False,False
2015-07-04,0,26,41,0,42,46,0,49,26669,109,0,49,566,0,0,0,0,0,False,False,False
2015-07-05,0,27,41,0,42,46,0,49,26693,109,0,49,566,0,0,0,0,0,False,False,False
2015-07-06,0,26,41,0,42,46,0,49,26718,109,0,49,566,0,0,0,0,0,False,False,False
2015-07-07,0,26,41,0,42,46,0,49,26741,109,0,49,566,0,0,0,0,0,False,False,False
2015-07-08,0,26,41,0,42,46,0,49,26765,109,0,49,566,0,0,0,0,0,False,False,False
2015-07-09,0,28,41,0,42,46,0,49,26790,109,0,49,566,0,0,0,0,0,False,False,False
2015-07-10,0,29,41,0,42,46,0,49,26814,109,0,49,566,0,0,0,0,0,False,False,False
2015-07-11,0,29,41,0,42,46,0,49,26837,109,0,49,566,0,0,0,0,0,False,False,False
2015-07-12,0,29,41,0,42,46,0,49,26861,109,0,49,566,0,0,0,0,0,False,False,False
2015-07-13,0,28,41,0,42,46,0,49,26886,109,0,49,566,0,0,0,0,0,False,False,False
2015-07-14,0,28,41,0,42,46,0,49,26909,109,0,49,566,0,0,0,0,0,False,False,False
2015-07-15,0,28,41,0,42,46,0,49,26933,109,0,49,566,0,0,0,0,0,False,False,False
2015-07-16,0,25,41,0,42,46,0,49,26958,109,0,49,566,0,0,0,0,0,False,False,False
2015-07-17,0,26,41,0,42,46,0,49,26981,109,0,49,566,0,0,0,0,0,False,False,False
2015-07-18,0,26,41,0,42,46,0,49,27005,109,0,49,566,0,0,0,0,0,False,False,False
2015-07-19,0,26,41,0,42,46,0,49,27030,109,0,49,566,0,0,0,0,0,False,False,False
2015-07-20,0,25,41,0,42,46,0,49,27054,109,0,49,566,0,0,0,0,0,False,False,False
2015-07-21,0,26,41,0,42,46,0,49,27077,109,0,49,566,0,0,0,0,0,False,False,False
2015-07-22,0,26,41,0,42,46,0,49,27102,109,0,49,566,0,0,0,0,0,False,False,False
2015-07-23,0,26,41,0,42,46,0,49,27125,109,0,49,566,0,0,0,0,0,False,False,False
2015-07-24,0,26,41,0,42,46,0,49,27149,109,0,49,566,0,0,0,0,0,False,False,False
2015-07-25,0,25,41,0,42,46,0,49,27174,109,0,49,566,0,0,0,0,0,False,False,False
2015-07-26,0,25,41,0,42,46,0,49,27197,109,0,49,566,0,0,0,0,0,False,False,False
2015-07-27,0,24,41,0,42,46,0,49,27221,109,0,49,566,0,0,0,0,0,False,False,False
2015-07-28,0,25,41,0,42,46,0,49,27246,109,0,49,566,0,0,0,0,0,False,False,False
2015-07-29,0,25,41,0,42,46,0,49,27270,109,0,49,566,0,0,0,0,0,False,False,False
2015-07-30,0,25,41,0,42,46,0,49,27293,109,0,49,566,0,0,0,0,0,False,False,False
2015-07-31,0,25,41,0,42,46,0,49,27318,109,0,49,566,0,0,0,0,0,False,False,False
2015-08-01,0,24,41,0,42,46,0,49,27342,109,0,49,566,0,0,0,0,0,False,False,False
2015-08-02,0,25,41,0,42,46,0,49,27365,109,0,49,566,0,0,0,0,0,False,False,False
2015-08-03,0,25,41,0,42,46,0,49,27390,109,0,49,566,0,0,0,0,0,False,False,False
2015-08-04,0,25,41,0,42,46,0,49,27414,109,0,49,566,0,0,0,0,0,False,False,False
2015-08-05,0,25,41,0,42,46,0,49,27437,109,0,49,566,0,0,0,0,0,False,False,False
2015-08-06,0,25,41,0,42,46,0,49,27461,109,0,49,566,0,0,0,0,0,False,False,False
2015-08-07,0,25,41,0,42,46,0,49,27486,109,0,49,566,0,0,0,0,0,False,False,False
2015-08-08,0,24,41,0,42,46,0,49,27510,109,0,49,566,0,0,0,0,0,False,False,False
2015-08-09,0,25,41,0,42,46,0,49,27533,109,0,49,566,0,0,0,0,0,False,False,False
2015-08-10,0,25,41,0,42,46,0,49,27558,109,0,49,566,0,0,0,0,0,False,False,False
2015-08-11,0,25,41,0,42,46,0,49,27581,109,0,49,566,0,0,0,0,0,False,False,False
2015-08-12,0,25,41,0,42,46,0,49,27606,109,0,49,566,0,0,0,0,0,False,False,False
2015-08-13,0,25,41,0,42,46,0,49,27630,109,0,49,566,0,0,0,0,0,False,False,False
2015-08-14,0,25,41,0,42,46,0,49,27654,109,0,49,566,0,0,0,0,0,False,False,False
2015-08-15,0,25,41,0,42,46,0,49,27677,109,0,49,566,0,0,0,0,0,False,False,False
2015-08-16,0,25,41,0,42,46,0,49,27702,109,0,49,566,0,0,0,0,0,False,False,False
2015-08-17,0,25,41,0,42,46,0,49,27726,109,0,49,566,0,0,0,0,0,False,False,False
2015-08-18,0,25,41,0,42,46,0,49,27749,109,0,49,566,0,0,0,0,0,False,False,False
2015-08-19,0,25,41,0,42,46,0,49,27774,109,0,49,566,0,0,0,0,0,False,False,False
2015-08-20,0,25,41,0,42,46,0,49,27798,109,0,49,566,0,0,0,0,0,False,False,False
2015-08-21,0,25,41,0,42,46,0,49,27822,109,0,49,566,0,0,0,0,0,False,False,False
2015-08-22,0,25,41,0,42,46,0,49,27845,109,0,49,566,0,0,0,0,0,False,False,False
2015-08-23,0,24,41,0,42,46,0,49,27870,109,0,49,566,0,0,0,0,0,False,False,False
2015-08-24,0,25,41,0,42,46,0,49,27894,109,0,49,566,0,0,0,0,0,False,False,False
2015-08-25,0,25,41,0,42,46,0,49,27917,109,0,49,566,0,0,0,0,0,False,False,False
2015-08-26,0,24,41,0,42,46,0,49,27942,109,0,49,566,0,0,0,0,0,False,False,False
2015-08-27,0,24,41,0,42,46,0,49,27966,109,0,49,566,0,0,0,0,0,False,False,False
2015-08-28,0,24,41,0,42,46,0,49,27989,109,0,49,566,0,0,0,0,0,False,False,False
2015-08-29,0,25,41,0,42,46,0,49,28013,109,0,49,566,0,0,0,0,0,False,False,False
2015-08-30,0,25,41,0,42,46,0,49,28038,109,0,49,566,0,0,0,0,0,False,False,False
2015-08-31,0,24,41,0,42,46,0,49,28062,109,0,49,566,0,0,0,0,0,False,False,False
2015-09-01,0,25,41,0,42,46,0,49,28085,109,0,49,566,0,0,0,0,0,False,False,False
2015-09-02,0,24,41,0,42,46,0,49,28110,109,0,49,566,0,0,0,0,0,False,False,False
2015-09-03,0,25,41,0,42,46,0,49,28134,109,0,49,566,0,0,0,0,0,False,False,False
2015-09-04,0,24,41,0,42,46,0,49,28157,109,0,49,566,0,0,0,0,0,False,False,False
2015-09-05,0,24,41,0,42,46,0,49,28182,109,0,49,566,0,0,0,0,0,False,False,False
2015-09-06,0,24,41,0,42,46,0,49,28206,109,0,49,566,0,0,0,0,0,False,False,False
2015-09-07,0,24,41,0,42,46,0,49,28229,109,0,49,566,0,0,0,0,0,False,False,False
2015-09-08,0,24,41,0,42,46,0,49,28253,109,0,49,566,0,0,0,0,0,False,False,False
2015-09-09,0,24,41,0,42,46,0,49,28278,109,0,49,566,0,0,0,0,0,False,False,False
2015-09-10,0,24,41,0,42,46,0,49,28302,109,0,49,566,0,0,0,0,0,False,False,False
2015-09-11,0,24,41,0,42,46,0,49,28325,109,0,49,566,0,0,0,0,0,False,False,False
2015-09-12,0,24,41,0,42,46,0,49,28350,109,0,49,566,0,0,0,0,0,False,False,False
2015-09-13,0,24,41,0,42,46,0,49,28374,109,0,49,566,0,0,0,0,0,False,False,False
2015-09-14,0,24,41,0,42,46,0,49,28397,109,0,49,566,0,0,0,0,0,False,False,False
2015-09-15,0,24,41,0,42,46,0,49,28422,109,0,49,566,0,0,0,0,0,False,False,False
2015-09-16,0,24,41,0,42,46,0,49,28446,109,0,49,566,0,0,0,0,0,False,False,False
2015-09-17,0,24,41,0,42,46,0,49,28469,109,0,49,566,0,0,0,0,0,False,False,False
2015-09-18,0,24,41,0,42,46,0,49,28493,109,0,49,566,0,0,0,0,0,False,False,False
2015-09-19,0,24,41,0,42,46,0,49,28518,109,0,49,566,0,0,0,0,0,False,False,False
2015-09-20,0,24,41,0,42,46,0,49,28542,109,0,49,566,0,0,0,0,0,False,False,False
2015-09-21,0,24,41,0,42,46,0,49,28565,109,0,49,566,0,0,0,0,0,False,False,False
2015-09-22,0,24,41,0,42,46,0,49,28590,109,0,49,566,0,0,0,0,0,False,False,False
2015-09-23,0,24,41,0,42,46,0,49,28614,109,0,49,566,0,0,0,0,0,False,False,False
2015-09-24,0,24,41,0,42,46,0,49,28637,109,0,49,566,0,0,0,0,0,False,False,False
2015-09-25,0,24,41,0,43,47,0,50,28661,109,0,50,566,0,0,0,0,0,False,False,False
2015-09-26,0,24,42,0,43,47,0,50,28686,108,0,50,566,0,0,0,0,0,False,False,False
2015-09-27,0,24,42,0,43,47,0,50,28710,108,0,50,566,0,0,0,0,0,False,False,False
2015-09-28,0,24,42,0,43,47,0,50,28733,108,0,50,566,0,0,0,0,0,False,False,False
2015-09-29,0,24,42,0,43,47,0,50,28758,108,0,50,566,0,0,0,0,0,False,False,False
2015-09-30,0,24,42,0,43,47,0,50,28782,108,0,50,566,0,0,0,0,0,False,False,False
2015-10-01,0,24,42,0,43,47,0,50,28805,108,0,50,566,0,0,0,0,0,False,False,False
2015-10-02,0,24,42,0,43,47,0,50,28830,108,0,50,566,0,0,0,0,0,False,False,False
2015-10-03,0,24,42,0,43,47,0,50,28854,108,0,50,566,0,0,0,0,0,False,False,False
2015-10-04,0,24,42,0,43,47,0,50,28877,108,0,50,566,0,0,0,0,0,False,False,False
2015-10-05,0,24,42,0,43,47,0,50,28901,108,0,50,566,0,0,0,0,0,False,False,False
2015-10-06,0,25,42,0,43,47,0,50,28926,108,0,50,566,0,0,0,0,0,False,False,False
2015-10-07,0,25,42,0,43,47,0,50,28950,108,0,50,566,0,0,0,0,0,False,False,False
2015-10-08,0,24,42,0,43,47,0,50,28973,108,0,50,566,0,0,0,0,0,False,False,False
2015-10-09,0,24,42,0,43,47,0,50,28998,108,0,50,566,0,0,0,0,0,False,False,False
2015-10-10,0,24,42,0,43,47,0,50,29022,108,0,50,566,0,0,0,0,0,False,False,False
2015-10-11,0,24,42,0,43,47,0,50,29045,108,0,50,566,0,0,0,0,0,False,False,False
2015-10-12,0,24,42,0,43,47,0,50,29070,108,0,50,566,0,0,0,0,0,False,False,False
2015-10-13,0,24,42,0,43,47,0,50,29094,108,0,50,566,0,0,0,0,0,False,False,False
2015-10-14,0,24,42,0,43,47,0,50,29117,108,0,50,566,0,0,0,0,0,False,False,False
2015-10-15,0,24,42,0,43,47,0,50,29141,108,0,50,566,0,0,0,0,0,False,False,False
2015-10-16,0,24,42,0,43,47,0,50,29166,108,0,50,566,0,0,0,0,0,False,False,False
2015-10-17,0,24,42,0,43,47,0,50,29190,108,0,50,566,0,0,0,0,0,False,False,False
2015-10-18,0,24,42,0,43,47,0,50,29213,108,0,50,566,0,0,0,0,0,False,False,False
2015-10-19,0,24,42,0,43,47,0,50,29238,108,0,50,566,0,0,0,0,0,False,False,False
2015-10-20,0,24,42,0,43,47,0,50,29262,108,0,50,566,0,0,0,0,0,False,False,False
2015-10-21,0,24,42,0,43,47,0,50,29285,108,0,50,566,0,0,0,0,0,False,False,False
2015-10-22,0,24,42,0,43,47,0,50,29309,108,0,50,566,0,0,0,0,0,False,False,False
2015-10-23,0,24,42,0,43,47,0,50,29334,108,0,50,566,0,0,0,0,0,False,False,False
2015-10-24,0,24,42,0,43,47,0,50,29358,108,0,50,566,0,0,0,0,0,False,False,False
2015-10-25,0,24,42,0,43,47,0,50,29381,108,0,50,566,0,0,0,0,0,False,False,False
2015-10-26,0,24,42,0,43,47,0,50,29405,108,0,50,566,0,0,0,0,0,False,False,False
2015-10-27,0,24,42,0,43,47,0,50,29430,108,0,50,566,0,0,0,0,0,False,False,False
2015-10-29,0,24,42,0,43,47,0,50,29477,108,0,50,566,0,0,0,0,0,False,False,False
2015-10-30,0,26,42,0,43,47,0,50,29502,108,0,50,566,0,0,0,0,0,False,False,False
2015-10-31,0,24,42,0,43,47,0,50,29526,108,0,50,566,0,0,0,0,0,False,False,False
2015-11-02,0,24,42,0,43,47,0,50,29575,108,0,50,566,0,0,0,0,0,False,False,False
2015-11-03,0,24,42,0,43,47,0,50,29598,108,0,50,566,0,0,0,0,0,False,False,False
2015-11-04,0,25,42,0,43,47,0,50,29622,108,0,50,566,0,0,0,0,0,False,False,False
2015-11-05,0,26,42,0,43,47,0,50,29647,108,0,50,566,0,0,0,0,0,False,False,False
2015-11-06,0,26,42,0,43,47,0,50,29671,108,0,50,566,0,0,0,0,0,False,False,False
2015-11-07,0,28,42,0,43,47,0,50,29694,108,0,50,566,0,0,0,0,0,False,False,False
2015-11-08,0,25,42,0,43,47,0,50,29719,108,0,50,566,0,0,0,0,0,False,False,False
2015-11-09,0,25,42,0,43,47,0,50,29743,108,0,50,566,0,0,0,0,0,False,False,False
2015-11-10,0,25,42,0,43,47,0,50,29766,108,0,50,566,0,0,0,0,0,False,False,False
2015-11-11,0,24,42,0,43,47,0,50,29791,108,0,50,566,0,0,0,0,0,False,False,False
2015-11-12,0,24,42,0,43,47,0,50,29815,108,0,50,566,0,0,0,0,0,False,False,False
2015-11-13,0,25,42,0,43,47,0,50,29838,108,0,50,566,0,0,0,0,0,False,False,False
2015-11-14,0,25,42,0,43,47,0,50,29863,108,0,50,566,0,0,0,0,0,False,False,False
2015-11-15,0,25,42,0,43,47,0,50,29887,108,0,50,566,0,0,0,0,0,False,False,False
2015-11-16,0,24,42,0,43,47,0,50,29911,108,0,50,566,0,0,0,0,0,False,False,False
2015-11-17,0,27,42,0,43,47,0,50,29934,108,0,50,566,0,0,0,0,0,False,False,False
2015-11-18,0,27,42,0,43,47,0,50,29959,108,0,50,566,0,0,0,0,0,False,False,False
2015-11-19,0,28,42,0,43,47,0,50,29983,108,0,50,566,0,0,0,0,0,False,False,False
2015-11-20,0,28,42,0,43,47,0,50,30006,108,0,50,566,0,0,0,0,0,False,False,False
2015-11-21,0,28,42,0,43,47,0,50,30031,108,0,50,566,0,0,0,0,0,False,False,False
2015-11-22,0,27,42,0,43,47,0,50,30055,108,0,50,566,0,0,0,0,0,False,False,False
2015-11-23,0,25,42,0,43,47,0,50,30078,108,0,50,566,0,0,0,0,0,False,False,False
2015-11-24,0,28,42,0,43,47,0,50,30103,108,0,50,566,0,0,0,0,0,False,False,False
2015-11-25,0,27,42,0,43,47,0,50,30127,108,0,50,566,0,0,0,0,0,False,False,False
2015-11-26,0,27,42,0,43,47,0,50,30150,108,0,50,566,0,0,0,0,0,False,False,False
2015-11-27,0,27,42,0,43,47,0,50,30174,108,0,50,566,0,0,0,0,0,False,False,False
2015-11-28,0,27,42,0,43,47,0,50,30199,108,0,50,566,0,0,0,0,0,False,False,False
2015-11-29,0,27,42,0,43,47,0,50,30223,108,0,50,566,0,0,0,0,0,False,False,False
2015-11-30,0,27,42,0,43,47,0,50,30246,108,0,50,566,0,0,0,0,0,False,False,False
2015-12-01,0,26,42,0,43,47,0,50,30271,108,0,50,566,0,0,0,0,0,False,False,False
2015-12-02,0,26,42,0,43,47,0,50,30295,108,0,50,566,0,0,0,0,0,False,False,False
2015-12-03,0,26,42,0,43,47,0,50,30318,108,0,50,566,0,0,0,0,0,False,False,False
2015-12-04,0,26,42,0,43,47,0,50,30343,108,0,50,566,0,0,0,0,0,False,False,False
2015-12-05,0,26,42,0,43,47,0,50,30367,108,0,50,566,0,0,0,0,0,False,False,False
2015-12-06,0,26,42,0,43,47,0,50,30390,108,0,50,566,0,0,0,0,0,False,False,False
2015-12-07,0,26,42,0,43,47,0,50,30414,108,0,50,566,0,0,0,0,0,False,False,False
2015-12-08,0,25,42,0,43,47,0,50,30439,108,0,50,566,0,0,0,0,0,False,False,False
2015-12-09,0,27,42,0,43,47,0,50,30463,108,0,50,566,0,0,0,0,0,False,False,False
2015-12-10,0,28,42,0,43,47,0,50,30487,108,0,50,566,0,0,0,0,0,False,False,False
2015-12-11,0,26,42,0,43,47,0,50,30511,108,0,50,566,0,0,0,0,0,False,False,False
2015-12-12,0,26,42,0,43,47,0,50,30535,108,0,50,566,0,0,0,0,0,False,False,False
2015-12-13,0,26,42,0,43,47,0,50,30558,108,0,50,566,0,0,0,0,0,False,False,False
2015-12-14,0,25,42,0,43,47,0,50,30583,108,0,50,566,0,0,0,0,0,False,False,False
2015-12-15,0,26,42,0,43,47,0,50,30607,108,0,50,566,0,0,0,0,0,False,False,False
2015-12-16,0,25,42,0,43,47,0,50,30630,108,0,50,566,0,0,0,0,0,False,False,False
2015-12-17,0,25,42,0,43,47,0,50,30654,108,0,50,566,0,0,0,0,0,False,False,False
2015-12-18,0,25,42,0,43,47,0,50,30679,108,0,50,566,0,0,0,0,0,False,False,False
2015-12-19,0,25,42,0,43,47,0,50,30703,108,0,50,566,0,0,0,0,0,False,False,False
2015-12-20,0,25,42,0,43,47,0,50,30726,108,0,50,566,0,0,0,0,0,False,False,False
2015-12-21,0,26,42,0,43,47,0,50,30751,108,0,50,566,0,0,0,0,0,False,False,False
2015-12-22,0,26,42,0,43,47,0,50,30775,108,0,50,566,0,0,0,0,0,False,False,False
2015-12-23,0,26,42,0,43,47,0,50,30798,108,0,50,566,0,0,0,0,0,False,False,False
2015-12-24,0,25,42,0,43,47,0,50,30823,108,0,50,566,0,0,0,0,0,False,False,False
2015-12-25,0,25,42,0,43,47,0,50,30847,108,0,50,566,0,0,0,0,0,False,False,False
2015-12-26,0,25,42,0,43,47,0,50,30870,108,0,50,566,0,0,0,0,0,False,False,False
2015-12-27,0,25,42,0,43,47,0,50,30895,108,0,50,566,0,0,0,0,0,False,False,False
2015-12-28,0,25,42,0,43,47,0,50,30919,108,0,50,566,0,0,0,0,0,False,False,False
2015-12-29,0,25,42,0,43,47,0,50,30942,108,0,50,566,0,0,0,0,0,False,False,False
2015-12-30,0,25,42,0,43,47,0,50,30967,108,0,50,566,0,0,0,0,0,False,False,False
2015-12-31,0,25,42,0,43,47,0,50,30991,108,0,50,566,0,0,0,0,0,False,False,False
2016-01-01,0,25,42,0,43,47,0,50,31015,108,0,50,566,0,0,0,0,0,False,False,False
2016-01-02,0,25,42,0,43,47,0,50,31038,108,0,50,566,0,0,0,0,0,False,False,False
2016-01-03,0,26,42,0,43,47,0,50,31063,108,0,50,566,0,0,0,0,0,False,False,False
2016-01-04,0,25,42,0,43,47,0,50,31087,108,0,50,566,0,0,0,0,0,False,False,False
2016-01-05,0,26,42,0,43,47,0,50,31110,108,0,50,566,0,0,0,0,0,False,False,False
2016-01-06,0,26,42,0,43,47,0,50,31135,108,0,50,566,0,0,0,0,0,False,False,False
2016-01-07,0,26,42,0,43,47,0,50,31159,108,0,50,566,0,0,0,0,0,False,False,False
2016-01-08,0,25,42,0,43,47,0,50,31182,108,0,50,566,0,0,0,0,0,False,False,False
2016-01-09,0,26,42,0,43,47,0,50,31207,108,0,50,566,0,0,0,0,0,False,False,False
2016-01-10,0,26,42,0,43,47,0,50,31231,108,0,50,566,0,0,0,0,0,False,False,False
2016-01-11,0,25,42,0,43,47,0,50,31255,108,0,50,566,0,0,0,0,0,False,False,False
2016-01-12,0,25,42,0,43,47,0,50,31279,108,0,50,566,0,0,0,0,0,False,False,False
2016-01-13,0,26,42,0,43,47,0,50,31303,108,0,50,566,0,0,0,0,0,False,False,False
2016-01-14,0,26,42,0,43,47,0,50,31327,108,0,50,566,0,0,0,0,0,False,False,False
2016-01-15,0,26,42,0,43,47,0,50,31350,108,0,50,566,0,0,0,0,0,False,False,False
2016-01-16,0,26,42,0,43,47,0,50,31375,108,0,50,566,0,0,0,0,0,False,False,False
2016-01-17,0,27,42,0,43,47,0,50,31399,108,0,50,566,0,0,0,0,0,False,False,False
2016-01-18,0,27,42,0,43,47,0,50,31422,108,0,50,566,0,0,0,0,0,False,False,False
2016-01-19,0,26,42,0,43,47,0,50,31447,108,0,50,566,0,0,0,0,0,False,False,False
2016-01-20,0,27,42,0,43,47,0,50,31471,108,0,50,566,0,0,0,0,0,False,False,False
2016-01-21,0,27,42,0,43,47,0,50,31495,108,0,50,566,0,0,0,0,0,False,False,False
2016-01-22,0,27,42,0,43,47,0,50,31518,108,0,50,566,0,0,0,0,0,False,False,False
2016-01-23,0,27,42,0,43,47,0,50,31543,108,0,50,566,0,0,0,0,0,False,False,False
2016-01-24,0,27,42,0,43,47,0,50,31567,108,0,50,566,0,0,0,0,0,False,False,False
2016-01-25,0,27,42,0,43,47,0,50,31590,108,0,50,566,0,0,0,0,0,False,False,False
2016-01-26,0,26,42,0,43,47,0,50,31615,108,0,50,566,0,0,0,0,0,False,False,False
2016-01-27,0,27,42,0,43,47,0,50,31639,108,0,50,566,0,0,0,0,0,False,False,False
2016-01-28,0,26,43,0,44,48,0,51,31663,108,0,51,566,0,0,0,0,0,False,False,False
2016-01-29,0,27,43,0,44,48,0,51,31686,108,0,51,566,0,0,0,0,0,False,False,False
2016-01-30,0,27,43,0,44,48,0,51,31711,108,0,51,566,0,0,0,0,0,False,False,False
2016-01-31,0,27,43,0,44,48,0,51,31735,108,0,51,566,0,0,0,0,0,False,False,False
2016-02-01,0,26,43,0,44,48,0,51,31758,108,0,51,566,0,0,0,0,0,False,False,False
2016-02-02,0,26,43,0,44,48,0,51,31783,108,0,51,566,0,0,0,0,0,False,False,False
2016-02-03,0,26,43,0,44,48,0,51,31807,108,0,51,566,0,0,0,0,0,False,False,False
2016-02-04,0,27,43,0,44,48,0,51,31830,108,0,51,566,0,0,0,0,0,False,False,False
2016-02-05,0,27,43,0,44,48,0,51,31854,108,0,51,566,0,0,0,0,0,False,False,False
2016-02-06,0,28,43,0,44,48,0,51,31879,108,0,51,566,0,0,0,0,0,False,False,False
2016-02-07,0,27,43,0,44,48,0,51,31903,108,0,51,566,0,0,0,0,0,False,False,False
2016-02-08,0,28,43,0,44,48,0,51,31926,108,0,51,566,0,0,0,0,0,False,False,False
2016-02-09,0,28,43,0,44,48,0,51,31951,108,0,51,566,0,0,0,0,0,False,False,False
2016-02-10,0,25,43,0,44,48,0,51,31975,108,0,51,566,0,0,0,0,0,False,False,False
2016-02-11,0,28,43,0,44,48,0,51,31998,108,0,51,566,0,0,0,0,0,False,False,False
2016-02-12,0,28,43,0,44,48,0,51,32023,108,0,51,566,0,0,0,0,0,False,False,False
2016-02-13,0,28,43,0,44,48,0,51,32047,108,0,51,566,0,0,0,0,0,False,False,False
2016-02-14,0,28,43,0,44,48,0,51,32070,108,0,51,566,0,0,0,0,0,False,False,False
2016-02-15,0,26,43,0,44,48,0,51,32094,108,0,51,566,0,0,0,0,0,False,False,False
2016-02-16,0,28,43,0,44,48,0,51,32119,108,0,51,566,0,0,0,0,0,False,False,False
2016-02-17,0,28,43,0,44,48,0,51,32142,108,0,51,566,0,0,0,0,0,False,False,False
2016-02-18,0,28,43,0,44,48,0,51,32166,108,0,51,566,0,0,0,0,0,False,False,False
2016-02-19,0,28,43,0,44,48,0,51,32191,108,0,51,566,0,0,0,0,0,False,False,False
2016-02-20,0,28,43,0,44,48,0,51,32215,108,0,51,566,0,0,0,0,0,False,False,False
2016-02-21,0,27,43,0,44,48,0,51,32238,108,0,51,566,0,0,0,0,0,False,False,False
2016-02-22,0,28,43,0,44,48,0,51,32263,108,0,51,566,0,0,0,0,0,False,False,False
2016-02-23,0,28,43,0,44,48,0,51,32287,108,0,51,566,0,0,0,0,0,False,False,False
2016-02-24,0,29,43,0,44,48,0,51,32310,108,0,51,566,0,0,0,0,0,False,False,False
2016-02-25,0,28,43,0,44,48,0,51,32335,108,0,51,566,0,0,0,0,0,False,False,False
2016-02-26,0,28,43,0,44,48,0,51,32359,108,0,51,566,0,0,0,0,0,False,False,False
2016-02-27,0,27,43,0,44,48,0,51,32382,108,0,51,566,0,0,0,0,0,False,False,False
2016-02-28,0,28,43,0,44,48,0,51,32406,108,0,51,566,0,0,0,0,0,False,False,False
2016-02-29,0,27,43,0,44,48,0,51,32431,108,0,51,566,0,0,0,0,0,False,False,False
2016-03-01,0,28,43,0,44,48,0,51,32455,108,0,51,566,0,0,0,0,0,False,False,False
2016-03-02,0,26,43,0,44,48,0,51,32478,108,0,51,566,0,0,0,0,0,False,False,False
2016-03-03,0,27,43,0,44,48,0,51,32503,108,0,51,566,0,0,0,0,0,False,False,False
2016-03-04,0,27,43,0,44,48,0,51,32527,108,0,51,566,0,0,0,0,0,False,False,False
2016-03-05,0,27,43,0,44,48,0,51,32550,108,0,51,566,0,0,0,0,0,False,False,False
2016-03-06,0,27,43,0,44,48,0,51,32575,108,0,51,566,0,0,0,0,0,False,False,False
2016-03-07,0,28,43,0,44,48,0,51,32599,108,0,51,566,0,0,0,0,0,False,False,False
2016-03-08,0,27,43,0,44,48,0,51,32622,108,0,51,566,0,0,0,0,0,False,False,False
2016-03-09,0,28,43,0,44,48,0,51,32646,108,0,51,566,0,0,0,0,0,False,False,False
2016-03-10,0,28,43,0,44,48,0,51,32671,108,0,51,566,0,0,0,0,0,False,False,False
2016-03-11,0,28,43,0,44,48,0,51,32695,108,0,51,566,0,0,0,0,0,False,False,False
2016-03-12,0,28,43,0,44,48,0,51,32718,108,0,51,566,0,0,0,0,0,False,False,False
2016-03-13,0,28,43,0,44,48,0,51,32743,108,0,51,566,0,0,0,0,0,False,False,False
2016-03-14,0,28,43,0,44,48,0,51,32767,108,0,51,566,0,0,0,0,0,False,False,False
2016-03-15,0,28,43,0,44,48,0,51,32790,108,0,51,566,0,0,0,0,0,False,False,False
2016-03-16,0,28,43,0,44,48,0,51,32813,108,0,51,566,0,0,0,0,0,False,False,False
2016-03-17,0,28,43,0,44,48,0,51,32838,108,0,51,566,0,0,0,0,0,False,False,False
2016-03-18,0,28,43,0,44,48,0,51,32862,108,0,51,566,0,0,0,0,0,False,False,False
2016-03-19,0,27,43,0,44,48,0,51,32885,108,0,51,566,0,0,0,0,0,False,False,False
2016-03-20,0,26,43,0,44,48,0,51,32909,108,0,51,566,0,0,0,0,0,False,False,False
2016-03-21,0,26,43,0,44,48,0,51,32934,108,0,51,566,0,0,0,0,0,False,False,False
2016-03-22,0,28,43,0,44,48,0,51,32958,108,0,51,566,0,0,0,0,0,False,False,False
2016-03-23,0,27,43,0,44,48,0,51,32981,108,0,51,566,0,0,0,0,0,False,False,False
2016-03-24,0,27,43,0,44,48,0,51,33006,108,0,51,566,0,0,0,0,0,False,False,False
2016-03-25,0,28,43,0,44,48,0,51,33030,108,0,51,566,0,0,0,0,0,False,False,False
2016-03-26,0,27,43,0,44,48,0,51,33053,108,0,51,566,0,0,0,0,0,False,False,False
2016-03-27,0,28,43,0,44,48,0,51,33078,108,0,51,566,0,0,0,0,0,False,False,False
2016-03-28,0,27,43,0,44,48,0,51,33102,108,0,51,566,0,0,0,0,0,False,False,False
2016-03-29,0,27,43,0,44,48,0,51,33125,108,0,51,566,0,0,0,0,0,False,False,False
2016-03-30,0,27,43,0,44,48,0,51,33150,108,0,51,566,0,0,0,0,0,False,False,False
2016-03-31,0,28,43,0,44,48,0,51,33174,108,0,51,566,0,0,0,0,0,False,False,False
2016-04-01,0,27,43,0,44,48,0,51,33198,108,0,51,566,0,0,0,0,0,False,False,False
2016-04-02,0,27,43,0,44,48,0,51,33221,108,0,51,566,0,0,0,0,0,False,False,False
2016-04-03,0,28,43,0,44,48,0,51,33246,108,0,51,566,0,0,0,0,0,False,False,False
2016-04-04,0,27,43,0,44,48,0,51,33270,108,0,51,566,0,0,0,0,0,False,False,False
2016-04-05,0,27,43,0,44,48,0,51,33293,108,0,51,566,0,0,0,0,0,False,False,False
2016-04-06,0,27,43,0,44,48,0,51,33318,108,0,51,566,0,0,0,0,0,False,False,False
2016-04-07,0,26,43,0,44,48,0,51,33342,108,0,51,566,0,0,0,0,0,False,False,False
2016-04-08,0,29,43,0,44,48,0,51,33365,108,0,51,566,0,0,0,0,0,False,False,False
2016-04-09,0,29,43,0,44,48,0,51,33389,108,0,51,566,0,0,0,0,0,False,False,False
2016-04-10,0,30,43,0,44,48,0,51,33414,108,0,51,566,0,0,0,0,0,False,False,False
2016-04-11,0,29,43,0,44,48,0,51,33437,108,0,51,566,0,0,0,0,0,False,False,False
2016-04-12,0,30,43,0,44,48,0,51,33461,108,0,51,566,0,0,0,0,0,False,False,False
2016-04-13,0,28,43,0,44,48,0,51,33486,108,0,51,566,0,0,0,0,0,False,False,False
2016-04-14,0,27,43,0,44,48,0,51,33510,108,0,51,566,0,0,0,0,0,False,False,False
2016-04-15,0,27,43,0,44,48,0,51,33533,108,0,51,566,0,0,0,0,0,False,False,False
2016-04-16,0,27,43,0,44,48,0,51,33558,108,0,51,566,0,0,0,0,0,False,False,False
2016-04-17,0,27,43,0,44,48,0,51,33582,108,0,51,566,0,0,0,0,0,False,False,False
2016-04-18,0,27,43,0,44,48,0,51,33605,108,0,51,566,0,0,0,0,0,False,False,False
2016-04-19,0,25,43,0,44,48,0,51,33630,108,0,51,566,0,0,0,0,0,False,False,False
2016-04-20,0,26,43,0,44,48,0,51,33654,108,0,51,566,0,0,0,0,0,False,False,False
2016-04-21,0,26,43,0,44,48,0,51,33677,108,0,51,566,0,0,0,0,0,False,False,False
2016-04-22,0,26,43,0,44,48,0,51,33702,108,0,51,566,0,0,0,0,0,False,False,False
2016-04-23,0,27,43,0,44,48,0,51,33726,108,0,51,566,0,0,0,0,0,False,False,False
2016-04-24,0,28,43,0,44,48,0,51,33750,108,0,51,566,0,0,0,0,0,False,False,False
2016-04-25,0,27,43,0,44,48,0,51,33773,108,0,51,566,0,0,0,0,0,False,False,False
2016-04-26,0,27,43,0,44,48,0,51,33798,108,0,51,566,0,0,0,0,0,False,False,False
2016-04-27,0,27,43,0,44,48,0,51,33822,108,0,51,566,0,0,0,0,0,False,False,False
2016-04-28,0,27,43,0,44,48,0,51,33845,108,0,51,566,0,0,0,0,0,False,False,False
2016-04-29,0,27,43,0,44,48,0,51,33870,108,0,51,566,0,0,0,0,0,False,False,False
2016-04-30,0,27,43,0,44,48,0,51,33894,108,0,51,566,0,0,0,0,0,False,False,False
2016-05-01,0,25,43,0,44,48,0,51,33917,108,0,51,566,0,0,0,0,0,False,False,False
2016-05-02,0,25,43,0,44,48,0,51,33942,108,0,51,566,0,0,0,0,0,False,False,False
2016-05-03,0,24,43,0,44,48,0,51,33966,108,0,51,566,0,0,0,0,0,False,False,False
2016-05-04,0,31,43,0,45,49,0,52,33990,109,0,52,566,0,0,0,0,0,False,False,False
2016-05-05,0,28,43,0,45,49,0,52,34013,109,0,52,566,0,0,0,0,0,False,False,False
2016-05-06,0,29,43,0,45,49,0,52,34038,109,0,52,566,0,0,0,0,0,False,False,False
2016-05-07,0,29,43,0,45,49,0,52,34062,109,0,52,566,0,0,0,0,0,False,False,False
2016-05-08,0,29,43,0,45,49,0,52,34085,109,0,52,566,0,0,0,0,0,False,False,False
2016-05-09,0,29,43,0,45,49,0,52,34109,109,0,52,566,0,0,0,0,0,False,False,False
2016-05-10,0,29,43,0,45,49,0,52,34134,109,0,52,566,0,0,0,0,0,False,False,False
2016-05-11,0,29,43,0,45,49,0,52,34158,109,0,52,566,0,0,0,0,0,False,False,False
2016-05-12,0,29,43,0,45,49,0,52,34181,109,0,52,566,0,0,0,0,0,False,False,False
2016-05-13,0,29,43,0,45,49,0,52,34206,109,0,52,566,0,0,0,0,0,False,False,False
2016-05-14,0,28,43,0,45,49,0,52,34230,109,0,52,566,0,0,0,0,0,False,False,False
2016-05-15,0,29,43,0,45,49,0,52,34253,109,0,52,566,0,0,0,0,0,False,False,False
2016-05-16,0,29,43,0,45,49,0,52,34277,109,0,52,566,0,0,0,0,0,False,False,False
2016-05-17,0,29,43,0,45,49,0,52,34302,109,0,52,566,0,0,0,0,0,False,False,False
2016-05-18,0,29,43,0,45,49,0,52,34325,109,0,52,566,0,0,0,0,0,False,False,False
2016-05-19,0,29,43,0,45,49,0,52,34349,109,0,52,566,0,0,0,0,0,False,False,False
2016-05-20,0,29,43,0,45,49,0,52,34374,109,0,52,566,0,0,0,0,0,False,False,False
2016-05-21,0,28,43,0,45,49,0,52,34398,109,0,52,566,0,0,0,0,0,False,False,False
2016-05-22,0,29,43,0,45,49,0,52,34421,109,0,52,566,0,0,0,0,0,False,False,False
2016-05-23,0,28,43,0,45,49,0,52,34446,109,0,52,566,0,0,0,0,0,False,False,False
2016-05-24,0,29,43,0,45,49,0,52,34470,109,0,52,566,0,0,0,0,0,False,False,False
2016-05-25,0,29,43,0,45,49,0,52,34493,109,0,52,566,0,0,0,0,0,False,False,False
2016-05-26,0,29,43,0,45,49,0,52,34518,109,0,52,566,0,0,0,0,0,False,False,False
2016-05-27,0,29,43,0,45,49,0,52,34542,109,0,52,566,0,0,0,0,0,False,False,False
2016-05-28,0,29,43,0,45,49,0,52,34565,109,0,52,566,0,0,0,0,0,False,False,False
2016-05-29,0,29,43,0,45,49,0,52,34590,109,0,52,566,0,0,0,0,0,False,False,False
2016-05-30,0,29,43,0,45,49,0,52,34614,109,0,52,566,0,0,0,0,0,False,False,False
2016-05-31,0,29,43,0,45,49,0,52,34637,109,0,52,566,0,0,0,0,0,False,False,False
2016-06-01,0,29,43,0,45,49,0,52,34661,109,0,52,566,0,0,0,0,0,False,False,False
2016-06-02,0,29,43,0,47,51,0,54,34685,109,0,54,565,0,0,0,0,0,False,False,False
2016-06-03,0,29,43,0,47,51,0,54,34709,109,0,54,565,0,0,0,0,0,False,False,False
2016-06-04,0,29,43,0,47,51,0,54,34733,109,0,54,565,0,0,0,0,0,False,False,False
2016-06-05,0,29,43,0,47,51,0,54,34758,109,0,54,565,0,0,0,0,0,False,False,False
2016-06-06,0,29,43,0,47,51,0,54,34781,109,0,54,565,0,0,0,0,0,False,False,False
2016-06-07,0,29,43,0,47,51,0,54,34805,109,0,54,565,0,0,0,0,0,False,False,False
2016-06-08,0,29,43,0,47,51,0,54,34829,109,0,54,565,0,0,0,0,0,False,False,False
2016-06-09,0,29,43,0,47,51,0,54,34853,109,0,54,565,0,0,0,0,0,False,False,False
2016-06-10,0,29,43,0,47,51,0,54,34877,109,0,54,565,0,0,0,0,0,False,False,False
2016-06-11,0,29,43,0,47,51,0,54,34901,109,0,54,565,0,0,0,0,0,False,False,False
2016-06-12,0,29,43,0,47,51,0,54,34925,109,0,54,565,0,0,0,0,0,False,False,False
2016-06-13,0,29,43,0,47,51,0,54,34949,109,0,54,565,0,0,0,0,0,False,False,False
2016-06-14,0,29,43,0,47,51,0,54,34973,109,0,54,565,0,0,0,0,0,False,False,False
2016-06-15,0,29,43,0,47,51,0,54,34998,109,0,54,565,0,0,0,0,0,False,False,False
2016-06-16,0,29,43,0,47,51,0,54,35021,109,0,54,565,0,0,0,0,0,False,False,False
2016-06-17,0,30,43,0,47,51,0,54,35045,109,0,54,565,0,0,0,0,0,False,False,False
2016-06-18,0,29,43,0,47,51,0,54,35069,109,0,54,565,0,0,0,0,0,False,False,False
2016-06-19,0,29,43,0,47,51,0,54,35093,109,0,54,565,0,0,0,0,0,False,False,False
2016-06-20,0,29,43,0,47,51,0,54,35117,109,0,54,565,0,0,0,0,0,False,False,False
2016-06-21,0,31,43,0,47,51,0,54,35141,109,0,54,565,0,0,0,0,0,False,False,False
2016-06-22,0,31,43,0,47,51,0,54,35166,109,0,54,565,0,0,0,0,0,False,False,False
2016-06-23,0,31,43,0,47,51,0,54,35189,109,0,54,565,0,0,0,0,0,False,False,False
2016-06-24,0,31,43,0,47,51,0,54,35213,109,0,54,565,0,0,0,0,0,False,False,False
2016-06-25,0,31,43,0,47,51,0,54,35238,109,0,54,565,0,0,0,0,0,False,False,False
2016-06-26,0,31,43,0,47,51,0,54,35261,109,0,54,565,0,0,0,0,0,False,False,False
2016-06-27,0,31,43,0,47,51,0,54,35285,109,0,54,565,0,0,0,0,0,False,False,False
2016-06-28,0,32,43,0,47,51,0,54,35309,109,0,54,565,0,0,0,0,0,False,False,False
2016-06-29,0,32,43,0,47,51,0,54,35333,109,0,54,565,0,0,0,0,0,False,False,False
2016-06-30,0,31,43,0,47,51,0,54,35357,109,0,54,565,0,0,0,0,0,False,False,False
