date,failure,Smart 194: Temperature_Celsius (Raw Value),Smart 8: Seek_Time_Performance (Raw Value),Smart 1: Raw_Read_Error_Rate (Raw Value),Smart 12: Power_Cycle_Count (Raw Value),Smart 4: Start_Stop_Count (Raw Value),Smart 10: Spin_Retry_Count (Raw Value),Smart 192: Power-Off_Retract_Count (Raw Value),Smart 9: Power_On_Hours (Raw Value),Smart 2: Throughput_Performance (Raw Value),Smart 7: Seek_Error_Rate (Raw Value),Smart 193: Load_Cycle_Count (Raw Value),Smart 3: Spin_Up_Time (Raw Value),Smart 5: Reallocated_Sector_Ct (Raw Value),Smart 197: Current_Pending_Sector (Raw Value),Smart 198: Offline_Uncorrectable (Raw Value),Smart 199: UDMA_CRC_Error_Count (Raw Value),Smart 196: Reallocated_Event_Count (Raw Value),op_fail_30,op_fail_15,op_fail_1
2014-08-15,0,30,43,0,3,3,0,3,31,103,0,3,0,0,0,0,0,0,False,False,False
2014-08-16,0,29,43,0,3,3,0,4,55,103,0,4,0,0,0,0,0,0,False,False,False
2014-08-17,0,30,43,0,3,3,0,4,80,103,0,4,0,0,0,0,0,0,False,False,False
2014-08-18,0,30,43,0,3,3,0,5,103,103,0,5,0,0,0,0,0,0,False,False,False
2014-08-19,0,30,43,0,3,3,0,6,127,103,0,6,0,0,0,0,0,0,False,False,False
2014-08-20,0,29,43,0,3,3,0,7,152,103,0,7,0,0,0,0,0,0,False,False,False
2014-08-21,0,29,43,0,3,3,0,8,175,103,0,8,0,0,0,0,0,0,False,False,False
2014-08-22,0,27,43,0,3,3,0,9,199,103,0,9,0,0,0,0,0,0,False,False,False
2014-08-23,0,27,43,0,3,3,0,9,224,103,0,9,0,0,0,0,0,0,False,False,False
2014-08-24,0,26,43,0,3,3,0,9,247,103,0,9,0,0,0,0,0,0,False,False,False
2014-08-25,0,27,43,0,3,3,0,9,271,103,0,9,0,0,0,0,0,0,False,False,False
2014-08-26,0,23,43,0,3,3,0,9,295,103,0,9,0,0,0,0,0,0,False,False,False
2014-08-27,0,23,43,0,3,3,0,9,320,103,0,9,0,0,0,0,0,0,False,False,False
2014-08-28,0,23,43,0,3,3,0,9,343,103,0,9,0,0,0,0,0,0,False,False,False
2014-10-04,0,25,42,0,3,3,0,17,1232,104,0,17,0,0,0,0,0,0,False,False,False
2014-10-05,0,26,42,0,3,3,0,17,1256,104,0,17,0,0,0,0,0,0,False,False,False
2014-10-06,0,26,42,0,3,3,0,17,1279,104,0,17,0,0,0,0,0,0,False,False,False
2014-10-07,0,25,41,0,3,3,0,18,1303,104,0,18,0,0,0,0,0,0,False,False,False
2014-10-08,0,26,41,0,3,3,0,18,1328,104,0,18,0,0,0,0,0,0,False,False,False
2014-10-09,0,26,41,0,3,3,0,18,1351,104,0,18,0,0,0,0,0,0,False,False,False
2014-10-10,0,26,42,0,3,3,0,19,1375,104,0,19,0,0,0,0,0,0,False,False,False
2014-10-11,0,26,42,0,3,3,0,19,1400,104,0,19,0,0,0,0,0,0,False,False,False
2014-10-12,0,26,42,0,3,3,0,19,1424,104,0,19,0,0,0,0,0,0,False,False,False
2014-10-13,0,25,42,0,3,3,0,20,1447,104,0,20,0,0,0,0,0,0,False,False,False
2014-10-14,0,25,42,0,3,3,0,20,1472,104,0,20,0,0,0,0,0,0,False,False,False
2014-10-15,0,24,43,0,3,3,0,21,1496,104,0,21,0,0,0,0,0,0,False,False,False
2014-10-16,0,25,43,0,3,3,0,21,1519,104,0,21,0,0,0,0,0,0,False,False,False
2014-10-17,0,24,43,0,3,3,0,21,1543,104,0,21,0,0,0,0,0,0,False,False,False
2014-10-18,0,24,42,0,3,3,0,22,1568,104,0,22,0,0,0,0,0,0,False,False,False
2014-10-19,0,24,42,0,3,3,0,22,1591,104,0,22,0,0,0,0,0,0,False,False,False
2014-10-20,0,24,42,0,3,3,0,23,1615,104,0,23,0,0,0,0,0,0,False,False,False
2014-10-21,0,24,42,0,3,3,0,23,1640,104,0,23,0,0,0,0,0,0,False,False,False
2014-10-22,0,24,42,0,3,3,0,23,1664,104,0,23,0,0,0,0,0,0,False,False,False
2014-10-23,0,24,42,0,3,3,0,24,1687,104,0,24,0,0,0,0,0,0,False,False,False
2014-10-24,0,24,42,0,4,4,0,25,1711,104,0,25,0,0,0,0,0,0,False,False,False
2014-10-25,0,24,42,0,4,4,0,26,1735,104,0,26,0,0,0,0,0,0,False,False,False
2014-10-26,0,24,42,0,4,4,0,27,1760,104,0,27,0,0,0,0,0,0,False,False,False
2014-10-27,0,24,42,0,4,4,0,28,1783,104,0,28,0,0,0,0,0,0,False,False,False
2014-10-28,0,24,42,0,4,4,0,29,1807,104,0,29,0,0,0,0,0,0,False,False,False
2014-10-29,0,25,42,0,4,4,0,30,1832,104,0,30,0,0,0,0,0,0,False,False,False
2014-10-30,0,24,42,0,4,4,0,30,1855,104,0,30,0,0,0,0,0,0,False,False,False
2014-10-31,0,25,43,0,4,4,0,31,1879,104,0,31,0,0,0,0,0,0,False,False,False
2014-11-01,0,25,43,0,4,4,0,32,1903,104,0,32,0,0,0,0,0,0,False,False,False
2014-11-03,0,25,43,0,4,4,0,33,1953,104,0,33,0,0,0,0,0,0,False,False,False
2014-11-04,0,24,43,0,4,4,0,33,1977,104,0,33,0,0,0,0,0,0,False,False,False
2014-11-05,0,27,42,0,4,4,0,34,2000,104,0,34,0,0,0,0,0,0,False,False,False
2014-11-06,0,24,42,0,4,4,0,34,2024,104,0,34,0,0,0,0,0,0,False,False,False
2014-11-07,0,25,42,0,4,4,0,35,2049,104,0,35,0,0,0,0,0,0,False,False,False
2014-11-08,0,25,42,0,4,4,0,35,2072,104,0,35,0,0,0,0,0,0,False,False,False
2014-11-09,0,25,42,0,4,4,0,35,2096,104,0,35,0,0,0,0,0,0,False,False,False
2014-11-10,0,25,44,0,4,4,0,36,2121,104,0,36,0,0,0,0,0,0,False,False,False
2014-11-11,0,24,44,0,4,4,0,36,2144,104,0,36,0,0,0,0,0,0,False,False,False
2014-11-12,0,25,44,0,4,4,0,36,2168,104,0,36,0,0,0,0,0,0,False,False,False
2014-11-13,0,25,43,0,4,4,0,37,2193,104,0,37,0,0,0,0,0,0,False,False,False
2014-11-14,0,25,43,0,4,4,0,37,2216,104,0,37,0,0,0,0,0,0,False,False,False
2014-11-15,0,24,43,0,4,4,0,38,2240,104,0,38,0,0,0,0,0,0,False,False,False
2014-11-16,0,24,43,0,4,4,0,38,2264,104,0,38,0,0,0,0,0,0,False,False,False
2014-11-17,0,25,43,0,4,4,0,38,2289,104,0,38,0,0,0,0,0,0,False,False,False
2014-11-18,0,24,43,0,4,4,0,38,2312,104,0,38,0,0,0,0,0,0,False,False,False
2014-11-19,0,24,43,0,4,4,0,39,2336,104,0,39,0,0,0,0,0,0,False,False,False
2014-11-20,0,26,42,0,4,4,0,40,2361,104,0,40,0,0,0,0,0,0,False,False,False
2014-11-21,0,25,42,0,4,4,0,40,2384,104,0,40,0,0,0,0,0,0,False,False,False
2014-11-22,0,25,42,0,4,4,0,40,2408,104,0,40,0,0,0,0,0,0,False,False,False
2014-11-23,0,25,42,0,4,4,0,41,2433,104,0,41,0,0,0,0,0,0,False,False,False
2014-11-24,0,25,42,0,4,4,0,41,2456,104,0,41,0,0,0,0,0,0,False,False,False
2014-11-25,0,25,42,0,4,4,0,41,2480,104,0,41,0,0,0,0,0,0,False,False,False
2014-11-26,0,25,42,0,4,4,0,41,2504,104,0,41,0,0,0,0,0,0,False,False,False
2014-11-27,0,24,42,0,4,4,0,42,2529,104,0,42,0,0,0,0,0,0,False,False,False
2014-11-28,0,24,42,0,4,4,0,43,2552,104,0,43,0,0,0,0,0,0,False,False,False
2014-11-29,0,24,43,0,4,4,0,44,2576,104,0,44,0,0,0,0,0,0,False,False,False
2014-11-30,0,24,43,0,4,4,0,44,2601,104,0,44,0,0,0,0,0,0,False,False,False
2014-12-01,0,24,42,0,4,4,0,44,2624,104,0,44,0,0,0,0,0,0,False,False,False
2014-12-02,0,25,42,0,4,4,0,45,2648,104,0,45,0,0,0,0,0,0,False,False,False
2014-12-03,0,25,42,0,4,4,0,46,2673,104,0,46,0,0,0,0,0,0,False,False,False
2014-12-04,0,25,42,0,4,4,0,46,2696,104,0,46,0,0,0,0,0,0,False,False,False
2014-12-05,0,24,42,0,4,4,0,46,2720,104,0,46,0,0,0,0,0,0,False,False,False
2014-12-06,0,24,42,0,4,4,0,47,2744,104,0,47,0,0,0,0,0,0,False,False,False
2014-12-07,0,24,42,0,4,4,0,47,2768,104,0,47,0,0,0,0,0,0,False,False,False
2014-12-08,0,25,43,0,4,4,0,48,2792,104,0,48,0,0,0,0,0,0,False,False,False
2014-12-09,0,25,43,0,4,4,0,48,2816,104,0,48,0,0,0,0,0,0,False,False,False
2014-12-10,0,24,43,0,4,4,0,48,2841,104,0,48,0,0,0,0,0,0,False,False,False
2014-12-11,0,25,42,0,4,4,0,49,2864,104,0,49,0,0,0,0,0,0,False,False,False
2014-12-12,0,25,42,0,4,4,0,50,2888,104,0,50,0,0,0,0,0,0,False,False,False
2014-12-13,0,25,42,0,4,4,0,51,2913,104,0,51,0,0,0,0,0,0,False,False,False
2014-12-14,0,25,42,0,4,4,0,51,2936,104,0,51,0,0,0,0,0,0,False,False,False
2014-12-15,0,25,41,0,4,4,0,52,2960,104,0,52,0,0,0,0,0,0,False,False,False
2014-12-16,0,24,41,0,4,4,0,53,2985,104,0,53,0,0,0,0,0,0,False,False,False
2014-12-17,0,25,41,0,4,4,0,53,3008,104,0,53,0,0,0,0,0,0,False,False,False
2014-12-18,0,25,43,0,4,4,0,54,3032,104,0,54,0,0,0,0,0,0,False,False,False
2014-12-19,0,25,43,0,4,4,0,54,3056,104,0,54,0,0,0,0,0,0,False,False,False
2014-12-20,0,25,42,0,4,4,0,55,3081,104,0,55,0,0,0,0,0,0,False,False,False
2014-12-21,0,31,42,0,4,4,0,55,3104,104,0,55,0,0,0,0,0,0,False,False,False
2014-12-22,0,25,42,0,4,4,0,55,3128,104,0,55,0,0,0,0,0,0,False,False,False
2014-12-23,0,24,41,0,4,4,0,56,3153,104,0,56,0,0,0,0,0,0,False,False,False
2014-12-24,0,25,41,0,4,4,0,56,3176,104,0,56,0,0,0,0,0,0,False,False,False
2014-12-25,0,25,41,0,4,4,0,56,3200,104,0,56,0,0,0,0,0,0,False,False,False
2014-12-26,0,25,42,0,4,4,0,57,3225,104,0,57,0,0,0,0,0,0,False,False,False
2014-12-27,0,25,42,0,4,4,0,57,3248,104,0,57,0,0,0,0,0,0,False,False,False
2014-12-28,0,25,42,0,4,4,0,57,3272,104,0,57,0,0,0,0,0,0,False,False,False
2014-12-29,0,25,40,0,4,4,0,58,3297,104,0,58,0,0,0,0,0,0,False,False,False
2014-12-30,0,25,40,0,4,4,0,58,3321,104,0,58,0,0,0,0,0,0,False,False,False
2014-12-31,0,25,42,0,4,4,0,59,3344,104,0,59,0,0,0,0,0,0,False,False,False
2015-01-01,0,25,42,0,4,4,0,59,3369,104,0,59,0,0,0,0,0,0,False,False,False
2015-01-02,0,25,42,0,4,4,0,59,3393,104,0,59,0,0,0,0,0,0,False,False,False
2015-01-03,0,25,42,0,4,4,0,60,3416,104,0,60,0,0,0,0,0,0,False,False,False
2015-01-04,0,25,42,0,4,4,0,60,3440,104,0,60,0,0,0,0,0,0,False,False,False
2015-01-05,0,25,42,0,4,4,0,61,3465,104,0,61,0,0,0,0,0,0,False,False,False
2015-01-06,0,24,42,0,4,4,0,61,3488,104,0,61,0,0,0,0,0,0,False,False,False
2015-01-07,0,25,42,0,4,4,0,61,3512,104,0,61,0,0,0,0,0,0,False,False,False
2015-01-08,0,25,42,0,4,4,0,62,3537,104,0,62,0,0,0,0,0,0,False,False,False
2015-01-09,0,25,42,0,4,4,0,63,3560,104,0,63,0,0,0,0,0,0,False,False,False
2015-01-10,0,25,42,0,4,4,0,64,3584,104,0,64,0,0,0,0,0,0,False,False,False
2015-01-11,0,24,42,0,4,4,0,64,3609,104,0,64,0,0,0,0,0,0,False,False,False
2015-01-12,0,24,41,0,4,4,0,65,3633,104,0,65,0,0,0,0,0,0,False,False,False
2015-01-13,0,24,41,0,4,4,0,65,3656,104,0,65,0,0,0,0,0,0,False,False,False
2015-01-14,0,24,42,0,4,4,0,66,3680,104,0,66,0,0,0,0,0,0,False,False,False
2015-01-15,0,25,42,0,4,4,0,67,3704,104,0,67,0,0,0,0,0,0,False,False,False
2015-01-16,0,24,42,0,4,4,0,68,3729,104,0,68,0,0,0,0,0,0,False,False,False
2015-01-17,0,24,42,0,4,4,0,69,3752,104,0,69,0,0,0,0,0,0,False,False,False
2015-01-18,0,25,43,0,4,4,0,70,3776,104,0,70,0,0,0,0,0,0,False,False,False
2015-01-19,0,24,42,0,4,4,0,71,3801,104,0,71,0,0,0,0,0,0,False,False,False
2015-01-20,0,24,42,0,4,4,0,71,3824,104,0,71,0,0,0,0,0,0,False,False,False
2015-01-21,0,24,42,0,4,4,0,71,3848,104,0,71,0,0,0,0,0,0,False,False,False
2015-01-22,0,24,42,0,4,4,0,72,3873,104,0,72,0,0,0,0,0,0,False,False,False
2015-01-23,0,25,42,0,4,4,0,72,3896,104,0,72,0,0,0,0,0,0,False,False,False
2015-01-24,0,24,42,0,4,4,0,72,3920,104,0,72,0,0,0,0,0,0,False,False,False
2015-01-25,0,24,42,0,4,4,0,73,3945,104,0,73,0,0,0,0,0,0,False,False,False
2015-01-26,0,25,42,0,4,4,0,73,3968,104,0,73,0,0,0,0,0,0,False,False,False
2015-01-27,0,25,42,0,4,4,0,73,3992,104,0,73,0,0,0,0,0,0,False,False,False
2015-01-28,0,25,42,0,4,4,0,73,4016,104,0,73,0,0,0,0,0,0,False,False,False
2015-01-29,0,25,42,0,4,4,0,74,4041,104,0,74,0,0,0,0,0,0,False,False,False
2015-01-30,0,25,42,0,4,4,0,74,4064,104,0,74,0,0,0,0,0,0,False,False,False
2015-01-31,0,25,43,0,4,4,0,75,4088,104,0,75,0,0,0,0,0,0,False,False,False
2015-02-01,0,25,43,0,4,4,0,75,4113,104,0,75,0,0,0,0,0,0,False,False,False
2015-02-02,0,25,43,0,4,4,0,75,4136,104,0,75,0,0,0,0,0,0,False,False,False
2015-02-03,0,24,43,0,4,4,0,75,4160,104,0,75,0,0,0,0,0,0,False,False,False
2015-02-04,0,25,42,0,4,4,0,76,4185,104,0,76,0,0,0,0,0,0,False,False,False
2015-02-05,0,25,42,0,4,4,0,76,4208,104,0,76,0,0,0,0,0,0,False,False,False
2015-02-06,0,24,42,0,4,4,0,76,4232,104,0,76,0,0,0,0,0,0,False,False,False
2015-02-07,0,24,41,0,4,4,0,77,4256,104,0,77,0,0,0,0,0,0,False,False,False
2015-02-08,0,25,41,0,4,4,0,77,4281,104,0,77,0,0,0,0,0,0,False,False,False
2015-02-09,0,25,41,0,4,4,0,77,4304,104,0,77,0,0,0,0,0,0,False,False,False
2015-02-10,0,24,41,0,4,4,0,77,4329,104,0,77,0,0,0,0,0,0,False,False,False
2015-02-11,0,24,41,0,4,4,0,78,4353,104,0,78,0,0,0,0,0,0,False,False,False
2015-02-12,0,25,41,0,4,4,0,78,4376,104,0,78,0,0,0,0,0,0,False,False,False
2015-02-13,0,25,41,0,4,4,0,78,4400,104,0,78,0,0,0,0,0,0,False,False,False
2015-02-14,0,25,41,0,4,4,0,78,4425,104,0,78,0,0,0,0,0,0,False,False,False
2015-02-15,0,25,41,0,4,4,0,78,4448,104,0,78,0,0,0,0,0,0,False,False,False
2015-02-16,0,25,41,0,4,4,0,78,4472,104,0,78,0,0,0,0,0,0,False,False,False
2015-02-17,0,24,41,0,4,4,0,78,4497,104,0,78,0,0,0,0,0,0,False,False,False
2015-02-18,0,26,41,0,4,4,0,78,4521,104,0,78,0,0,0,0,0,0,False,False,False
2015-02-19,0,26,41,0,4,4,0,78,4544,104,0,78,0,0,0,0,0,0,False,False,False
2015-02-20,0,27,41,0,4,4,0,78,4569,104,0,78,0,0,0,0,0,0,False,False,False
2015-02-21,0,26,41,0,4,4,0,78,4593,104,0,78,0,0,0,0,0,0,False,False,False
2015-02-22,0,25,41,0,4,4,0,78,4616,104,0,78,0,0,0,0,0,0,False,False,False
2015-02-23,0,25,41,0,4,4,0,78,4640,104,0,78,0,0,0,0,0,0,False,False,False
2015-02-24,0,25,41,0,4,4,0,78,4665,104,0,78,0,0,0,0,0,0,False,False,False
2015-02-25,0,25,42,0,4,4,0,79,4688,104,0,79,0,0,0,0,0,0,False,False,False
2015-02-26,0,25,42,0,4,4,0,80,4712,104,0,80,0,0,0,0,0,0,False,False,False
2015-02-27,0,26,42,0,4,4,0,81,4736,104,0,81,0,0,0,0,0,0,False,False,False
2015-02-28,0,27,42,0,4,4,0,81,4761,104,0,81,0,0,0,0,0,0,False,False,False
2015-03-01,0,26,42,0,4,4,0,81,4784,104,0,81,0,0,0,0,0,0,False,False,False
2015-03-02,0,26,42,0,4,4,0,81,4808,104,0,81,0,0,0,0,0,0,False,False,False
2015-03-03,0,26,42,0,4,4,0,81,4833,104,0,81,0,0,0,0,0,0,False,False,False
2015-03-04,0,27,42,0,4,4,0,81,4856,104,0,81,0,0,0,0,0,0,False,False,False
2015-03-05,0,26,42,0,4,4,0,81,4880,104,0,81,0,0,0,0,0,0,False,False,False
2015-03-06,0,26,42,0,4,4,0,81,4905,104,0,81,0,0,0,0,0,0,False,False,False
2015-03-07,0,26,42,0,4,4,0,81,4928,104,0,81,0,0,0,0,0,0,False,False,False
2015-03-08,0,26,42,0,4,4,0,81,4952,104,0,81,0,0,0,0,0,0,False,False,False
2015-03-09,0,26,42,0,4,4,0,81,4977,104,0,81,0,0,0,0,0,0,False,False,False
2015-03-10,0,27,42,0,4,4,0,81,5000,104,0,81,0,0,0,0,0,0,False,False,False
2015-03-11,0,26,42,0,4,4,0,81,5024,104,0,81,0,0,0,0,0,0,False,False,False
2015-03-12,0,26,42,0,4,4,0,81,5047,104,0,81,0,0,0,0,0,0,False,False,False
2015-03-13,0,26,42,0,4,4,0,81,5071,104,0,81,0,0,0,0,0,0,False,False,False
2015-03-14,0,26,42,0,4,4,0,82,5096,104,0,82,0,0,0,0,0,0,False,False,False
2015-03-15,0,27,42,0,4,4,0,83,5119,104,0,83,0,0,0,0,0,0,False,False,False
2015-03-16,0,26,42,0,4,4,0,83,5143,104,0,83,0,0,0,0,0,0,False,False,False
2015-03-17,0,27,42,0,4,4,0,83,5168,104,0,83,0,0,0,0,0,0,False,False,False
2015-03-18,0,26,42,0,4,4,0,83,5191,104,0,83,0,0,0,0,0,0,False,False,False
2015-03-19,0,26,42,0,4,4,0,83,5215,104,0,83,0,0,0,0,0,0,False,False,False
2015-03-20,0,26,42,0,4,4,0,84,5240,104,0,84,0,0,0,0,0,0,False,False,False
2015-03-21,0,26,42,0,4,4,0,84,5264,104,0,84,0,0,0,0,0,0,False,False,False
2015-03-22,0,26,42,0,4,4,0,84,5287,104,0,84,0,0,0,0,0,0,False,False,False
2015-03-23,0,26,42,0,4,4,0,84,5311,104,0,84,0,0,0,0,0,0,False,False,False
2015-03-24,0,26,42,0,4,4,0,84,5336,104,0,84,0,0,0,0,0,0,False,False,False
2015-03-25,0,26,42,0,4,4,0,84,5359,104,0,84,0,0,0,0,0,0,False,False,False
2015-03-26,0,26,42,0,4,4,0,84,5383,104,0,84,0,0,0,0,0,0,False,False,False
2015-03-27,0,26,41,0,4,4,0,85,5408,104,0,85,0,0,0,0,0,0,False,False,False
2015-03-28,0,26,41,0,4,4,0,85,5431,104,0,85,0,0,0,0,0,0,False,False,False
2015-03-29,0,25,41,0,4,4,0,85,5455,104,0,85,0,0,0,0,0,0,False,False,False
2015-03-30,0,25,41,0,4,4,0,86,5480,104,0,86,0,0,0,0,0,0,False,False,False
2015-03-31,0,25,41,0,4,4,0,86,5503,104,0,86,0,0,0,0,0,0,False,False,False
2015-04-01,0,25,41,0,4,4,0,86,5527,104,0,86,0,0,0,0,0,0,False,False,False
2015-04-02,0,26,41,0,4,4,0,86,5552,104,0,86,0,0,0,0,0,0,False,False,False
2015-04-03,0,25,41,0,4,4,0,86,5576,104,0,86,0,0,0,0,0,0,False,False,False
2015-04-04,0,25,41,0,4,4,0,86,5599,104,0,86,0,0,0,0,0,0,False,False,False
2015-04-05,0,25,41,0,4,4,0,86,5623,104,0,86,0,0,0,0,0,0,False,False,False
2015-04-06,0,25,41,0,4,4,0,86,5648,104,0,86,0,0,0,0,0,0,False,False,False
2015-04-07,0,25,41,0,4,4,0,86,5671,104,0,86,0,0,0,0,0,0,False,False,False
2015-04-08,0,26,41,0,4,4,0,86,5695,104,0,86,0,0,0,0,0,0,False,False,False
2015-04-09,0,27,43,0,4,4,0,88,5720,104,0,88,0,0,0,0,0,0,False,False,False
2015-04-10,0,27,43,0,4,4,0,88,5743,104,0,88,0,0,0,0,0,0,False,False,False
2015-04-11,0,25,43,0,4,4,0,88,5767,104,0,88,0,0,0,0,0,0,False,False,False
2015-04-12,0,25,43,0,4,4,0,88,5792,104,0,88,0,0,0,0,0,0,False,False,False
2015-04-13,0,25,43,0,4,4,0,88,5816,104,0,88,0,0,0,0,0,0,False,False,False
2015-04-14,0,26,43,0,4,4,0,88,5839,104,0,88,0,0,0,0,0,0,False,False,False
2015-04-15,0,26,43,0,4,4,0,88,5863,104,0,88,0,0,0,0,0,0,False,False,False
2015-04-16,0,26,43,0,4,4,0,88,5888,104,0,88,0,0,0,0,0,0,False,False,False
2015-04-17,0,27,43,0,4,4,0,88,5911,104,0,88,0,0,0,0,0,0,False,False,False
2015-04-18,0,28,42,0,4,4,0,88,5935,104,0,88,0,0,0,0,0,0,False,False,False
2015-04-19,0,29,42,0,4,4,0,89,5960,104,0,89,0,0,0,0,0,0,False,False,False
2015-04-20,0,29,42,0,4,4,0,90,5983,104,0,90,0,0,0,0,0,0,False,False,False
2015-04-21,0,29,42,0,4,4,0,90,6007,104,0,90,0,0,0,0,0,0,False,False,False
2015-04-22,0,29,42,0,4,4,0,90,6032,104,0,90,0,0,0,0,0,0,False,False,False
2015-04-23,0,29,42,0,4,4,0,90,6056,104,0,90,0,0,0,0,0,0,False,False,False
2015-04-24,0,29,42,0,4,4,0,90,6079,104,0,90,0,0,0,0,0,0,False,False,False
2015-04-25,0,29,42,0,4,4,0,91,6104,104,0,91,0,0,0,0,0,0,False,False,False
2015-04-26,0,29,42,0,4,4,0,92,6128,104,0,92,0,0,0,0,0,0,False,False,False
2015-04-27,0,29,42,0,4,4,0,92,6151,104,0,92,0,0,0,0,0,0,False,False,False
2015-04-28,0,28,42,0,4,4,0,92,6176,104,0,92,0,0,0,0,0,0,False,False,False
2015-04-29,0,31,41,0,4,4,0,93,6200,104,0,93,0,0,0,0,0,0,False,False,False
2015-04-30,0,29,41,0,4,4,0,94,6223,104,0,94,0,0,0,0,0,0,False,False,False
2015-05-01,0,30,41,0,4,4,0,94,6247,104,0,94,0,0,0,0,0,0,False,False,False
2015-05-02,0,30,41,0,4,4,0,94,6272,104,0,94,0,0,0,0,0,0,False,False,False
2015-05-03,0,30,41,0,4,4,0,94,6296,104,0,94,0,0,0,0,0,0,False,False,False
2015-05-04,0,30,41,0,4,4,0,94,6319,104,0,94,0,0,0,0,0,0,False,False,False
2015-05-05,0,30,42,0,4,4,0,95,6343,104,0,95,0,0,0,0,0,0,False,False,False
2015-05-06,0,30,42,0,4,4,0,96,6368,104,0,96,0,0,0,0,0,0,False,False,False
2015-05-07,0,30,42,0,4,4,0,96,6391,104,0,96,0,0,0,0,0,0,False,False,False
2015-05-08,0,30,42,0,4,4,0,96,6415,104,0,96,0,0,0,0,0,0,False,False,False
2015-05-09,0,31,42,0,4,4,0,96,6440,104,0,96,0,0,0,0,0,0,False,False,False
2015-05-10,0,31,42,0,4,4,0,96,6464,104,0,96,0,0,0,0,0,0,False,False,False
2015-05-11,0,31,41,0,4,4,0,97,6487,104,0,97,0,0,0,0,0,0,False,False,False
2015-05-12,0,31,41,0,4,4,0,97,6511,104,0,97,0,0,0,0,0,0,False,False,False
2015-05-13,0,31,41,0,4,4,0,97,6536,104,0,97,0,0,0,0,0,0,False,False,False
2015-05-14,0,31,42,0,4,4,0,98,6559,104,0,98,0,0,0,0,0,0,False,False,False
2015-05-15,0,30,42,0,4,4,0,99,6583,104,0,99,0,0,0,0,0,0,False,False,False
2015-05-16,0,31,42,0,4,4,0,99,6608,104,0,99,0,0,0,0,0,0,False,False,False
2015-05-17,0,30,42,0,4,4,0,99,6631,104,0,99,0,0,0,0,0,0,False,False,False
2015-05-18,0,30,42,0,4,4,0,99,6655,104,0,99,0,0,0,0,0,0,False,False,False
2015-05-19,0,31,42,0,4,4,0,99,6680,104,0,99,0,0,0,0,0,0,False,False,False
2015-05-20,0,30,42,0,4,4,0,100,6704,104,0,100,0,0,0,0,0,0,False,False,False
2015-05-21,0,32,42,0,4,4,0,100,6727,104,0,100,0,0,0,0,0,0,False,False,False
2015-05-22,0,30,42,0,4,4,0,100,6752,104,0,100,0,0,0,0,0,0,False,False,False
2015-05-23,0,31,42,0,4,4,0,100,6776,104,0,100,0,0,0,0,0,0,False,False,False
2015-05-24,0,31,42,0,4,4,0,100,6799,104,0,100,0,0,0,0,0,0,False,False,False
2015-05-25,0,29,41,0,4,4,0,101,6824,104,0,101,0,0,0,0,0,0,False,False,False
2015-05-26,0,30,41,0,4,4,0,101,6848,104,0,101,0,0,0,0,0,0,False,False,False
2015-05-27,0,30,41,0,4,4,0,101,6871,104,0,101,0,0,0,0,0,0,False,False,False
2015-05-28,0,30,41,0,4,4,0,101,6895,104,0,101,0,0,0,0,0,0,False,False,False
2015-05-29,0,30,41,0,4,4,0,101,6920,104,0,101,0,0,0,0,0,0,False,False,False
2015-05-30,0,30,41,0,4,4,0,101,6944,104,0,101,0,0,0,0,0,0,False,False,False
2015-05-31,0,30,41,0,4,4,0,101,6967,104,0,101,0,0,0,0,0,0,False,False,False
2015-06-01,0,30,41,0,4,4,0,101,6992,104,0,101,0,0,0,0,0,0,False,False,False
2015-06-02,0,30,41,0,4,4,0,101,7016,104,0,101,0,0,0,0,0,0,False,False,False
2015-06-03,0,30,42,0,4,4,0,102,7039,104,0,102,0,0,0,0,0,0,False,False,False
2015-06-04,0,31,42,0,4,4,0,102,7063,104,0,102,0,0,0,0,0,0,False,False,False
2015-06-05,0,28,42,0,4,4,0,102,7088,104,0,102,0,0,0,0,0,0,False,False,False
2015-06-06,0,28,42,0,4,4,0,102,7111,104,0,102,0,0,0,0,0,0,False,False,False
2015-06-07,0,28,42,0,4,4,0,102,7135,104,0,102,0,0,0,0,0,0,False,False,False
2015-06-08,0,29,42,0,4,4,0,102,7160,104,0,102,0,0,0,0,0,0,False,False,False
2015-06-09,0,29,42,0,4,4,0,102,7184,104,0,102,0,0,0,0,0,0,False,False,False
2015-06-10,0,28,42,0,4,4,0,102,7207,104,0,102,0,0,0,0,0,0,False,False,False
2015-06-11,0,30,42,0,4,4,0,102,7232,104,0,102,0,0,0,0,0,0,False,False,False
2015-06-12,0,28,42,0,4,4,0,103,7256,104,0,103,0,0,0,0,0,0,False,False,False
2015-06-13,0,28,42,0,4,4,0,104,7279,104,0,104,0,0,0,0,0,0,False,False,False
2015-06-14,0,28,42,0,4,4,0,104,7303,104,0,104,0,0,0,0,0,0,False,False,False
2015-06-15,0,27,42,0,4,4,0,104,7328,104,0,104,0,0,0,0,0,0,False,False,False
2015-06-16,0,28,42,0,4,4,0,104,7351,104,0,104,0,0,0,0,0,0,False,False,False
2015-06-17,0,27,42,0,4,4,0,104,7375,104,0,104,0,0,0,0,0,0,False,False,False
2015-06-18,0,28,43,0,4,4,0,105,7400,104,0,105,0,0,0,0,0,0,False,False,False
2015-06-19,0,28,43,0,4,4,0,105,7423,104,0,105,0,0,0,0,0,0,False,False,False
2015-06-20,0,28,43,0,4,4,0,105,7447,104,0,105,0,0,0,0,0,0,False,False,False
2015-06-21,0,27,43,0,4,4,0,105,7472,104,0,105,0,0,0,0,0,0,False,False,False
2015-06-22,0,28,43,0,4,4,0,105,7496,104,0,105,0,0,0,0,0,0,False,False,False
2015-06-23,0,29,43,0,4,4,0,105,7519,104,0,105,0,0,0,0,0,0,False,False,False
2015-06-24,0,28,43,0,4,4,0,105,7544,104,0,105,0,0,0,0,0,0,False,False,False
2015-06-25,0,28,42,0,4,4,0,106,7568,104,0,106,0,0,0,0,0,0,False,False,False
2015-06-26,0,28,42,0,4,4,0,107,7591,104,0,107,0,0,0,0,0,0,False,False,False
2015-06-27,0,28,42,0,4,4,0,107,7615,104,0,107,0,0,0,0,0,0,False,False,False
2015-06-28,0,28,42,0,4,4,0,107,7640,104,0,107,0,0,0,0,0,0,False,False,False
2015-06-29,0,28,42,0,4,4,0,107,7663,104,0,107,0,0,0,0,0,0,False,False,False
2015-06-30,0,29,42,0,4,4,0,107,7687,104,0,107,0,0,0,0,0,0,False,False,False
2015-07-01,0,28,42,0,4,4,0,107,7712,104,0,107,0,0,0,0,0,0,False,False,False
2015-07-02,0,28,42,0,4,4,0,107,7736,104,0,107,0,0,0,0,0,0,False,False,False
2015-07-03,0,28,42,0,4,4,0,107,7759,104,0,107,0,0,0,0,0,0,False,False,False
2015-07-04,0,28,42,0,4,4,0,107,7784,104,0,107,0,0,0,0,0,0,False,False,False
2015-07-05,0,28,42,0,4,4,0,107,7808,104,0,107,0,0,0,0,0,0,False,False,False
2015-07-06,0,28,42,0,4,4,0,107,7831,104,0,107,0,0,0,0,0,0,False,False,False
2015-07-07,0,28,42,0,4,4,0,107,7856,104,0,107,0,0,0,0,0,0,False,False,False
2015-07-08,0,28,42,0,4,4,0,107,7880,104,0,107,0,0,0,0,0,0,False,False,False
2015-07-09,0,30,42,0,4,4,0,108,7904,104,0,108,0,0,0,0,0,0,False,False,False
2015-07-10,0,31,42,0,4,4,0,109,7927,104,0,109,0,0,0,0,0,0,False,False,False
2015-07-11,0,31,42,0,4,4,0,109,7952,104,0,109,0,0,0,0,0,0,False,False,False
2015-07-12,0,31,42,0,4,4,0,109,7976,104,0,109,0,0,0,0,0,0,False,False,False
2015-07-13,0,31,42,0,4,4,0,109,7999,104,0,109,0,0,0,0,0,0,False,False,False
2015-07-14,0,31,42,0,4,4,0,109,8023,104,0,109,0,0,0,0,0,0,False,False,False
2015-07-15,0,31,42,0,4,4,0,109,8048,104,0,109,0,0,0,0,0,0,False,False,False
2015-07-16,0,29,42,0,4,4,0,109,8071,104,0,109,0,0,0,0,0,0,False,False,False
2015-07-17,0,30,42,0,4,4,0,109,8095,104,0,109,0,0,0,0,0,0,False,False,False
2015-07-18,0,29,42,0,4,4,0,109,8120,104,0,109,0,0,0,0,0,0,False,False,False
2015-07-19,0,30,42,0,4,4,0,110,8143,104,0,110,0,0,0,0,0,0,False,False,False
2015-07-20,0,30,42,0,4,4,0,110,8167,104,0,110,0,0,0,0,0,0,False,False,False
2015-07-21,0,30,42,0,4,4,0,110,8192,104,0,110,0,0,0,0,0,0,False,False,False
2015-07-22,0,30,42,0,4,4,0,110,8215,104,0,110,0,0,0,0,0,0,False,False,False
2015-07-23,0,29,42,0,4,4,0,110,8239,104,0,110,0,0,0,0,0,0,False,False,False
2015-07-24,0,30,40,0,4,4,0,111,8264,104,0,111,0,0,0,0,0,0,False,False,False
2015-07-25,0,31,40,0,4,4,0,111,8287,104,0,111,0,0,0,0,0,0,False,False,False
2015-07-26,0,31,40,0,4,4,0,111,8311,104,0,111,0,0,0,0,0,0,False,False,False
2015-07-27,0,31,42,0,4,4,0,112,8336,104,0,112,0,0,0,0,0,0,False,False,False
2015-07-28,0,31,42,0,4,4,0,113,8360,104,0,113,0,0,0,0,0,0,False,False,False
2015-07-29,0,32,42,0,4,4,0,113,8383,104,0,113,0,0,0,0,0,0,False,False,False
2015-07-30,0,32,42,0,4,4,0,113,8408,104,0,113,0,0,0,0,0,0,False,False,False
2015-07-31,0,31,42,0,4,4,0,113,8432,104,0,113,0,0,0,0,0,0,False,False,False
2015-08-01,0,31,42,0,4,4,0,113,8455,104,0,113,0,0,0,0,0,0,False,False,False
2015-08-02,0,31,42,0,4,4,0,113,8480,104,0,113,0,0,0,0,0,0,False,False,False
2015-08-03,0,31,42,0,4,4,0,113,8504,104,0,113,0,0,0,0,0,0,False,False,False
2015-08-04,0,31,41,0,4,4,0,114,8527,104,0,114,0,0,0,0,0,0,False,False,False
2015-08-05,0,31,41,0,4,4,0,114,8551,104,0,114,0,0,0,0,0,0,False,False,False
2015-08-06,0,32,41,0,4,4,0,114,8576,104,0,114,0,0,0,0,0,0,False,False,False
2015-08-07,0,31,41,0,4,4,0,114,8600,104,0,114,0,0,0,0,0,0,False,False,False
2015-08-08,0,31,41,0,4,4,0,114,8623,104,0,114,0,0,0,0,0,0,False,False,False
2015-08-09,0,31,41,0,4,4,0,114,8648,104,0,114,0,0,0,0,0,0,False,False,False
2015-08-10,0,31,41,0,4,4,0,114,8672,104,0,114,0,0,0,0,0,0,False,False,False
2015-08-11,0,32,41,0,4,4,0,114,8696,104,0,114,0,0,0,0,0,0,False,False,False
2015-08-12,0,33,41,0,4,4,0,114,8719,104,0,114,0,0,0,0,0,0,False,False,False
2015-08-13,0,32,41,0,4,4,0,114,8744,104,0,114,0,0,0,0,0,0,False,False,False
2015-08-14,0,31,41,0,4,4,0,114,8768,104,0,114,0,0,0,0,0,0,False,False,False
2015-08-15,0,32,41,0,4,4,0,114,8792,104,0,114,0,0,0,0,0,0,False,False,False
2015-08-16,0,32,41,0,4,4,0,114,8815,104,0,114,0,0,0,0,0,0,False,False,False
2015-08-17,0,32,41,0,4,4,0,114,8840,104,0,114,0,0,0,0,0,0,False,False,False
2015-08-18,0,32,41,0,4,4,0,114,8864,104,0,114,0,0,0,0,0,0,False,False,False
2015-08-19,0,31,41,0,4,4,0,114,8887,104,0,114,0,0,0,0,0,0,False,False,False
2015-08-20,0,31,41,0,4,4,0,114,8912,104,0,114,0,0,0,0,0,0,False,False,False
2015-08-21,0,31,41,0,4,4,0,114,8936,104,0,114,0,0,0,0,0,0,False,False,False
2015-08-22,0,32,41,0,4,4,0,114,8960,104,0,114,0,0,0,0,0,0,False,False,False
2015-08-23,0,31,41,0,4,4,0,114,8983,104,0,114,0,0,0,0,0,0,False,False,False
2015-08-24,0,31,41,0,4,4,0,114,9008,104,0,114,0,0,0,0,0,0,False,False,False
2015-08-25,0,32,41,0,4,4,0,114,9032,104,0,114,0,0,0,0,0,0,False,False,False
2015-08-26,0,31,41,0,4,4,0,114,9055,104,0,114,0,0,0,0,0,0,False,False,False
2015-08-27,0,31,41,0,4,4,0,114,9079,104,0,114,0,0,0,0,0,0,False,False,False
2015-08-28,0,31,41,0,4,4,0,114,9104,104,0,114,0,0,0,0,0,0,False,False,False
2015-08-29,0,32,41,0,4,4,0,114,9127,104,0,114,0,0,0,0,0,0,False,False,False
2015-08-30,0,31,41,0,4,4,0,114,9151,104,0,114,0,0,0,0,0,0,False,False,False
2015-08-31,0,31,41,0,4,4,0,114,9176,104,0,114,0,0,0,0,0,0,False,False,False
2015-09-01,0,31,41,0,4,4,0,114,9200,104,0,114,0,0,0,0,0,0,False,False,False
2015-09-02,0,32,41,0,4,4,0,115,9223,104,0,115,0,0,0,0,0,0,False,False,False
2015-09-03,0,31,41,0,4,4,0,116,9248,104,0,116,0,0,0,0,0,0,False,False,False
2015-09-04,0,31,41,0,4,4,0,116,9272,104,0,116,0,0,0,0,0,0,False,False,False
2015-09-05,0,31,41,0,4,4,0,116,9295,104,0,116,0,0,0,0,0,0,False,False,False
2015-09-06,0,31,41,0,4,4,0,116,9320,104,0,116,0,0,0,0,0,0,False,False,False
2015-09-07,0,31,41,0,4,4,0,116,9344,104,0,116,0,0,0,0,0,0,False,False,False
2015-09-08,0,32,41,0,4,4,0,116,9368,104,0,116,0,0,0,0,0,0,False,False,False
2015-09-09,0,32,41,0,4,4,0,116,9391,104,0,116,0,0,0,0,0,0,False,False,False
2015-09-10,0,32,41,0,4,4,0,116,9416,104,0,116,0,0,0,0,0,0,False,False,False
2015-09-11,0,32,41,0,4,4,0,116,9440,104,0,116,0,0,0,0,0,0,False,False,False
2015-09-12,0,32,41,0,4,4,0,116,9463,104,0,116,0,0,0,0,0,0,False,False,False
2015-09-13,0,32,41,0,4,4,0,117,9488,104,0,117,0,0,0,0,0,0,False,False,False
2015-09-14,0,32,41,0,4,4,0,117,9512,104,0,117,0,0,0,0,0,0,False,False,False
2015-09-15,0,32,42,0,4,4,0,118,9535,104,0,118,0,0,0,0,0,0,False,False,False
2015-09-16,0,32,42,0,4,4,0,118,9559,104,0,118,0,0,0,0,0,0,False,False,False
2015-09-17,0,32,42,0,4,4,0,118,9584,104,0,118,0,0,0,0,0,0,False,False,False
2015-09-18,0,32,42,0,4,4,0,118,9607,104,0,118,0,0,0,0,0,0,False,False,False
2015-09-19,0,32,42,0,4,4,0,119,9631,104,0,119,0,0,0,0,0,0,False,False,False
2015-09-20,0,32,42,0,4,4,0,120,9656,104,0,120,0,0,0,0,0,0,False,False,False
2015-09-21,0,32,42,0,4,4,0,120,9680,104,0,120,0,0,0,0,0,0,False,False,False
2015-09-22,0,32,40,0,4,4,0,121,9703,104,0,121,0,0,0,0,0,0,False,False,False
2015-09-23,0,32,40,0,4,4,0,122,9728,104,0,122,0,0,0,0,0,0,False,False,False
2015-09-24,0,32,40,0,4,4,0,122,9752,104,0,122,0,0,0,0,0,0,False,False,False
2015-09-25,0,32,41,0,4,4,0,123,9775,104,0,123,0,0,0,0,0,0,False,False,False
2015-09-26,0,32,41,0,4,4,0,124,9800,104,0,124,0,0,0,0,0,0,False,False,False
2015-09-27,0,32,41,0,4,4,0,124,9824,104,0,124,0,0,0,0,0,0,False,False,False
2015-09-28,0,32,41,0,4,4,0,124,9847,104,0,124,0,0,0,0,0,0,False,False,False
2015-09-29,0,32,41,0,4,4,0,124,9872,104,0,124,0,0,0,0,0,0,False,False,False
2015-09-30,0,32,41,0,4,4,0,125,9896,104,0,125,0,0,0,0,0,0,False,False,False
2015-10-01,0,32,41,0,4,4,0,125,9920,104,0,125,0,0,0,0,0,0,False,False,False
2015-10-02,0,32,41,0,4,4,0,125,9943,104,0,125,0,0,0,0,0,0,False,False,False
2015-10-03,0,32,41,0,4,4,0,125,9968,104,0,125,0,0,0,0,0,0,False,False,False
2015-10-04,0,32,41,0,4,4,0,126,9992,104,0,126,0,0,0,0,0,0,False,False,False
2015-10-05,0,32,41,0,4,4,0,126,10015,104,0,126,0,0,0,0,0,0,False,False,False
2015-10-06,0,31,41,0,4,4,0,126,10040,104,0,126,0,0,0,0,0,0,False,False,False
2015-10-07,0,32,42,0,4,4,0,127,10064,104,0,127,0,0,0,0,0,0,False,False,False
2015-10-08,0,30,42,0,4,4,0,128,10087,104,0,128,0,0,0,0,0,0,False,False,False
2015-10-09,0,30,42,0,4,4,0,128,10112,104,0,128,0,0,0,0,0,0,False,False,False
2015-10-10,0,30,42,0,4,4,0,128,10136,104,0,128,0,0,0,0,0,0,False,False,False
2015-10-11,0,30,42,0,4,4,0,128,10160,104,0,128,0,0,0,0,0,0,False,False,False
2015-10-12,0,30,42,0,4,4,0,128,10183,104,0,128,0,0,0,0,0,0,False,False,False
2015-10-13,0,30,42,0,4,4,0,129,10208,104,0,129,0,0,0,0,0,0,False,False,False
2015-10-14,0,30,42,0,4,4,0,129,10232,104,0,129,0,0,0,0,0,0,False,False,False
2015-10-15,0,30,42,0,4,4,0,129,10255,104,0,129,0,0,0,0,0,0,False,False,False
2015-10-16,0,30,43,0,4,4,0,130,10280,104,0,130,0,0,0,0,0,0,False,False,False
2015-10-17,0,30,43,0,4,4,0,130,10304,104,0,130,0,0,0,0,0,0,False,False,False
2015-10-18,0,30,43,0,4,4,0,130,10327,104,0,130,0,0,0,0,0,0,False,False,False
2015-10-19,0,30,42,0,4,4,0,131,10352,104,0,131,0,0,0,0,0,0,False,False,False
2015-10-20,0,30,42,0,4,4,0,131,10376,104,0,131,0,0,0,0,0,0,False,False,False
2015-10-21,0,30,42,0,4,4,0,131,10400,104,0,131,0,0,0,0,0,0,False,False,False
2015-10-22,0,31,41,0,4,4,0,132,10423,104,0,132,0,0,0,0,0,0,False,False,False
2015-10-23,0,31,41,0,4,4,0,132,10447,104,0,132,0,0,0,0,0,0,False,False,False
2015-10-24,0,30,41,0,4,4,0,133,10472,104,0,133,0,0,0,0,0,0,False,False,False
2015-10-25,0,30,41,0,4,4,0,133,10496,104,0,133,0,0,0,0,0,0,False,False,False
2015-10-26,0,30,41,0,4,4,0,133,10519,104,0,133,0,0,0,0,0,0,False,False,False
2015-10-27,0,30,42,0,4,4,0,133,10544,104,0,133,0,0,0,0,0,0,False,False,False
2015-10-29,0,30,41,0,4,4,0,135,10591,104,0,135,0,0,0,0,0,0,False,False,False
2015-10-30,0,31,41,0,4,4,0,135,10616,104,0,135,0,0,0,0,0,0,False,False,False
2015-10-31,0,30,41,0,4,4,0,135,10640,104,0,135,0,0,0,0,0,0,False,False,False
2015-11-02,0,30,42,0,4,4,0,136,10689,104,0,136,0,0,0,0,0,0,False,False,False
2015-11-03,0,30,42,0,4,4,0,137,10713,104,0,137,0,0,0,0,0,0,False,False,False
2015-11-04,0,31,42,0,4,4,0,137,10736,104,0,137,0,0,0,0,0,0,False,False,False
2015-11-05,0,32,42,0,4,4,0,138,10761,104,0,138,0,0,0,0,0,0,False,False,False
2015-11-06,0,32,40,0,4,4,0,139,10785,104,0,139,0,0,0,0,0,0,False,False,False
2015-11-07,0,32,40,0,4,4,0,139,10808,104,0,139,0,0,0,0,0,0,False,False,False
2015-11-08,0,31,40,0,4,4,0,139,10833,104,0,139,0,0,0,0,0,0,False,False,False
2015-11-09,0,30,40,0,4,4,0,139,10857,104,0,139,0,0,0,0,0,0,False,False,False
2015-11-10,0,30,42,0,4,4,0,140,10880,104,0,140,0,0,0,0,0,0,False,False,False
2015-11-11,0,30,42,0,4,4,0,140,10905,104,0,140,0,0,0,0,0,0,False,False,False
2015-11-12,0,30,42,0,4,4,0,140,10929,104,0,140,0,0,0,0,0,0,False,False,False
2015-11-13,0,30,42,0,4,4,0,140,10953,104,0,140,0,0,0,0,0,0,False,False,False
2015-11-14,0,30,42,0,4,4,0,141,10976,104,0,141,0,0,0,0,0,0,False,False,False
2015-11-15,0,30,42,0,4,4,0,141,11001,104,0,141,0,0,0,0,0,0,False,False,False
2015-11-16,0,30,42,0,4,4,0,141,11025,104,0,141,0,0,0,0,0,0,False,False,False
2015-11-17,0,31,42,0,4,4,0,141,11048,104,0,141,0,0,0,0,0,0,False,False,False
2015-11-18,0,31,40,0,4,4,0,142,11073,104,0,142,0,0,0,0,0,0,False,False,False
2015-11-19,0,32,40,0,4,4,0,143,11097,104,0,143,0,0,0,0,0,0,False,False,False
2015-11-20,0,33,40,0,4,4,0,143,11120,104,0,143,0,0,0,0,0,0,False,False,False
2015-11-21,0,32,42,0,4,4,0,144,11145,104,0,144,0,0,0,0,0,0,False,False,False
2015-11-22,0,32,42,0,4,4,0,144,11169,104,0,144,0,0,0,0,0,0,False,False,False
2015-11-23,0,32,42,0,4,4,0,144,11192,104,0,144,0,0,0,0,0,0,False,False,False
2015-11-24,0,33,42,0,4,4,0,145,11217,104,0,145,0,0,0,0,0,0,False,False,False
2015-11-25,0,31,42,0,4,4,0,146,11241,104,0,146,0,0,0,0,0,0,False,False,False
2015-11-26,0,31,42,0,4,4,0,147,11265,104,0,147,0,0,0,0,0,0,False,False,False
2015-11-27,0,31,42,0,4,4,0,147,11288,104,0,147,0,0,0,0,0,0,False,False,False
2015-11-28,0,31,41,0,4,4,0,148,11313,104,0,148,0,0,0,0,0,0,False,False,False
2015-11-29,0,32,41,0,4,4,0,149,11337,104,0,149,0,0,0,0,0,0,False,False,False
2015-11-30,0,31,41,0,4,4,0,150,11360,104,0,150,0,0,0,0,0,0,False,False,False
2015-12-01,0,31,42,0,4,4,0,151,11385,104,0,151,0,0,0,0,0,0,False,False,False
2015-12-02,0,31,42,0,4,4,0,151,11409,104,0,151,0,0,0,0,0,0,False,False,False
2015-12-03,0,31,42,0,4,4,0,152,11432,104,0,152,0,0,0,0,0,0,False,False,False
2015-12-04,0,32,42,0,4,4,0,152,11456,104,0,152,0,0,0,0,0,0,False,False,False
2015-12-05,0,32,42,0,4,4,0,153,11481,104,0,153,0,0,0,0,0,0,False,False,False
2015-12-06,0,32,42,0,4,4,0,153,11505,104,0,153,0,0,0,0,0,0,False,False,False
2015-12-07,0,32,41,0,4,4,0,154,11528,104,0,154,0,0,0,0,0,0,False,False,False
2015-12-08,0,32,41,0,4,4,0,154,11553,104,0,154,0,0,0,0,0,0,False,False,False
2015-12-09,0,33,41,0,4,4,0,154,11577,104,0,154,0,0,0,0,0,0,False,False,False
2015-12-10,0,33,41,0,4,4,0,155,11600,104,0,155,0,0,0,0,0,0,False,False,False
2015-12-11,0,32,41,0,4,4,0,155,11625,104,0,155,0,0,0,0,0,0,False,False,False
2015-12-12,0,32,42,0,4,4,0,156,11649,104,0,156,0,0,0,0,0,0,False,False,False
2015-12-13,0,32,42,0,4,4,0,156,11672,104,0,156,0,0,0,0,0,0,False,False,False
2015-12-14,0,32,42,0,4,4,0,156,11697,104,0,156,0,0,0,0,0,0,False,False,False
2015-12-15,0,32,42,0,4,4,0,157,11721,104,0,157,0,0,0,0,0,0,False,False,False
2015-12-16,0,31,42,0,4,4,0,157,11744,104,0,157,0,0,0,0,0,0,False,False,False
2015-12-17,0,31,42,0,4,4,0,158,11768,104,0,158,0,0,0,0,0,0,False,False,False
2015-12-18,0,31,42,0,4,4,0,158,11793,104,0,158,0,0,0,0,0,0,False,False,False
2015-12-19,0,31,42,0,4,4,0,158,11817,104,0,158,0,0,0,0,0,0,False,False,False
2015-12-20,0,31,42,0,4,4,0,158,11840,104,0,158,0,0,0,0,0,0,False,False,False
2015-12-21,0,31,42,0,4,4,0,158,11865,104,0,158,0,0,0,0,0,0,False,False,False
2015-12-22,0,32,42,0,4,4,0,159,11889,104,0,159,0,0,0,0,0,0,False,False,False
2015-12-23,0,32,42,0,4,4,0,159,11912,104,0,159,0,0,0,0,0,0,False,False,False
2015-12-24,0,31,42,0,4,4,0,159,11937,104,0,159,0,0,0,0,0,0,False,False,False
2015-12-25,0,31,42,0,4,4,0,160,11961,104,0,160,0,0,0,0,0,0,False,False,False
2015-12-26,0,31,42,0,4,4,0,160,11984,104,0,160,0,0,0,0,0,0,False,False,False
2015-12-27,0,31,42,0,4,4,0,160,12009,104,0,160,0,0,0,0,0,0,False,False,False
2015-12-28,0,32,42,0,4,4,0,160,12033,104,0,160,0,0,0,0,0,0,False,False,False
2015-12-29,0,32,42,0,4,4,0,160,12057,104,0,160,0,0,0,0,0,0,False,False,False
2015-12-30,0,31,42,0,4,4,0,161,12080,104,0,161,0,0,0,0,0,0,False,False,False
2015-12-31,0,31,42,0,4,4,0,161,12105,104,0,161,0,0,0,0,0,0,False,False,False
2016-01-01,0,31,40,0,4,4,0,162,12129,104,0,162,0,0,0,0,0,0,False,False,False
2016-01-02,0,31,40,0,4,4,0,163,12152,104,0,163,0,0,0,0,0,0,False,False,False
2016-01-03,0,32,40,0,4,4,0,163,12177,104,0,163,0,0,0,0,0,0,False,False,False
2016-01-04,0,32,42,0,4,4,0,164,12201,104,0,164,0,0,0,0,0,0,False,False,False
2016-01-05,0,32,42,0,4,4,0,164,12224,104,0,164,0,0,0,0,0,0,False,False,False
2016-01-06,0,32,42,0,4,4,0,165,12249,104,0,165,0,0,0,0,0,0,False,False,False
2016-01-07,0,32,42,0,4,4,0,166,12273,104,0,166,0,0,0,0,0,0,False,False,False
2016-01-08,0,31,42,0,4,4,0,167,12297,104,0,167,0,0,0,0,0,0,False,False,False
2016-01-09,0,32,42,0,4,4,0,167,12321,104,0,167,0,0,0,0,0,0,False,False,False
2016-01-10,0,32,42,0,4,4,0,167,12345,104,0,167,0,0,0,0,0,0,False,False,False
2016-01-11,0,32,42,0,4,4,0,167,12369,104,0,167,0,0,0,0,0,0,False,False,False
2016-01-12,0,32,42,0,4,4,0,168,12392,104,0,168,0,0,0,0,0,0,False,False,False
2016-01-13,0,32,42,0,4,4,0,168,12417,104,0,168,0,0,0,0,0,0,False,False,False
2016-01-14,0,32,42,0,4,4,0,168,12441,104,0,168,0,0,0,0,0,0,False,False,False
2016-01-15,0,32,42,0,4,4,0,169,12464,104,0,169,0,0,0,0,0,0,False,False,False
2016-01-16,0,32,42,0,4,4,0,169,12489,104,0,169,0,0,0,0,0,0,False,False,False
2016-01-17,0,31,42,0,4,4,0,170,12513,104,0,170,0,0,0,0,0,0,False,False,False
2016-01-18,0,32,42,0,4,4,0,170,12536,104,0,170,0,0,0,0,0,0,False,False,False
2016-01-19,0,31,42,0,4,4,0,171,12560,104,0,171,0,0,0,0,0,0,False,False,False
2016-01-20,0,32,42,0,4,4,0,172,12585,104,0,172,0,0,0,0,0,0,False,False,False
2016-01-21,0,31,42,0,4,4,0,172,12609,104,0,172,0,0,0,0,0,0,False,False,False
2016-01-22,0,31,42,0,4,4,0,172,12632,104,0,172,0,0,0,0,0,0,False,False,False
2016-01-23,0,31,41,0,4,4,0,173,12657,104,0,173,0,0,0,0,0,0,False,False,False
2016-01-24,0,31,41,0,4,4,0,174,12681,104,0,174,0,0,0,0,0,0,False,False,False
2016-01-25,0,31,42,0,4,4,0,175,12704,104,0,175,0,0,0,0,0,0,False,False,False
2016-01-26,0,31,42,0,4,4,0,175,12729,104,0,175,0,0,0,0,0,0,False,False,False
2016-01-27,0,30,42,0,4,4,0,176,12753,104,0,176,0,0,0,0,0,0,False,False,False
2016-01-28,0,30,42,0,4,4,0,176,12776,104,0,176,0,0,0,0,0,0,False,False,False
2016-01-29,0,30,43,0,4,4,0,177,12801,104,0,177,0,0,0,0,0,0,False,False,False
2016-01-30,0,31,43,0,4,4,0,177,12825,104,0,177,0,0,0,0,0,0,False,False,False
2016-01-31,0,31,43,0,4,4,0,177,12849,104,0,177,0,0,0,0,0,0,False,False,False
2016-02-01,0,32,43,0,4,4,0,177,12873,104,0,177,0,0,0,0,0,0,False,False,False
2016-02-02,0,32,42,0,4,4,0,178,12897,104,0,178,0,0,0,0,0,0,False,False,False
2016-02-03,0,33,42,0,4,4,0,178,12921,104,0,178,0,0,0,0,0,0,False,False,False
2016-02-04,0,33,42,0,4,4,0,178,12944,104,0,178,0,0,0,0,0,0,False,False,False
2016-02-05,0,33,42,0,4,4,0,178,12969,104,0,178,0,0,0,0,0,0,False,False,False
2016-02-06,0,33,41,0,4,4,0,179,12993,104,0,179,0,0,0,0,0,0,False,False,False
2016-02-07,0,33,41,0,4,4,0,179,13016,104,0,179,0,0,0,0,0,0,False,False,False
2016-02-08,0,33,41,0,4,4,0,180,13041,104,0,180,0,0,0,0,0,0,False,False,False
2016-02-09,0,34,41,0,4,4,0,180,13065,104,0,180,0,0,0,0,0,0,False,False,False
2016-02-10,0,33,41,0,4,4,0,180,13089,104,0,180,0,0,0,0,0,0,False,False,False
2016-02-11,0,35,41,0,4,4,0,180,13112,104,0,180,0,0,0,0,0,0,False,False,False
2016-02-12,0,34,42,0,4,4,0,181,13137,104,0,181,0,0,0,0,0,0,False,False,False
2016-02-13,0,34,42,0,4,4,0,181,13161,104,0,181,0,0,0,0,0,0,False,False,False
2016-02-14,0,34,42,0,4,4,0,181,13184,104,0,181,0,0,0,0,0,0,False,False,False
2016-02-15,0,34,42,0,4,4,0,181,13209,104,0,181,0,0,0,0,0,0,False,False,False
2016-02-16,0,34,42,0,4,4,0,182,13233,104,0,182,0,0,0,0,0,0,False,False,False
2016-02-17,0,34,42,0,4,4,0,182,13256,104,0,182,0,0,0,0,0,0,False,False,False
2016-02-18,0,35,42,0,4,4,0,182,13281,104,0,182,0,0,0,0,0,0,False,False,False
2016-02-19,0,35,41,0,4,4,0,183,13305,104,0,183,0,0,0,0,0,0,False,False,False
2016-02-20,0,35,41,0,4,4,0,183,13328,104,0,183,0,0,0,0,0,0,False,False,False
2016-02-21,0,34,41,0,4,4,0,183,13352,104,0,183,0,0,0,0,0,0,False,False,False
2016-02-22,0,35,41,0,4,4,0,183,13377,104,0,183,0,0,0,0,0,0,False,False,False
2016-02-23,0,35,41,0,4,4,0,184,13401,104,0,184,0,0,0,0,0,0,False,False,False
2016-02-24,0,36,41,0,4,4,0,184,13424,104,0,184,0,0,0,0,0,0,False,False,False
2016-02-25,0,35,41,0,4,4,0,184,13449,104,0,184,0,0,0,0,0,0,False,False,False
2016-02-26,0,35,41,0,4,4,0,184,13473,104,0,184,0,0,0,0,0,0,False,False,False
2016-02-27,0,34,41,0,4,4,0,185,13496,104,0,185,0,0,0,0,0,0,False,False,False
2016-02-28,0,36,41,0,4,4,0,185,13521,104,0,185,0,0,0,0,0,0,False,False,False
2016-02-29,0,35,42,0,4,4,0,185,13545,104,0,185,0,0,0,0,0,0,False,False,False
2016-03-01,0,35,42,0,4,4,0,186,13568,104,0,186,0,0,0,0,0,0,False,False,False
2016-03-02,0,35,42,0,4,4,0,186,13592,104,0,186,0,0,0,0,0,0,False,False,False
2016-03-03,0,35,42,0,4,4,0,187,13617,104,0,187,0,0,0,0,0,0,False,False,False
2016-03-04,0,34,42,0,4,4,0,187,13641,104,0,187,0,0,0,0,0,0,False,False,False
2016-03-05,0,35,42,0,4,4,0,188,13664,104,0,188,0,0,0,0,0,0,False,False,False
2016-03-06,0,35,42,0,4,4,0,188,13689,104,0,188,0,0,0,0,0,0,False,False,False
2016-03-07,0,36,41,0,4,4,0,189,13713,104,0,189,0,0,0,0,0,0,False,False,False
2016-03-08,0,35,41,0,4,4,0,189,13736,104,0,189,0,0,0,0,0,0,False,False,False
2016-03-09,0,35,41,0,4,4,0,189,13761,104,0,189,0,0,0,0,0,0,False,False,False
2016-03-10,0,35,41,0,4,4,0,189,13785,104,0,189,0,0,0,0,0,0,False,False,False
2016-03-11,0,35,41,0,4,4,0,190,13809,104,0,190,0,0,0,0,0,0,False,False,False
2016-03-12,0,35,41,0,4,4,0,190,13832,104,0,190,0,0,0,0,0,0,False,False,False
2016-03-13,0,35,41,0,4,4,0,191,13857,104,0,191,0,0,0,0,0,0,False,False,False
2016-03-14,0,35,41,0,4,4,0,192,13881,104,0,192,0,0,0,0,0,0,False,False,False
2016-03-15,0,35,41,0,4,4,0,193,13904,104,0,193,0,0,0,0,0,0,False,False,False
2016-03-16,0,35,41,0,4,4,0,193,13927,104,0,193,0,0,0,0,0,0,False,False,False
2016-03-17,0,35,41,0,4,4,0,193,13952,104,0,193,0,0,0,0,0,0,False,False,False
2016-03-18,0,35,41,0,4,4,0,194,13976,104,0,194,0,0,0,0,0,0,False,False,False
2016-03-19,0,35,41,0,4,4,0,194,13999,104,0,194,0,0,0,0,0,0,False,False,False
2016-03-20,0,35,41,0,4,4,0,194,14024,104,0,194,0,0,0,0,0,0,False,False,False
2016-03-21,0,35,42,0,4,4,0,195,14048,104,0,195,0,0,0,0,0,0,False,False,False
2016-03-22,0,35,42,0,4,4,0,195,14071,104,0,195,0,0,0,0,0,0,False,False,False
2016-03-23,0,34,42,0,4,4,0,195,14096,104,0,195,0,0,0,0,0,0,False,False,False
2016-03-24,0,34,42,0,4,4,0,195,14120,104,0,195,0,0,0,0,0,0,False,False,False
2016-03-25,0,35,42,0,4,4,0,195,14144,104,0,195,0,0,0,0,0,0,False,False,False
2016-03-26,0,35,42,0,4,4,0,196,14167,104,0,196,0,0,0,0,0,0,False,False,False
2016-03-27,0,35,42,0,4,4,0,196,14192,104,0,196,0,0,0,0,0,0,False,False,False
2016-03-28,0,35,42,0,4,4,0,196,14216,104,0,196,0,0,0,0,0,0,False,False,False
2016-03-29,0,34,42,0,4,4,0,197,14239,104,0,197,0,0,0,0,0,0,False,False,False
2016-03-30,0,34,42,0,4,4,0,197,14264,104,0,197,0,0,0,0,0,0,False,False,False
2016-03-31,0,35,42,0,4,4,0,197,14288,104,0,197,0,0,0,0,0,0,False,False,False
2016-04-01,0,35,42,0,4,4,0,197,14311,104,0,197,0,0,0,0,0,0,False,False,False
2016-04-02,0,35,41,0,4,4,0,198,14336,104,0,198,0,0,0,0,0,0,False,False,False
2016-04-03,0,35,41,0,4,4,0,198,14360,104,0,198,0,0,0,0,0,0,False,False,False
2016-04-04,0,35,42,0,4,4,0,199,14384,104,0,199,0,0,0,0,0,0,False,False,False
2016-04-05,0,35,42,0,4,4,0,199,14407,104,0,199,0,0,0,0,0,0,False,False,False
2016-04-06,0,35,42,0,4,4,0,200,14432,104,0,200,0,0,0,0,0,0,False,False,False
2016-04-07,0,33,42,0,4,4,0,200,14456,104,0,200,0,0,0,0,0,0,False,False,False
2016-04-08,0,37,42,0,4,4,0,200,14479,104,0,200,0,0,0,0,0,0,False,False,False
2016-04-09,0,36,42,0,4,4,0,200,14504,104,0,200,0,0,0,0,0,0,False,False,False
2016-04-10,0,37,42,0,4,4,0,200,14528,104,0,200,0,0,0,0,0,0,False,False,False
2016-04-11,0,36,42,0,4,4,0,200,14551,104,0,200,0,0,0,0,0,0,False,False,False
2016-04-12,0,36,41,0,4,4,0,201,14576,104,0,201,0,0,0,0,0,0,False,False,False
2016-04-13,0,34,42,0,4,4,0,202,14600,104,0,202,0,0,0,0,0,0,False,False,False
2016-04-14,0,35,42,0,4,4,0,203,14623,104,0,203,0,0,0,0,0,0,False,False,False
2016-04-15,0,34,42,0,4,4,0,203,14648,104,0,203,0,0,0,0,0,0,False,False,False
2016-04-16,0,34,43,0,4,4,0,204,14672,104,0,204,0,0,0,0,0,0,False,False,False
2016-04-17,0,34,43,0,4,4,0,205,14696,104,0,205,0,0,0,0,0,0,False,False,False
2016-04-18,0,35,41,0,4,4,0,206,14719,104,0,206,0,0,0,0,0,0,False,False,False
2016-04-19,0,33,41,0,4,4,0,206,14744,104,0,206,0,0,0,0,0,0,False,False,False
2016-04-20,0,33,40,0,4,4,0,207,14768,104,0,207,0,0,0,0,0,0,False,False,False
2016-04-21,0,33,40,0,4,4,0,207,14791,104,0,207,0,0,0,0,0,0,False,False,False
2016-04-22,0,36,42,0,4,4,0,208,14816,104,0,208,0,0,0,0,0,0,False,False,False
2016-04-23,0,36,42,0,4,4,0,208,14840,104,0,208,0,0,0,0,0,0,False,False,False
2016-04-24,0,28,42,0,5,5,0,209,14864,104,0,209,458,0,0,0,0,0,False,False,False
2016-04-25,0,27,43,0,5,5,0,210,14887,104,0,210,458,0,0,0,0,0,False,False,False
2016-04-26,0,27,43,0,5,5,0,210,14912,104,0,210,458,0,0,0,0,0,False,False,False
2016-04-27,0,27,42,0,5,5,0,211,14936,104,0,211,458,0,0,0,0,0,False,False,False
2016-04-28,0,27,42,0,5,5,0,212,14959,104,0,212,458,0,0,0,0,0,False,False,False
2016-04-29,0,28,42,0,5,5,0,212,14983,104,0,212,458,0,0,0,0,0,False,False,False
2016-04-30,0,29,43,0,5,5,0,213,15008,104,0,213,458,0,0,0,0,0,False,False,False
2016-05-01,0,27,43,0,5,5,0,213,15031,104,0,213,458,0,0,0,0,0,False,False,False
2016-05-02,0,26,43,0,5,5,0,213,15055,104,0,213,458,0,0,0,0,0,False,False,False
2016-05-03,0,26,43,0,5,5,0,214,15080,104,0,214,458,0,0,0,0,0,False,False,False
2016-05-04,0,26,43,0,5,5,0,215,15104,104,0,215,458,0,0,0,0,0,False,False,False
2016-05-05,0,26,41,0,5,5,0,216,15127,104,0,216,458,0,0,0,0,0,False,False,False
2016-05-06,0,23,41,0,5,5,0,216,15152,104,0,216,458,0,0,0,0,0,False,False,False
2016-05-07,0,23,42,0,5,5,0,217,15176,104,0,217,458,0,0,0,0,0,False,False,False
2016-05-08,0,24,42,0,5,5,0,218,15199,104,0,218,458,0,0,0,0,0,False,False,False
2016-05-09,0,24,45,0,5,5,0,219,15224,104,0,219,458,0,0,0,0,0,False,False,False
2016-05-10,0,24,45,0,5,5,0,219,15248,104,0,219,458,0,0,0,0,0,False,False,False
2016-05-11,0,22,42,0,5,5,0,220,15271,104,0,220,458,0,0,0,0,0,False,False,False
2016-05-12,0,22,42,0,5,5,0,220,15295,104,0,220,458,0,0,0,0,0,False,False,False
2016-05-13,0,22,42,0,5,5,0,221,15320,104,0,221,458,0,0,0,0,0,False,False,False
2016-05-14,0,24,42,0,5,5,0,222,15344,104,0,222,458,0,0,0,0,0,False,False,False
2016-05-15,0,24,44,0,5,5,0,223,15367,104,0,223,458,0,0,0,0,0,False,False,False
2016-05-16,0,22,44,0,5,5,0,223,15392,104,0,223,458,0,0,0,0,0,False,False,False
2016-05-17,0,23,44,0,5,5,0,223,15416,104,0,223,458,0,0,0,0,0,False,False,False
2016-05-18,0,22,43,0,5,5,0,224,15439,104,0,224,458,0,0,0,0,0,False,False,False
2016-05-19,0,23,43,0,5,5,0,224,15464,104,0,224,458,0,0,0,0,0,False,False,False
2016-05-20,0,24,42,0,5,5,0,225,15488,104,0,225,458,0,0,0,0,0,False,False,False
2016-05-21,0,24,42,0,5,5,0,225,15511,104,0,225,458,0,0,0,0,0,False,False,False
2016-05-22,0,24,43,0,5,5,0,226,15535,104,0,226,458,0,0,0,0,0,False,False,False
2016-05-23,0,24,43,0,5,5,0,227,15560,104,0,227,458,0,0,0,0,0,False,False,False
2016-05-24,0,24,43,0,5,5,0,227,15583,104,0,227,458,0,0,0,0,0,False,False,False
2016-05-25,0,24,43,0,5,5,0,227,15607,104,0,227,458,0,0,0,0,0,False,False,False
2016-05-26,0,24,43,0,5,5,0,228,15632,104,0,228,458,0,0,0,0,0,False,False,False
2016-05-27,0,23,43,0,5,5,0,228,15656,104,0,228,458,0,0,0,0,0,False,False,False
2016-05-28,0,23,42,0,5,5,0,229,15679,104,0,229,458,0,0,0,0,0,False,False,False
2016-05-29,0,22,42,0,5,5,0,229,15704,104,0,229,458,0,0,0,0,0,False,False,False
2016-05-30,0,22,43,0,5,5,0,230,15728,104,0,230,458,0,0,0,0,0,False,False,False
2016-05-31,0,23,43,0,5,5,0,230,15751,104,0,230,458,0,0,0,0,0,False,False,False
2016-06-01,0,23,43,0,5,5,0,230,15776,104,0,230,458,0,0,0,0,0,False,False,False
2016-06-02,0,22,43,0,5,5,0,231,15800,104,0,231,458,0,0,0,0,0,False,False,False
2016-06-03,0,23,43,0,5,5,0,231,15824,104,0,231,458,0,0,0,0,0,False,False,False
2016-06-04,0,22,42,0,5,5,0,232,15847,104,0,232,458,0,0,0,0,0,False,False,False
2016-06-05,0,23,42,0,5,5,0,232,15872,104,0,232,458,0,0,0,0,0,False,False,False
2016-06-06,0,23,43,0,5,5,0,233,15896,104,0,233,458,0,0,0,0,0,False,False,False
2016-06-07,0,22,43,0,5,5,0,233,15919,104,0,233,458,0,0,0,0,0,False,False,False
2016-06-08,0,23,43,0,5,5,0,234,15943,104,0,234,458,0,0,0,0,0,False,False,False
2016-06-09,0,23,43,0,5,5,0,235,15968,104,0,235,458,0,0,0,0,0,False,False,False
2016-06-10,0,22,43,0,5,5,0,235,15991,104,0,235,458,0,0,0,0,0,False,False,False
2016-06-11,0,23,43,0,5,5,0,235,16015,104,0,235,458,0,0,0,0,0,False,False,False
2016-06-12,0,22,43,0,5,5,0,236,16040,104,0,236,458,0,0,0,0,0,False,False,False
2016-06-13,0,23,43,0,5,5,0,236,16063,104,0,236,458,0,0,0,0,0,False,False,False
2016-06-14,0,22,43,0,5,5,0,236,16087,104,0,236,458,0,0,0,0,0,False,False,False
2016-06-15,0,23,42,0,5,5,0,236,16112,104,0,236,458,0,0,0,0,0,False,False,False
2016-06-16,0,23,42,0,5,5,0,237,16136,104,0,237,458,0,0,0,0,0,False,False,False
2016-06-17,0,23,43,0,5,5,0,238,16159,104,0,238,458,0,0,0,0,0,False,False,False
2016-06-18,0,23,43,0,5,5,0,238,16183,104,0,238,458,0,0,0,0,0,False,False,False
2016-06-19,0,23,43,0,5,5,0,239,16208,104,0,239,458,0,0,0,0,0,False,False,False
2016-06-20,0,22,43,0,5,5,0,239,16231,104,0,239,458,0,0,0,0,0,False,False,False
2016-06-21,0,23,42,0,5,5,0,240,16255,104,0,240,458,0,0,0,0,0,False,False,False
2016-06-22,0,23,42,0,5,5,0,241,16280,104,0,241,458,0,0,0,0,0,False,False,False
2016-06-23,0,23,42,0,5,5,0,242,16304,104,0,242,458,0,0,0,0,0,False,False,False
2016-06-24,0,22,42,0,5,5,0,242,16327,104,0,242,458,0,0,0,0,0,False,False,False
2016-06-25,0,23,42,0,5,5,0,243,16352,104,0,243,458,0,0,0,0,0,False,False,False
2016-06-26,0,22,42,0,5,5,0,244,16376,104,0,244,458,0,0,0,0,0,False,False,False
2016-06-27,0,22,43,0,5,5,0,245,16399,104,0,245,458,0,0,0,0,0,False,False,False
2016-06-28,0,22,43,0,5,5,0,245,16424,104,0,245,458,0,0,0,0,0,False,False,False
2016-06-29,0,22,44,0,5,5,0,246,16448,104,0,246,458,0,0,0,0,0,False,False,False
2016-06-30,0,22,44,0,5,5,0,247,16471,104,0,247,458,0,0,0,0,0,False,False,False
