date,failure,Smart 194: Temperature_Celsius (Raw Value),Smart 8: Seek_Time_Performance (Raw Value),Smart 1: Raw_Read_Error_Rate (Raw Value),Smart 12: Power_Cycle_Count (Raw Value),Smart 4: Start_Stop_Count (Raw Value),Smart 10: Spin_Retry_Count (Raw Value),Smart 192: Power-Off_Retract_Count (Raw Value),Smart 9: Power_On_Hours (Raw Value),Smart 2: Throughput_Performance (Raw Value),Smart 7: Seek_Error_Rate (Raw Value),Smart 193: Load_Cycle_Count (Raw Value),Smart 3: Spin_Up_Time (Raw Value),Smart 5: Reallocated_Sector_Ct (Raw Value),Smart 197: Current_Pending_Sector (Raw Value),Smart 198: Offline_Uncorrectable (Raw Value),Smart 199: UDMA_CRC_Error_Count (Raw Value),Smart 196: Reallocated_Event_Count (Raw Value),op_fail_30,op_fail_15,op_fail_1
2013-04-10,0,23,,0,,,,,21294,,,,,0,0,,,,False,False,False
2013-04-11,0,23,,65536,,,,,21318,,,,,0,0,,,,False,False,False
2013-04-12,0,23,,0,,,,,21342,,,,,0,0,,,,False,False,False
2013-04-13,0,23,,0,,,,,21366,,,,,0,0,,,,False,False,False
2013-04-14,0,23,,0,,,,,21390,,,,,0,0,,,,False,False,False
2013-04-15,0,23,,0,,,,,21414,,,,,0,0,,,,False,False,False
2013-04-16,0,23,,65536,,,,,21438,,,,,0,0,,,,False,False,False
2013-04-17,0,23,,0,,,,,21462,,,,,0,0,,,,False,False,False
2013-04-18,0,23,,65537,,,,,21486,,,,,0,0,,,,False,False,False
2013-04-19,0,23,,0,,,,,21510,,,,,0,0,,,,False,False,False
2013-04-20,0,23,,0,,,,,21534,,,,,0,0,,,,False,False,False
2013-04-21,0,23,,65537,,,,,21558,,,,,0,0,,,,False,False,False
2013-04-22,0,23,,2,,,,,21582,,,,,0,0,,,,False,False,False
2013-04-23,0,23,,0,,,,,21606,,,,,0,0,,,,False,False,False
2013-04-24,0,23,,1,,,,,21630,,,,,0,0,,,,False,False,False
2013-04-25,0,23,,0,,,,,21654,,,,,0,0,,,,False,False,False
2013-04-26,0,23,,0,,,,,21678,,,,,0,0,,,,False,False,False
2013-04-27,0,23,,0,,,,,21702,,,,,0,0,,,,False,False,False
2013-04-28,0,23,,0,,,,,21726,,,,,0,0,,,,False,False,False
2013-04-29,0,22,,0,,,,,21750,,,,,0,0,,,,False,False,False
2013-04-30,0,22,,0,,,,,21774,,,,,0,0,,,,False,False,False
2013-05-01,0,22,,1,,,,,21798,,,,,0,0,,,,False,False,False
2013-05-02,0,22,,65537,,,,,21822,,,,,0,0,,,,False,False,False
2013-05-03,0,22,,65536,,,,,21846,,,,,0,0,,,,False,False,False
2013-05-04,0,22,,0,,,,,21870,,,,,0,0,,,,False,False,False
2013-05-05,0,22,,0,,,,,21894,,,,,0,0,,,,False,False,False
2013-05-06,0,22,,65536,,,,,21918,,,,,0,0,,,,False,False,False
2013-05-07,0,22,,0,,,,,21942,,,,,0,0,,,,False,False,False
2013-05-08,0,23,,0,,,,,21966,,,,,0,0,,,,False,False,False
2013-05-09,0,22,,0,,,,,21990,,,,,0,0,,,,False,False,False
2013-05-10,0,22,,1,,,,,22014,,,,,0,0,,,,False,False,False
2013-05-11,0,22,,131072,,,,,22038,,,,,0,0,,,,False,False,False
2013-05-12,0,23,,65536,,,,,22062,,,,,0,0,,,,False,False,False
2013-05-13,0,23,,0,,,,,22086,,,,,0,0,,,,False,False,False
2013-05-14,0,22,,0,,,,,22110,,,,,0,0,,,,False,False,False
2013-05-15,0,22,,0,,,,,22134,,,,,0,0,,,,False,False,False
2013-05-16,0,22,,1,,,,,22158,,,,,0,0,,,,False,False,False
2013-05-17,0,22,,131072,,,,,22182,,,,,0,0,,,,False,False,False
2013-05-18,0,22,,65538,,,,,22206,,,,,0,0,,,,False,False,False
2013-05-19,0,23,,65539,,,,,22230,,,,,0,0,,,,False,False,False
2013-05-20,0,22,,131073,,,,,22254,,,,,0,0,,,,False,False,False
2013-05-21,0,22,,65540,,,,,22278,,,,,0,0,,,,False,False,False
2013-05-22,0,22,,131075,,,,,22302,,,,,0,0,,,,False,False,False
2013-05-23,0,22,,2,,,,,22326,,,,,0,0,,,,False,False,False
2013-05-24,0,22,,0,,,,,22350,,,,,0,0,,,,False,False,False
2013-05-25,0,23,,0,,,,,22374,,,,,0,0,,,,False,False,False
2013-05-26,0,22,,0,,,,,22398,,,,,0,0,,,,False,False,False
2013-05-27,0,23,,65537,,,,,22422,,,,,0,0,,,,False,False,False
2013-05-28,0,23,,1,,,,,22446,,,,,0,0,,,,False,False,False
2013-05-29,0,23,,0,,,,,22470,,,,,0,0,,,,False,False,False
2013-05-30,0,23,,65536,,,,,22494,,,,,0,0,,,,False,False,False
2013-05-31,0,23,,0,,,,,22518,,,,,0,0,,,,False,False,False
2013-06-01,0,22,,0,,,,,22542,,,,,0,0,,,,False,False,False
2013-06-02,0,23,,0,,,,,22566,,,,,0,0,,,,False,False,False
2013-06-03,0,23,,65537,,,,,22590,,,,,0,0,,,,False,False,False
2013-06-04,0,23,,1,,,,,22614,,,,,0,0,,,,False,False,False
2013-06-05,0,22,,0,,,,,22638,,,,,0,0,,,,False,False,False
2013-06-06,0,22,,2,,,,,22662,,,,,0,0,,,,False,False,False
2013-06-07,0,22,,0,,,,,22686,,,,,0,0,,,,False,False,False
2013-06-08,0,22,,65536,,,,,22710,,,,,0,0,,,,False,False,False
2013-06-09,0,22,,65538,,,,,22734,,,,,0,0,,,,False,False,False
2013-06-10,0,22,,0,,,,,22758,,,,,0,0,,,,False,False,False
2013-06-11,0,22,,1,,,,,22782,,,,,0,0,,,,False,False,False
2013-06-12,0,22,,0,,,,,22806,,,,,0,0,,,,False,False,False
2013-06-13,0,22,,65536,,,,,22830,,,,,0,0,,,,False,False,False
2013-06-14,0,22,,65537,,,,,22854,,,,,0,0,,,,False,False,False
2013-06-15,0,22,,65538,,,,,22878,,,,,0,0,,,,False,False,False
2013-06-16,0,23,,65536,,,,,22902,,,,,0,0,,,,False,False,False
2013-06-17,0,22,,0,,,,,22926,,,,,0,0,,,,False,False,False
2013-06-18,0,22,,2,,,,,22950,,,,,0,0,,,,False,False,False
2013-06-19,0,23,,0,,,,,22974,,,,,0,0,,,,False,False,False
2013-06-20,0,23,,1,,,,,22998,,,,,0,0,,,,False,False,False
2013-06-21,0,22,,1,,,,,23022,,,,,0,0,,,,False,False,False
2013-06-22,0,23,,65536,,,,,23046,,,,,0,0,,,,False,False,False
2013-06-23,0,22,,65538,,,,,23070,,,,,0,0,,,,False,False,False
2013-06-24,0,22,,65536,,,,,23094,,,,,0,0,,,,False,False,False
2013-06-25,0,23,,65536,,,,,23118,,,,,0,0,,,,False,False,False
2013-06-26,0,22,,131072,,,,,23142,,,,,0,0,,,,False,False,False
2013-06-27,0,23,,1,,,,,23166,,,,,0,0,,,,False,False,False
2013-06-28,0,24,,65536,,,,,23190,,,,,0,0,,,,False,False,False
2013-06-29,0,23,,65536,,,,,23214,,,,,0,0,,,,False,False,False
2013-06-30,0,23,,65536,,,,,23238,,,,,0,0,,,,False,False,False
2013-07-01,0,23,,0,,,,,23262,,,,,0,0,,,,False,False,False
2013-07-02,0,23,,65537,,,,,23286,,,,,0,0,,,,False,False,False
2013-07-03,0,23,,131074,,,,,23310,,,,,0,0,,,,False,False,False
2013-07-04,0,23,,0,,,,,23334,,,,,0,0,,,,False,False,False
2013-07-05,0,23,,0,,,,,23358,,,,,0,0,,,,False,False,False
2013-07-06,0,22,,0,,,,,23382,,,,,0,0,,,,False,False,False
2013-07-07,0,23,,1,,,,,23406,,,,,0,0,,,,False,False,False
2013-07-08,0,23,,65536,,,,,23430,,,,,0,0,,,,False,False,False
2013-07-09,0,23,,1,,,,,23454,,,,,0,0,,,,False,False,False
2013-07-10,0,23,,1,,,,,23478,,,,,0,0,,,,False,False,False
2013-07-11,0,22,,0,,,,,23502,,,,,0,0,,,,False,False,False
2013-07-12,0,22,,0,,,,,23526,,,,,0,0,,,,False,False,False
2013-07-13,0,22,,1,,,,,23550,,,,,0,0,,,,False,False,False
2013-07-14,0,22,,0,,,,,23574,,,,,0,0,,,,False,False,False
2013-07-15,0,22,,196608,,,,,23598,,,,,0,0,,,,False,False,False
2013-07-16,0,22,,1,,,,,23622,,,,,0,0,,,,False,False,False
2013-07-17,0,22,,65537,,,,,23646,,,,,0,0,,,,False,False,False
2013-07-18,0,22,,0,,,,,23670,,,,,0,0,,,,False,False,False
2013-07-19,0,23,,1,,,,,23694,,,,,0,0,,,,False,False,False
2013-07-20,0,22,,0,,,,,23718,,,,,0,0,,,,False,False,False
2013-07-21,0,22,,65538,,,,,23742,,,,,0,0,,,,False,False,False
2013-07-22,0,22,,0,,,,,23766,,,,,0,0,,,,False,False,False
2013-07-23,0,22,,1,,,,,23790,,,,,0,0,,,,False,False,False
2013-07-24,0,22,,0,,,,,23809,,,,,0,0,,,,False,False,False
2013-07-25,0,22,,65536,,,,,23833,,,,,0,0,,,,False,False,False
2013-07-26,0,22,,0,,,,,23857,,,,,0,0,,,,False,False,False
2013-07-27,0,22,,0,,,,,23881,,,,,0,0,,,,False,False,False
2013-07-28,0,22,,1,,,,,23905,,,,,0,0,,,,False,False,False
2013-07-29,0,21,,0,,,,,23929,,,,,0,0,,,,False,False,False
2013-07-30,0,22,,0,,,,,23953,,,,,0,0,,,,False,False,False
2013-07-31,0,22,,0,,,,,23977,,,,,0,0,,,,False,False,False
2013-08-01,0,22,,65537,,,,,24001,,,,,0,0,,,,False,False,False
2013-08-02,0,21,,0,,,,,24025,,,,,0,0,,,,False,False,False
2013-08-03,0,22,,65538,,,,,24049,,,,,0,0,,,,False,False,False
2013-08-04,0,23,,0,,,,,24072,,,,,0,0,,,,False,False,False
2013-08-05,0,23,,65536,,,,,24097,,,,,0,0,,,,False,False,False
2013-08-06,0,22,,1,,,,,24121,,,,,0,0,,,,False,False,False
2013-08-07,0,22,,65536,,,,,24145,,,,,0,0,,,,False,False,False
2013-08-08,0,22,,65539,,,,,24169,,,,,0,0,,,,False,False,False
2013-08-09,0,22,,0,,,,,24193,,,,,0,0,,,,False,False,False
2013-08-10,0,22,,0,,,,,24217,,,,,0,0,,,,False,False,False
2013-08-11,0,22,,65537,,,,,24241,,,,,0,0,,,,False,False,False
2013-08-12,0,22,,1,,,,,24265,,,,,0,0,,,,False,False,False
2013-08-13,0,22,,2,,,,,24289,,,,,0,0,,,,False,False,False
2013-08-14,0,22,,2,,,,,24313,,,,,0,0,,,,False,False,False
2013-08-15,0,22,,1,,,,,24337,,,,,0,0,,,,False,False,False
2013-08-16,0,22,,0,,,,,24360,,,,,0,0,,,,False,False,False
2013-08-17,0,22,,65536,,,,,24384,,,,,0,0,,,,False,False,False
2013-08-18,0,23,,2,,,,,24408,,,,,0,0,,,,False,False,False
2013-08-19,0,23,,65537,,,,,24432,,,,,0,0,,,,False,False,False
2013-10-15,0,24,,65536,,,,,25800,,,,,0,0,,,,False,False,False
2013-10-16,0,24,,65536,,,,,25824,,,,,0,0,,,,False,False,False
2013-10-17,0,24,,65536,,,,,25848,,,,,0,0,,,,False,False,False
2013-10-18,0,24,,131074,,,,,25872,,,,,0,0,,,,False,False,False
2013-10-19,0,24,,0,,,,,25896,,,,,0,0,,,,False,False,False
2013-10-20,0,24,,0,,,,,25920,,,,,0,0,,,,False,False,False
2013-10-21,0,24,,1,,,,,25944,,,,,0,0,,,,False,False,False
2013-10-22,0,24,,65536,,,,,25968,,,,,0,0,,,,False,False,False
2013-10-23,0,24,,65537,,,,,25992,,,,,0,0,,,,False,False,False
2013-10-24,0,24,,65536,,,,,26016,,,,,0,0,,,,False,False,False
2013-10-25,0,24,,0,,,,,26040,,,,,0,0,,,,False,False,False
2013-10-26,0,24,,0,,,,,26064,,,,,0,0,,,,False,False,False
2013-10-27,0,24,,0,,,,,26088,,,,,0,0,,,,False,False,False
2013-10-28,0,24,,0,,,,,26112,,,,,0,0,,,,False,False,False
2013-10-29,0,24,,0,,,,,26136,,,,,0,0,,,,False,False,False
2013-10-30,0,24,,0,,,,,26160,,,,,0,0,,,,False,False,False
2013-10-31,0,24,,0,,,,,26184,,,,,0,0,,,,False,False,False
2013-11-01,0,24,,131073,,,,,26208,,,,,0,0,,,,False,False,False
2013-11-02,0,28,,0,,,,,26232,,,,,0,0,,,,False,False,False
2013-11-03,0,23,,0,,,,,26256,,,,,0,0,,,,False,False,False
2013-11-04,0,31,,1,,,,,26281,,,,,0,0,,,,False,False,False
2013-11-05,0,30,,0,,,,,26305,,,,,0,0,,,,False,False,False
2013-11-06,0,28,,0,,,,,26329,,,,,0,0,,,,False,False,False
2013-11-07,0,23,,0,,,,,26353,,,,,0,0,,,,False,False,False
2013-11-08,0,24,,0,,,,,26377,,,,,0,0,,,,False,False,False
2013-11-09,0,24,,0,,,,,26401,,,,,0,0,,,,False,False,False
2013-11-10,0,29,,131072,,,,,26425,,,,,0,0,,,,False,False,False
2013-11-11,0,28,,0,,,,,26449,,,,,0,0,,,,False,False,False
2013-11-12,0,24,,0,,,,,26473,,,,,0,0,,,,False,False,False
2013-11-13,0,24,,65536,,,,,26497,,,,,0,0,,,,False,False,False
2013-11-14,0,24,,0,,,,,26521,,,,,0,0,,,,False,False,False
2013-11-15,0,23,,0,,,,,26545,,,,,0,0,,,,False,False,False
2013-11-16,0,24,,0,,,,,26569,,,,,0,0,,,,False,False,False
2013-11-17,0,23,,2,,,,,26593,,,,,0,0,,,,False,False,False
2013-11-18,0,24,,0,,,,,26617,,,,,0,0,,,,False,False,False
2013-11-19,0,24,,1,,,,,26641,,,,,0,0,,,,False,False,False
2013-11-20,0,23,,1,,,,,26665,,,,,0,0,,,,False,False,False
2013-11-21,0,24,,65537,,,,,26689,,,,,0,0,,,,False,False,False
2013-11-22,0,24,,0,,,,,26713,,,,,0,0,,,,False,False,False
2013-11-23,0,24,,1,,,,,26737,,,,,0,0,,,,False,False,False
2013-11-24,0,24,,2,,,,,26761,,,,,0,0,,,,False,False,False
2013-11-25,0,25,,131073,,,,,26785,,,,,0,0,,,,False,False,False
2013-11-26,0,23,,131074,,,,,26809,,,,,0,0,,,,False,False,False
2013-11-27,0,25,,65537,,,,,26833,,,,,0,0,,,,False,False,False
2013-11-28,0,24,,131072,,,,,26857,,,,,0,0,,,,False,False,False
2013-11-29,0,24,,65538,,,,,26881,,,,,0,0,,,,False,False,False
2013-11-30,0,24,,262150,,,,,26905,,,,,0,0,,,,False,False,False
2013-12-01,0,24,,131074,,,,,26929,,,,,0,0,,,,False,False,False
2013-12-02,0,24,,196611,,,,,26953,,,,,0,0,,,,False,False,False
2013-12-03,0,23,,131075,,,,,26977,,,,,0,0,,,,False,False,False
2013-12-04,0,24,,0,,,,,27001,,,,,0,0,,,,False,False,False
2013-12-05,0,24,,1,,,,,27025,,,,,0,0,,,,False,False,False
2013-12-06,0,24,,65536,,,,,27049,,,,,0,0,,,,False,False,False
2013-12-07,0,24,,0,,,,,27073,,,,,0,0,,,,False,False,False
2013-12-08,0,24,,0,,,,,27097,,,,,0,0,,,,False,False,False
2013-12-09,0,24,,0,,,,,27121,,,,,0,0,,,,False,False,False
2013-12-10,0,25,,0,,,,,27145,,,,,0,0,,,,False,False,False
2013-12-11,0,24,,131073,,,,,27169,,,,,0,0,,,,False,False,False
2013-12-12,0,24,,0,,,,,27193,,,,,0,0,,,,False,False,False
2013-12-13,0,24,,0,,,,,27217,,,,,0,0,,,,False,False,False
2013-12-14,0,24,,0,,,,,27241,,,,,0,0,,,,False,False,False
2013-12-15,0,24,,0,,,,,27265,,,,,0,0,,,,False,False,False
2013-12-16,0,24,,65537,,,,,27289,,,,,0,0,,,,False,False,False
2013-12-17,0,25,,2,,,,,27313,,,,,0,0,,,,False,False,False
2013-12-18,0,24,,0,,,,,27337,,,,,0,0,,,,False,False,False
2013-12-19,0,24,,0,,,,,27361,,,,,0,0,,,,False,False,False
2013-12-20,0,24,,0,,,,,27385,,,,,0,0,,,,False,False,False
2013-12-21,0,24,,1,,,,,27409,,,,,0,0,,,,False,False,False
2013-12-22,0,24,,0,,,,,27433,,,,,0,0,,,,False,False,False
2013-12-23,0,24,,0,,,,,27457,,,,,0,0,,,,False,False,False
2013-12-24,0,24,,1,,,,,27481,,,,,0,0,,,,False,False,False
2013-12-25,0,24,,0,,,,,27505,,,,,0,0,,,,False,False,False
2013-12-26,0,25,,0,,,,,27529,,,,,0,0,,,,False,False,False
2013-12-27,0,24,,0,,,,,27553,,,,,0,0,,,,False,False,False
2013-12-28,0,24,,0,,,,,27577,,,,,0,0,,,,False,False,False
2013-12-29,0,24,,65536,,,,,27601,,,,,0,0,,,,False,False,False
2013-12-30,0,24,,65536,,,,,27625,,,,,0,0,,,,False,False,False
2013-12-31,0,24,,0,,,,,27649,,,,,0,0,,,,False,False,False
2014-01-01,0,24,,0,,,,,27673,,,,,0,0,,,,False,False,False
2014-01-02,0,25,,2,,,,,27697,,,,,0,0,,,,False,False,False
2014-01-03,0,24,,0,,,,,27721,,,,,0,0,,,,False,False,False
2014-01-04,0,24,,0,,,,,27745,,,,,0,0,,,,False,False,False
2014-01-05,0,23,,0,,,,,27769,,,,,0,0,,,,False,False,False
2014-01-06,0,23,,0,,,,,27793,,,,,0,0,,,,False,False,False
2014-01-07,0,24,,65537,,,,,27817,,,,,0,0,,,,False,False,False
2014-01-08,0,24,,0,,,,,27841,,,,,0,0,,,,False,False,False
2014-01-09,0,24,,0,,,,,27865,,,,,0,0,,,,False,False,False
2014-01-10,0,23,,0,,,,,27889,,,,,0,0,,,,False,False,False
2014-01-11,0,24,,0,,,,,27913,,,,,0,0,,,,False,False,False
2014-01-12,0,24,,0,,,,,27937,,,,,0,0,,,,False,False,False
2014-01-13,0,24,,1,,,,,27961,,,,,0,0,,,,False,False,False
2014-01-14,0,24,,0,,,,,27985,,,,,0,0,,,,False,False,False
2014-01-15,0,23,,65538,,,,,28009,,,,,0,0,,,,False,False,False
2014-01-16,0,23,,0,,,,,28033,,,,,0,0,,,,False,False,False
2014-01-17,0,23,,0,,,,,28057,,,,,0,0,,,,False,False,False
2014-01-18,0,24,,3,,,,,28081,,,,,0,0,,,,False,False,False
2014-01-19,0,23,,0,,,,,28105,,,,,0,0,,,,False,False,False
2014-01-20,0,24,,2,,,,,28129,,,,,0,0,,,,False,False,False
2014-01-21,0,24,,0,,,,,28153,,,,,0,0,,,,False,False,False
2014-01-22,0,23,,0,,,,,28177,,,,,0,0,,,,False,False,False
2014-01-23,0,23,,0,,,,,28201,,,,,0,0,,,,False,False,False
2014-01-24,0,23,,0,,,,,28225,,,,,0,0,,,,False,False,False
2014-01-25,0,22,,65536,,,,,28249,,,,,0,0,,,,False,False,False
2014-01-26,0,23,,65536,,,,,28273,,,,,0,0,,,,False,False,False
2014-01-27,0,23,,65536,,,,,28297,,,,,0,0,,,,False,False,False
2014-01-28,0,24,,0,,,,,28321,,,,,0,0,,,,False,False,False
2014-01-29,0,23,,0,,,,,28345,,,,,0,0,,,,False,False,False
2014-01-30,0,23,,0,,,,,28369,,,,,0,0,,,,False,False,False
2014-01-31,0,23,,0,,,,,28393,,,,,0,0,,,,False,False,False
2014-02-01,0,23,,1,,,,,28417,,,,,0,0,,,,False,False,False
2014-02-02,0,23,,1,,,,,28441,,,,,0,0,,,,False,False,False
2014-02-03,0,23,,1,,,,,28465,,,,,0,0,,,,False,False,False
2014-02-04,0,23,,65536,,,,,28489,,,,,0,0,,,,False,False,False
2014-02-05,0,23,,1,,,,,28513,,,,,0,0,,,,False,False,False
2014-02-06,0,23,,65536,,,,,28536,,,,,0,0,,,,False,False,False
2014-02-07,0,23,,0,,,,,28560,,,,,0,0,,,,False,False,False
2014-02-08,0,23,,65539,,,,,28584,,,,,0,0,,,,False,False,False
2014-02-09,0,24,,0,,,,,28608,,,,,0,0,,,,False,False,False
2014-02-10,0,23,,0,,,,,28632,,,,,0,0,,,,False,False,False
2014-02-11,0,24,,65537,,,,,28656,,,,,0,0,,,,False,False,False
2014-02-12,0,23,,0,,,,,28680,,,,,0,0,,,,False,False,False
2014-02-13,0,23,,65536,,,,,28704,,,,,0,0,,,,False,False,False
2014-02-14,0,23,0,1,22,22,0,722,28728,0,0,722,630,0,0,0,0,0,False,False,False
2014-02-15,0,23,0,1,22,22,0,723,28752,0,0,723,630,0,0,0,0,0,False,False,False
2014-02-16,0,23,0,65537,22,22,0,724,28775,0,0,724,630,0,0,0,0,0,False,False,False
2014-02-17,0,23,0,0,22,22,0,724,28800,0,0,724,630,0,0,0,0,0,False,False,False
2014-02-18,0,24,0,65537,22,22,0,725,28824,0,0,725,630,0,0,0,0,0,False,False,False
2014-02-19,0,23,0,0,22,22,0,725,28847,0,0,725,630,0,0,0,0,0,False,False,False
2014-02-20,0,23,0,0,22,22,0,726,28872,0,0,726,630,0,0,0,0,0,False,False,False
2014-02-21,0,23,0,0,22,22,0,727,28896,0,0,727,630,0,0,0,0,0,False,False,False
2014-02-22,0,23,0,0,22,22,0,727,28919,0,0,727,630,0,0,0,0,0,False,False,False
2014-02-23,0,23,0,65536,22,22,0,728,28943,0,0,728,630,0,0,0,0,0,False,False,False
2014-02-24,0,23,0,0,22,22,0,729,28968,0,0,729,630,0,0,0,0,0,False,False,False
2014-02-25,0,23,0,0,22,22,0,729,28992,0,0,729,630,0,0,0,0,0,False,False,False
2014-02-26,0,23,0,131074,22,22,0,730,29015,0,0,730,630,0,0,0,0,0,False,False,False
2014-02-27,0,23,0,0,22,22,0,731,29040,0,0,731,630,0,0,0,0,0,False,False,False
2014-02-28,0,23,0,0,22,22,0,732,29064,0,0,732,630,0,0,0,0,0,False,False,False
2014-03-01,0,23,0,0,22,22,0,733,29087,0,0,733,630,0,0,0,0,0,False,False,False
2014-03-02,0,23,0,0,22,22,0,733,29112,0,0,733,630,0,0,0,0,0,False,False,False
2014-03-03,0,23,0,0,22,22,0,734,29136,0,0,734,630,0,0,0,0,0,False,False,False
2014-03-04,0,24,0,0,22,22,0,735,29159,0,0,735,630,0,0,0,0,0,False,False,False
2014-03-05,0,22,0,0,22,22,0,735,29184,0,0,735,630,0,0,0,0,0,False,False,False
2014-03-06,0,22,0,0,22,22,0,736,29208,0,0,736,630,0,0,0,0,0,False,False,False
2014-03-07,0,23,0,0,22,22,0,737,29231,0,0,737,630,0,0,0,0,0,False,False,False
2014-03-08,0,23,0,0,22,22,0,738,29255,0,0,738,630,0,0,0,0,0,False,False,False
2014-03-09,0,23,0,0,22,22,0,739,29280,0,0,739,630,0,0,0,0,0,False,False,False
2014-03-10,0,23,0,1,22,22,0,740,29304,0,0,740,630,0,0,0,0,0,False,False,False
2014-03-11,0,23,0,0,22,22,0,741,29327,0,0,741,630,0,0,0,0,0,False,False,False
2014-03-12,0,23,0,1,22,22,0,741,29350,0,0,741,630,0,0,0,0,0,False,False,False
2014-03-13,0,24,0,0,22,22,0,742,29375,0,0,742,630,0,0,0,0,0,False,False,False
2014-03-14,0,23,0,0,22,22,0,743,29399,0,0,743,630,0,0,0,0,0,False,False,False
2014-03-15,0,23,0,0,22,22,0,744,29422,0,0,744,630,0,0,0,0,0,False,False,False
2014-03-16,0,23,0,0,22,22,0,745,29447,0,0,745,630,0,0,0,0,0,False,False,False
2014-03-17,0,23,0,1,22,22,0,745,29471,0,0,745,630,0,0,0,0,0,False,False,False
2014-03-18,0,23,0,1,22,22,0,746,29494,0,0,746,630,0,0,0,0,0,False,False,False
2014-03-19,0,22,0,65536,22,22,0,747,29519,0,0,747,630,0,0,0,0,0,False,False,False
2014-03-20,0,23,0,1,22,22,0,748,29543,0,0,748,630,0,0,0,0,0,False,False,False
2014-03-21,0,23,0,0,23,23,0,749,29567,0,0,749,630,0,0,0,0,0,False,False,False
2014-03-22,0,23,0,1,23,23,0,750,29590,0,0,750,630,0,0,0,0,0,False,False,False
2014-03-23,0,25,0,0,23,23,0,751,29614,0,0,751,630,0,0,0,0,0,False,False,False
2014-03-24,0,23,0,0,23,23,0,752,29639,0,0,752,630,0,0,0,0,0,False,False,False
2014-03-25,0,23,0,0,23,23,0,753,29662,0,0,753,630,0,0,0,0,0,False,False,False
2014-03-26,0,23,0,0,23,23,0,753,29686,0,0,753,630,0,0,0,0,0,False,False,False
2014-03-27,0,23,0,0,23,23,0,754,29711,0,0,754,630,0,0,0,0,0,False,False,False
2014-03-28,0,23,0,0,23,23,0,755,29735,0,0,755,630,0,0,0,0,0,False,False,False
2014-03-29,0,23,0,0,23,23,0,756,29758,0,0,756,630,0,0,0,0,0,False,False,False
2014-03-30,0,23,0,1,23,23,0,757,29782,0,0,757,630,0,0,0,0,0,False,False,False
2014-03-31,0,23,0,0,23,23,0,758,29807,0,0,758,630,0,0,0,0,0,False,False,False
2014-04-01,0,23,0,65536,23,23,0,759,29830,0,0,759,630,0,0,0,0,0,False,False,False
2014-04-02,0,23,0,0,23,23,0,759,29854,0,0,759,630,0,0,0,0,0,False,False,False
2014-04-03,0,23,0,65536,23,23,0,759,29879,0,0,759,630,0,0,0,0,0,False,False,False
2014-04-04,0,23,0,0,23,23,0,760,29902,0,0,760,630,0,0,0,0,0,False,False,False
2014-04-05,0,23,0,0,23,23,0,760,29926,0,0,760,630,0,0,0,0,0,False,False,False
2014-04-06,0,23,0,65538,23,23,0,761,29951,0,0,761,630,0,0,0,0,0,False,False,False
2014-04-07,0,23,0,0,23,23,0,762,29974,0,0,762,630,0,0,0,0,0,False,False,False
2014-04-08,0,23,0,131073,23,23,0,762,29998,0,0,762,630,0,0,0,0,0,False,False,False
2014-04-09,0,23,0,262144,23,23,0,763,30022,0,0,763,630,0,0,0,0,0,False,False,False
2014-04-10,0,23,0,2,23,23,0,764,30047,0,0,764,630,0,0,0,0,0,False,False,False
2014-04-11,0,23,0,65538,23,23,0,764,30070,0,0,764,630,0,0,0,0,0,False,False,False
2014-04-12,0,23,0,2,23,23,0,765,30094,0,0,765,630,0,0,0,0,0,False,False,False
2014-04-13,0,23,0,65539,23,23,0,766,30119,0,0,766,630,0,0,0,0,0,False,False,False
2014-04-14,0,23,0,1,23,23,0,766,30142,0,0,766,630,0,0,0,0,0,False,False,False
2014-04-15,0,23,0,65536,23,23,0,766,30166,0,0,766,630,0,0,0,0,0,False,False,False
2014-04-16,0,23,0,1,23,23,0,767,30191,0,0,767,630,0,0,0,0,0,False,False,False
2014-04-17,0,23,0,65537,23,23,0,768,30214,0,0,768,630,0,0,0,0,0,False,False,False
2014-04-18,0,23,0,0,23,23,0,769,30238,0,0,769,630,0,0,0,0,0,False,False,False
2014-04-19,0,23,0,65536,23,23,0,769,30262,0,0,769,630,0,0,0,0,0,False,False,False
2014-04-20,0,23,0,1,23,23,0,770,30286,0,0,770,630,0,0,0,0,0,False,False,False
2014-04-21,0,23,0,1,23,23,0,770,30310,0,0,770,630,0,0,0,0,0,False,False,False
2014-04-22,0,23,0,2,23,23,0,771,30334,0,0,771,630,0,0,0,0,0,False,False,False
2014-04-23,0,23,0,196608,23,23,0,772,30359,0,0,772,630,0,0,0,0,0,False,False,False
2014-04-24,0,24,0,65536,23,23,0,773,30382,0,0,773,630,0,0,0,0,0,False,False,False
2014-04-25,0,25,0,196610,23,23,0,774,30406,0,0,774,630,0,0,0,0,0,False,False,False
2014-04-26,0,25,0,65537,23,23,0,774,30431,0,0,774,630,0,0,0,0,0,False,False,False
2014-04-27,0,24,0,131073,23,23,0,775,30454,0,0,775,630,0,0,0,0,0,False,False,False
2014-04-28,0,24,0,65536,23,23,0,776,30478,0,0,776,630,0,0,0,0,0,False,False,False
2014-04-29,0,24,0,2,23,23,0,777,30503,0,0,777,630,0,0,0,0,0,False,False,False
2014-04-30,0,24,0,65536,23,23,0,778,30526,0,0,778,630,0,0,0,0,0,False,False,False
2014-05-01,0,24,0,65536,23,23,0,778,30550,0,0,778,630,0,0,0,0,0,False,False,False
2014-05-02,0,24,0,65536,23,23,0,779,30574,0,0,779,630,0,0,0,0,0,False,False,False
2014-05-03,0,24,0,65536,23,23,0,780,30599,0,0,780,630,0,0,0,0,0,False,False,False
2014-05-04,0,25,0,0,23,23,0,781,30622,0,0,781,630,0,0,0,0,0,False,False,False
2014-05-05,0,24,0,65537,23,23,0,782,30646,0,0,782,630,0,0,0,0,0,False,False,False
2014-05-06,0,24,0,65538,23,23,0,782,30671,0,0,782,630,0,0,0,0,0,False,False,False
2014-05-07,0,23,0,2,23,23,0,783,30694,0,0,783,630,0,0,0,0,0,False,False,False
2014-05-08,0,23,0,196608,23,23,0,784,30718,0,0,784,630,0,0,0,0,0,False,False,False
2014-05-09,0,23,0,65536,23,23,0,784,30743,0,0,784,630,0,0,0,0,0,False,False,False
2014-05-10,0,23,0,65537,23,23,0,785,30766,0,0,785,630,0,0,0,0,0,False,False,False
2014-05-11,0,23,0,1,23,23,0,785,30790,0,0,785,630,0,0,0,0,0,False,False,False
2014-05-12,0,23,0,1,23,23,0,786,30814,0,0,786,630,0,0,0,0,0,False,False,False
2014-05-13,0,23,0,131073,23,23,0,787,30838,0,0,787,630,0,0,0,0,0,False,False,False
2014-05-14,0,23,0,131072,23,23,0,788,30862,0,0,788,630,0,0,0,0,0,False,False,False
2014-05-15,0,23,0,131072,23,23,0,789,30886,0,0,789,630,0,0,0,0,0,False,False,False
2014-05-16,0,23,0,2,23,23,0,790,30911,0,0,790,630,0,0,0,0,0,False,False,False
2014-05-17,0,23,0,1,23,23,0,791,30934,0,0,791,630,0,0,0,0,0,False,False,False
2014-05-18,0,25,0,1,23,23,0,792,30958,0,0,792,630,0,0,0,0,0,False,False,False
2014-05-19,0,25,0,65536,23,23,0,792,30983,0,0,792,630,0,0,0,0,0,False,False,False
2014-05-20,0,26,0,196610,23,23,0,793,31006,0,0,793,630,0,0,0,0,0,False,False,False
2014-05-21,0,26,0,65536,23,23,0,793,31030,0,0,793,630,0,0,0,0,0,False,False,False
2014-05-22,0,26,0,131072,23,23,0,794,31055,0,0,794,630,0,0,0,0,0,False,False,False
2014-05-23,0,26,0,0,23,23,0,795,31078,0,0,795,630,0,0,0,0,0,False,False,False
2014-05-24,0,25,0,65536,23,23,0,796,31102,0,0,796,630,0,0,0,0,0,False,False,False
2014-05-25,0,25,0,65536,23,23,0,797,31126,0,0,797,630,0,0,0,0,0,False,False,False
2014-05-26,0,25,0,1,23,23,0,797,31151,0,0,797,630,0,0,0,0,0,False,False,False
2014-05-27,0,25,0,65537,23,23,0,798,31174,0,0,798,630,0,0,0,0,0,False,False,False
2014-05-28,0,24,0,65539,23,23,0,799,31198,0,0,799,630,0,0,0,0,0,False,False,False
2014-05-29,0,26,0,1,23,23,0,800,31223,0,0,800,630,0,0,0,0,0,False,False,False
2014-05-30,0,26,0,65536,23,23,0,801,31246,0,0,801,630,0,0,0,0,0,False,False,False
2014-05-31,0,25,0,131073,23,23,0,802,31270,0,0,802,630,0,0,0,0,0,False,False,False
2014-06-01,0,26,0,1,23,23,0,803,31295,0,0,803,630,0,0,0,0,0,False,False,False
2014-06-02,0,26,0,65536,23,23,0,804,31318,0,0,804,630,0,0,0,0,0,False,False,False
2014-06-03,0,24,0,131072,23,23,0,804,31342,0,0,804,630,0,0,0,0,0,False,False,False
2014-06-04,0,26,0,0,23,23,0,805,31367,0,0,805,630,0,0,0,0,0,False,False,False
2014-06-05,0,26,0,2,23,23,0,806,31390,0,0,806,630,0,0,0,0,0,False,False,False
2014-06-06,0,26,0,0,23,23,0,806,31414,0,0,806,630,0,0,0,0,0,False,False,False
2014-06-07,0,26,0,0,23,23,0,807,31439,0,0,807,630,0,0,0,0,0,False,False,False
2014-06-08,0,25,0,65536,23,23,0,808,31463,0,0,808,630,0,0,0,0,0,False,False,False
2014-06-09,0,26,0,0,23,23,0,809,31486,0,0,809,630,0,0,0,0,0,False,False,False
2014-06-10,0,26,0,0,23,23,0,809,31510,0,0,809,630,0,0,0,0,0,False,False,False
2014-06-11,0,26,0,0,23,23,0,810,31535,0,0,810,630,0,0,0,0,0,False,False,False
2014-06-12,0,26,0,1,23,23,0,811,31558,0,0,811,630,0,0,0,0,0,False,False,False
2014-06-13,0,26,0,0,23,23,0,812,31582,0,0,812,630,0,0,0,0,0,False,False,False
2014-06-14,0,26,0,0,23,23,0,812,31607,0,0,812,630,0,0,0,0,0,False,False,False
2014-06-15,0,26,0,1,23,23,0,813,31630,0,0,813,630,0,0,0,0,0,False,False,False
2014-06-16,0,25,0,0,23,23,0,814,31654,0,0,814,630,0,0,0,0,0,False,False,False
2014-06-17,0,26,0,0,23,23,0,815,31678,0,0,815,630,0,0,0,0,0,False,False,False
2014-06-18,0,26,0,65536,23,23,0,815,31702,0,0,815,630,0,0,0,0,0,False,False,False
2014-06-19,0,26,0,0,23,23,0,816,31726,0,0,816,630,0,0,0,0,0,False,False,False
2014-06-20,0,25,0,0,23,23,0,817,31750,0,0,817,630,0,0,0,0,0,False,False,False
2014-06-21,0,25,0,0,23,23,0,818,31775,0,0,818,630,0,0,0,0,0,False,False,False
2014-06-22,0,25,0,131074,23,23,0,818,31798,0,0,818,630,0,0,0,0,0,False,False,False
2014-06-23,0,25,0,0,23,23,0,819,31822,0,0,819,630,0,0,0,0,0,False,False,False
2014-06-24,0,26,0,0,23,23,0,820,31847,0,0,820,630,0,0,0,0,0,False,False,False
2014-06-25,0,27,0,0,23,23,0,821,31870,0,0,821,630,0,0,0,0,0,False,False,False
2014-06-26,0,26,0,0,23,23,0,822,31894,0,0,822,630,0,0,0,0,0,False,False,False
2014-06-27,0,26,0,0,23,23,0,823,31918,0,0,823,630,0,0,0,0,0,False,False,False
2014-06-28,0,26,0,131072,23,23,0,824,31942,0,0,824,630,0,0,0,0,0,False,False,False
2014-06-29,0,26,0,0,23,23,0,825,31966,0,0,825,630,0,0,0,0,0,False,False,False
2014-06-30,0,26,0,0,23,23,0,825,31991,0,0,825,630,0,0,0,0,0,False,False,False
2014-07-01,0,26,0,1,23,23,0,826,32015,0,0,826,630,0,0,0,0,0,False,False,False
2014-07-02,0,26,0,1,23,23,0,826,32038,0,0,826,630,0,0,0,0,0,False,False,False
2014-07-03,0,26,0,1,23,23,0,827,32062,0,0,827,630,0,0,0,0,0,False,False,False
2014-07-04,0,26,0,0,23,23,0,828,32087,0,0,828,630,0,0,0,0,0,False,False,False
2014-07-05,0,26,0,0,23,23,0,828,32110,0,0,828,630,0,0,0,0,0,False,False,False
2014-07-06,0,26,0,1,23,23,0,829,32134,0,0,829,630,0,0,0,0,0,False,False,False
2014-07-07,0,26,0,0,23,23,0,830,32159,0,0,830,630,0,0,0,0,0,False,False,False
2014-07-08,0,26,0,131072,23,23,0,830,32182,0,0,830,630,0,0,0,0,0,False,False,False
2014-07-09,0,27,0,1,23,23,0,831,32206,0,0,831,630,0,0,0,0,0,False,False,False
2014-07-10,0,26,0,0,23,23,0,832,32231,0,0,832,630,0,0,0,0,0,False,False,False
2014-07-11,0,26,0,0,23,23,0,832,32255,0,0,832,630,0,0,0,0,0,False,False,False
2014-07-12,0,26,0,1,23,23,0,833,32278,0,0,833,630,0,0,0,0,0,False,False,False
2014-07-13,0,26,0,0,23,23,0,834,32302,0,0,834,630,0,0,0,0,0,False,False,False
2014-07-14,0,26,0,1,23,23,0,835,32327,0,0,835,630,0,0,0,0,0,False,False,False
2014-07-15,0,26,0,0,23,23,0,835,32350,0,0,835,630,0,0,0,0,0,False,False,False
2014-07-16,0,26,0,0,23,23,0,836,32374,0,0,836,630,0,0,0,0,0,False,False,False
2014-07-17,0,26,0,65536,23,23,0,837,32399,0,0,837,630,0,0,0,0,0,False,False,False
2014-07-18,0,25,0,196609,23,23,0,838,32422,0,0,838,630,0,0,0,0,0,False,False,False
2014-07-19,0,25,0,0,23,23,0,839,32446,0,0,839,630,0,0,0,0,0,False,False,False
2014-07-20,0,25,0,0,23,23,0,839,32471,0,0,839,630,0,0,0,0,0,False,False,False
2014-07-21,0,25,0,0,23,23,0,840,32494,0,0,840,630,0,0,0,0,0,False,False,False
2014-07-22,0,31,0,1,23,23,0,841,32518,0,0,841,630,0,0,0,0,0,False,False,False
2014-07-23,0,25,0,0,23,23,0,842,32542,0,0,842,630,0,0,0,0,0,False,False,False
2014-07-24,0,25,0,0,23,23,0,843,32567,0,0,843,630,0,0,0,0,0,False,False,False
2014-07-25,0,26,0,0,23,23,0,843,32590,0,0,843,630,0,0,0,0,0,False,False,False
2014-07-26,0,25,0,0,23,23,0,844,32614,0,0,844,630,0,0,0,0,0,False,False,False
2014-07-27,0,25,0,0,23,23,0,845,32639,0,0,845,630,0,0,0,0,0,False,False,False
2014-07-28,0,25,0,0,23,23,0,846,32662,0,0,846,630,0,0,0,0,0,False,False,False
2014-07-29,0,25,0,0,23,23,0,847,32686,0,0,847,630,0,0,0,0,0,False,False,False
2014-07-30,0,24,0,0,24,24,0,848,32710,0,0,848,630,0,0,0,0,0,False,False,False
2014-07-31,0,24,0,1,24,24,0,849,32735,0,0,849,630,0,0,0,0,0,False,False,False
2014-08-01,0,24,0,0,24,24,0,849,32758,0,0,849,630,0,0,0,0,0,False,False,False
2014-08-02,0,24,0,0,24,24,0,850,32782,0,0,850,630,0,0,0,0,0,False,False,False
2014-08-03,0,24,0,1,24,24,0,851,32806,0,0,851,630,0,0,0,0,0,False,False,False
2014-08-04,0,24,0,0,24,24,0,852,32830,0,0,852,630,0,0,0,0,0,False,False,False
2014-08-05,0,24,0,131072,24,24,0,853,32854,0,0,853,630,0,0,0,0,0,False,False,False
2014-08-06,0,24,0,65537,24,24,0,854,32878,0,0,854,630,0,0,0,0,0,False,False,False
2014-08-07,0,24,0,0,24,24,0,855,32902,0,0,855,630,0,0,0,0,0,False,False,False
2014-08-08,0,24,0,0,24,24,0,855,32926,0,0,855,630,0,0,0,0,0,False,False,False
2014-08-09,0,24,0,0,24,24,0,856,32950,0,0,856,630,0,0,0,0,0,False,False,False
2014-08-10,0,25,0,0,24,24,0,857,32975,0,0,857,630,0,0,0,0,0,False,False,False
2014-08-11,0,25,0,0,24,24,0,858,32998,0,0,858,630,0,0,0,0,0,False,False,False
2014-08-12,0,25,0,0,24,24,0,859,33022,0,0,859,630,0,0,0,0,0,False,False,False
2014-08-13,0,24,0,0,24,24,0,859,33046,0,0,859,630,0,0,0,0,0,False,False,False
2014-08-14,0,24,0,0,24,24,0,860,33070,0,0,860,630,0,0,0,0,0,False,False,False
2014-08-15,0,24,0,65536,24,24,0,861,33094,0,0,861,630,0,0,0,0,0,False,False,False
2014-08-16,0,25,0,0,24,24,0,862,33118,0,0,862,630,0,0,0,0,0,False,False,False
2014-08-17,0,25,0,0,24,24,0,863,33142,0,0,863,630,0,0,0,0,0,False,False,False
2014-08-18,0,24,0,196609,24,24,0,864,33166,0,0,864,630,0,0,0,0,0,False,False,False
2014-08-19,0,25,0,0,24,24,0,864,33190,0,0,864,630,0,0,0,0,0,False,False,False
2014-08-20,0,24,0,0,24,24,0,865,33215,0,0,865,630,0,0,0,0,0,False,False,False
2014-08-21,0,25,0,0,24,24,0,866,33238,0,0,866,630,0,0,0,0,0,False,False,False
2014-08-22,0,25,0,1,24,24,0,867,33262,0,0,867,630,0,0,0,0,0,False,False,False
2014-08-23,0,25,0,1,24,24,0,867,33286,0,0,867,630,0,0,0,0,0,False,False,False
2014-08-24,0,25,0,0,24,24,0,868,33310,0,0,868,630,0,0,0,0,0,False,False,False
2014-08-25,0,25,0,0,24,24,0,869,33334,0,0,869,630,0,0,0,0,0,False,False,False
2014-08-26,0,25,0,0,24,24,0,870,33358,0,0,870,630,0,0,0,0,0,False,False,False
2014-08-27,0,25,0,0,24,24,0,870,33383,0,0,870,630,0,0,0,0,0,False,False,False
2014-08-28,0,25,0,0,24,24,0,871,33406,0,0,871,630,0,0,0,0,0,False,False,False
2014-08-29,0,25,0,0,24,24,0,872,33430,0,0,872,630,0,0,0,0,0,False,False,False
2014-08-30,0,25,0,0,24,24,0,873,33455,0,0,873,630,0,0,0,0,0,False,False,False
2014-08-31,0,25,0,65536,24,24,0,873,33478,0,0,873,630,0,0,0,0,0,False,False,False
2014-09-01,0,25,0,0,24,24,0,874,33502,0,0,874,630,0,0,0,0,0,False,False,False
2014-09-02,0,25,0,0,24,24,0,875,33527,0,0,875,630,0,0,0,0,0,False,False,False
2014-09-03,0,25,0,0,24,24,0,876,33550,0,0,876,630,0,0,0,0,0,False,False,False
2014-09-04,0,25,0,0,24,24,0,877,33574,0,0,877,630,0,0,0,0,0,False,False,False
2014-09-05,0,25,0,65536,24,24,0,878,33598,0,0,878,630,0,0,0,0,0,False,False,False
2014-09-06,0,25,0,65536,24,24,0,879,33622,0,0,879,630,0,0,0,0,0,False,False,False
2014-09-07,0,25,0,0,24,24,0,880,33646,0,0,880,630,0,0,0,0,0,False,False,False
2014-09-08,0,25,0,0,24,24,0,880,33670,0,0,880,630,0,0,0,0,0,False,False,False
2014-09-09,0,24,0,0,24,24,0,881,33695,0,0,881,630,0,0,0,0,0,False,False,False
2014-09-10,0,25,0,1,24,24,0,881,33718,0,0,881,630,0,0,0,0,0,False,False,False
2014-09-11,0,26,0,65536,24,24,0,882,33742,0,0,882,630,0,0,0,0,0,False,False,False
2014-09-12,0,25,0,65536,24,24,0,882,33767,0,0,882,630,0,0,0,0,0,False,False,False
2014-09-13,0,26,0,65536,24,24,0,883,33790,0,0,883,630,0,0,0,0,0,False,False,False
2014-09-14,0,26,0,0,24,24,0,884,33814,0,0,884,630,0,0,0,0,0,False,False,False
2014-09-15,0,26,0,0,24,24,0,885,33839,0,0,885,630,0,0,0,0,0,False,False,False
2014-09-16,0,26,0,1,24,24,0,886,33862,0,0,886,630,0,0,0,0,0,False,False,False
2014-09-17,0,27,0,65537,24,24,0,887,33886,0,0,887,630,0,0,0,0,0,False,False,False
2014-09-18,0,27,0,1,24,24,0,887,33910,0,0,887,630,0,0,0,0,0,False,False,False
2014-09-19,0,26,0,0,24,24,0,888,33935,0,0,888,630,0,0,0,0,0,False,False,False
2014-09-20,0,27,0,0,24,24,0,889,33958,0,0,889,630,0,0,0,0,0,False,False,False
2014-09-21,0,27,0,0,24,24,0,889,33982,0,0,889,630,0,0,0,0,0,False,False,False
2014-09-22,0,26,0,2,24,24,0,890,34007,0,0,890,630,0,0,0,0,0,False,False,False
2014-09-23,0,26,0,0,24,24,0,891,34030,0,0,891,630,0,0,0,0,0,False,False,False
2014-09-24,0,25,0,0,24,24,0,892,34054,0,0,892,630,0,0,0,0,0,False,False,False
2014-09-25,0,23,0,0,24,24,0,893,34078,0,0,893,630,0,0,0,0,0,False,False,False
2014-09-26,0,23,0,0,24,24,0,893,34102,0,0,893,630,0,0,0,0,0,False,False,False
2014-09-27,0,23,0,0,24,24,0,894,34126,0,0,894,630,0,0,0,0,0,False,False,False
2014-09-28,0,23,0,0,24,24,0,895,34150,0,0,895,630,0,0,0,0,0,False,False,False
2014-09-29,0,23,0,0,24,24,0,896,34174,0,0,896,630,0,0,0,0,0,False,False,False
2014-09-30,0,23,0,65537,24,24,0,897,34198,0,0,897,630,0,0,0,0,0,False,False,False
2014-10-01,0,25,0,0,24,24,0,898,34222,0,0,898,630,0,0,0,0,0,False,False,False
2014-10-02,0,24,0,0,24,24,0,899,34247,0,0,899,630,0,0,0,0,0,False,False,False
2014-10-03,0,25,0,0,24,24,0,899,34270,0,0,899,630,0,0,0,0,0,False,False,False
2014-10-04,0,25,0,0,24,24,0,899,34294,0,0,899,630,0,0,0,0,0,False,False,False
2014-10-05,0,25,0,0,24,24,0,900,34319,0,0,900,630,0,0,0,0,0,False,False,False
2014-10-06,0,25,0,2,24,24,0,901,34342,0,0,901,630,0,0,0,0,0,False,False,False
2014-10-07,0,24,0,0,24,24,0,902,34366,0,0,902,630,0,0,0,0,0,False,False,False
2014-10-08,0,25,0,65536,24,24,0,902,34391,0,0,902,630,0,0,0,0,0,False,False,False
2014-10-09,0,25,0,1,24,24,0,903,34414,0,0,903,630,0,0,0,0,0,False,False,False
2014-10-10,0,25,0,0,24,24,0,904,34438,0,0,904,630,0,0,0,0,0,False,False,False
2014-10-11,0,25,0,65537,24,24,0,905,34462,0,0,905,630,0,0,0,0,0,False,False,False
2014-10-12,0,25,0,0,24,24,0,906,34487,0,0,906,630,0,0,0,0,0,False,False,False
2014-10-13,0,24,0,0,24,24,0,906,34510,0,0,906,630,0,0,0,0,0,False,False,False
2014-10-14,0,24,0,0,26,26,0,909,34534,0,0,909,628,0,0,0,0,0,False,False,False
2014-10-15,0,24,0,0,26,26,0,909,34558,0,0,909,628,0,0,0,0,0,False,False,False
2014-10-16,0,24,0,65536,26,26,0,910,34583,0,0,910,628,0,0,0,0,0,False,False,False
2014-10-17,0,26,0,0,26,26,0,910,34606,0,0,910,628,0,0,0,0,0,False,False,False
2014-10-18,0,26,0,131073,26,26,0,911,34630,0,0,911,628,0,0,0,0,0,False,False,False
2014-10-19,0,26,0,2,26,26,0,912,34654,0,0,912,628,0,0,0,0,0,False,False,False
2014-10-20,0,27,0,0,26,26,0,913,34678,0,0,913,628,0,0,0,0,0,False,False,False
2014-10-21,0,27,0,65536,26,26,0,914,34702,0,0,914,628,0,0,0,0,0,False,False,False
2014-10-22,0,27,0,0,26,26,0,914,34726,0,0,914,628,0,0,0,0,0,False,False,False
2014-10-23,0,25,0,131072,26,26,0,915,34751,0,0,915,628,0,0,0,0,0,False,False,False
2014-10-24,0,24,0,0,26,26,0,916,34774,0,0,916,628,0,0,0,0,0,False,False,False
2014-10-25,0,24,0,0,26,26,0,917,34798,0,0,917,628,0,0,0,0,0,False,False,False
2014-10-26,0,24,0,0,26,26,0,918,34822,0,0,918,628,0,0,0,0,0,False,False,False
2014-10-27,0,24,0,1,26,26,0,918,34846,0,0,918,628,0,0,0,0,0,False,False,False
2014-10-28,0,24,0,65538,26,26,0,919,34870,0,0,919,628,0,0,0,0,0,False,False,False
2014-10-29,0,24,0,1,26,26,0,920,34894,0,0,920,628,0,0,0,0,0,False,False,False
2014-10-30,0,24,0,2,26,26,0,921,34918,0,0,921,628,0,0,0,0,0,False,False,False
2014-10-31,0,24,0,65536,26,26,0,921,34942,0,0,921,628,0,0,0,0,0,False,False,False
2014-11-01,0,24,0,1,26,26,0,922,34966,0,0,922,628,0,0,0,0,0,False,False,False
2014-11-03,0,24,0,65537,26,26,0,924,35015,0,0,924,628,0,0,0,0,0,False,False,False
2014-11-04,0,24,0,65536,26,26,0,925,35040,0,0,925,628,0,0,0,0,0,False,False,False
2014-11-05,0,24,0,65536,26,26,0,925,35063,0,0,925,628,0,0,0,0,0,False,False,False
2014-11-06,0,23,0,1,26,26,0,926,35087,0,0,926,628,0,0,0,0,0,False,False,False
2014-11-07,0,23,0,65536,26,26,0,927,35111,0,0,927,628,0,0,0,0,0,False,False,False
2014-11-08,0,24,0,0,26,26,0,928,35135,0,0,928,628,0,0,0,0,0,False,False,False
2014-11-09,0,24,0,0,26,26,0,929,35159,0,0,929,628,0,0,0,0,0,False,False,False
2014-11-10,0,24,0,65536,26,26,0,929,35183,0,0,929,628,0,0,0,0,0,False,False,False
2014-11-11,0,23,0,2,26,26,0,930,35208,0,0,930,628,0,0,0,0,0,False,False,False
2014-11-12,0,23,0,65537,26,26,0,931,35231,0,0,931,628,0,0,0,0,0,False,False,False
2014-11-13,0,23,0,65536,26,26,0,932,35255,0,0,932,628,0,0,0,0,0,False,False,False
2014-11-14,0,24,0,65536,26,26,0,933,35280,0,0,933,628,0,0,0,0,0,False,False,False
2014-11-15,0,23,0,131072,26,26,0,934,35303,0,0,934,628,0,0,0,0,0,False,False,False
2014-11-16,0,23,0,65536,26,26,0,935,35327,0,0,935,628,0,0,0,0,0,False,False,False
2014-11-17,0,23,0,65538,26,26,0,935,35351,0,0,935,628,0,0,0,0,0,False,False,False
2014-11-18,0,24,0,0,26,26,0,936,35375,0,0,936,628,0,0,0,0,0,False,False,False
2014-11-19,0,24,0,65536,26,26,0,937,35399,0,0,937,628,0,0,0,0,0,False,False,False
2014-11-20,0,23,0,1,26,26,0,938,35423,0,0,938,628,0,0,0,0,0,False,False,False
2014-11-21,0,24,0,65537,26,26,0,939,35447,0,0,939,628,0,0,0,0,0,False,False,False
2014-11-22,0,23,0,262144,26,26,0,939,35471,0,0,939,628,0,0,0,0,0,False,False,False
2014-11-23,0,23,0,1,26,26,0,940,35495,0,0,940,628,0,0,0,0,0,False,False,False
2014-11-24,0,23,0,3,26,26,0,941,35520,0,0,941,628,0,0,0,0,0,False,False,False
2014-11-25,0,23,0,2,26,26,0,942,35543,0,0,942,628,0,0,0,0,0,False,False,False
2014-11-26,0,23,0,65536,26,26,0,943,35567,0,0,943,628,0,0,0,0,0,False,False,False
2014-11-27,0,24,0,262146,26,26,0,944,35591,0,0,944,628,0,0,0,0,0,False,False,False
2014-11-28,0,23,0,131072,26,26,0,944,35615,0,0,944,628,0,0,0,0,0,False,False,False
2014-11-29,0,23,0,65536,26,26,0,945,35639,0,0,945,628,0,0,0,0,0,False,False,False
2014-11-30,0,23,0,1,26,26,0,945,35663,0,0,945,628,0,0,0,0,0,False,False,False
2014-12-01,0,23,0,0,26,26,0,946,35687,0,0,946,628,0,0,0,0,0,False,False,False
2014-12-02,0,23,0,65537,26,26,0,947,35711,0,0,947,628,0,0,0,0,0,False,False,False
2014-12-03,0,23,0,0,26,26,0,947,35735,0,0,947,628,0,0,0,0,0,False,False,False
2014-12-04,0,23,0,65536,26,26,0,948,35759,0,0,948,628,0,0,0,0,0,False,False,False
2014-12-05,0,23,0,131072,26,26,0,949,35783,0,0,949,628,0,0,0,0,0,False,False,False
2014-12-06,0,23,0,1,26,26,0,950,35807,0,0,950,628,0,0,0,0,0,False,False,False
2014-12-07,0,23,0,0,26,26,0,951,35831,0,0,951,628,0,0,0,0,0,False,False,False
2014-12-08,0,23,0,65537,26,26,0,952,35855,0,0,952,628,0,0,0,0,0,False,False,False
2014-12-09,0,23,0,1,26,26,0,953,35879,0,0,953,628,0,0,0,0,0,False,False,False
2014-12-10,0,23,0,65537,26,26,0,953,35903,0,0,953,628,0,0,0,0,0,False,False,False
2014-12-11,0,23,0,2,26,26,0,954,35927,0,0,954,628,0,0,0,0,0,False,False,False
2014-12-12,0,23,0,0,26,26,0,955,35951,0,0,955,628,0,0,0,0,0,False,False,False
2014-12-13,0,25,0,65536,26,26,0,956,35975,0,0,956,628,0,0,0,0,0,False,False,False
2014-12-14,0,23,0,65536,26,26,0,957,35999,0,0,957,628,0,0,0,0,0,False,False,False
2014-12-15,0,23,0,131072,26,26,0,958,36023,0,0,958,628,0,0,0,0,0,False,False,False
2014-12-16,0,23,0,65536,26,26,0,958,36047,0,0,958,628,0,0,0,0,0,False,False,False
2014-12-17,0,23,0,0,26,26,0,959,36071,0,0,959,628,0,0,0,0,0,False,False,False
2014-12-18,0,23,0,2,26,26,0,960,36095,0,0,960,628,0,0,0,0,0,False,False,False
2014-12-19,0,23,0,0,26,26,0,961,36119,0,0,961,628,0,0,0,0,0,False,False,False
2014-12-20,0,24,0,0,26,26,0,962,36143,0,0,962,628,0,0,0,0,0,False,False,False
2014-12-21,0,24,0,65536,26,26,0,963,36167,0,0,963,628,0,0,0,0,0,False,False,False
2014-12-22,0,23,0,65536,26,26,0,963,36191,0,0,963,628,0,0,0,0,0,False,False,False
2014-12-23,0,24,0,65536,26,26,0,964,36215,0,0,964,628,0,0,0,0,0,False,False,False
2014-12-24,0,24,0,0,26,26,0,965,36239,0,0,965,628,0,0,0,0,0,False,False,False
2014-12-25,0,23,0,0,26,26,0,966,36263,0,0,966,628,0,0,0,0,0,False,False,False
2014-12-26,0,23,0,1,26,26,0,966,36287,0,0,966,628,0,0,0,0,0,False,False,False
2014-12-27,0,23,0,65536,26,26,0,967,36312,0,0,967,628,0,0,0,0,0,False,False,False
2014-12-28,0,23,0,65536,26,26,0,968,36335,0,0,968,628,0,0,0,0,0,False,False,False
2014-12-29,0,23,0,65537,26,26,0,969,36359,0,0,969,628,0,0,0,0,0,False,False,False
2014-12-30,0,23,0,1,26,26,0,969,36384,0,0,969,628,0,0,0,0,0,False,False,False
2014-12-31,0,23,0,1,26,26,0,970,36407,0,0,970,628,0,0,0,0,0,False,False,False
2015-01-01,0,23,0,131074,26,26,0,971,36431,0,0,971,628,0,0,0,0,0,False,False,False
2015-01-02,0,23,0,0,26,26,0,972,36455,0,0,972,628,0,0,0,0,0,False,False,False
2015-01-03,0,24,0,65537,26,26,0,973,36479,0,0,973,628,0,0,0,0,0,False,False,False
2015-01-04,0,23,0,131072,26,26,0,974,36503,0,0,974,628,0,0,0,0,0,False,False,False
2015-01-05,0,24,0,0,26,26,0,975,36527,0,0,975,628,0,0,0,0,0,False,False,False
2015-01-06,0,24,0,0,26,26,0,976,36551,0,0,976,628,0,0,0,0,0,False,False,False
2015-01-07,0,24,0,65536,26,26,0,976,36575,0,0,976,628,0,0,0,0,0,False,False,False
2015-01-08,0,24,0,65536,26,26,0,977,36599,0,0,977,628,0,0,0,0,0,False,False,False
2015-01-09,0,24,0,65536,26,26,0,978,36624,0,0,978,628,0,0,0,0,0,False,False,False
2015-01-10,0,24,0,0,26,26,0,979,36647,0,0,979,628,0,0,0,0,0,False,False,False
2015-01-11,0,24,0,0,26,26,0,980,36671,0,0,980,628,0,0,0,0,0,False,False,False
2015-01-12,0,24,0,0,26,26,0,980,36696,0,0,980,628,0,0,0,0,0,False,False,False
2015-01-13,0,24,0,65536,26,26,0,981,36719,0,0,981,628,0,0,0,0,0,False,False,False
2015-01-14,0,24,0,65536,26,26,0,981,36743,0,0,981,628,0,0,0,0,0,False,False,False
2015-01-15,0,24,0,1,26,26,0,982,36767,0,0,982,628,0,0,0,0,0,False,False,False
2015-01-16,0,23,0,0,27,27,0,983,36791,0,0,983,628,0,0,0,0,0,False,False,False
2015-01-17,0,24,0,0,27,27,0,983,36815,0,0,983,628,0,0,0,0,0,False,False,False
2015-01-18,0,24,0,1,27,27,0,983,36839,0,0,983,628,0,0,0,0,0,False,False,False
2015-01-19,0,23,0,131075,27,27,0,983,36863,0,0,983,628,0,0,0,0,0,False,False,False
2015-01-20,0,23,0,131072,27,27,0,984,36887,0,0,984,628,0,0,0,0,0,False,False,False
2015-01-21,0,23,0,0,27,27,0,985,36911,0,0,985,628,0,0,0,0,0,False,False,False
2015-01-22,0,23,0,0,28,28,0,986,36935,0,0,986,628,0,0,0,0,0,False,False,False
2015-01-23,0,23,0,0,28,28,0,986,36959,0,0,986,628,0,0,0,0,0,False,False,False
2015-01-24,0,23,0,0,28,28,0,986,36983,0,0,986,628,0,0,0,0,0,False,False,False
2015-01-25,0,24,0,0,28,28,0,986,37007,0,0,986,628,0,0,0,0,0,False,False,False
2015-01-26,0,24,0,0,28,28,0,986,37031,0,0,986,628,0,0,0,0,0,False,False,False
2015-01-27,0,24,0,0,28,28,0,986,37054,0,0,986,628,0,0,0,0,0,False,False,False
2015-01-28,0,24,0,0,28,28,0,986,37079,0,0,986,628,0,0,0,0,0,False,False,False
2015-01-29,0,24,0,0,29,29,0,987,37103,0,0,987,628,0,0,0,0,0,False,False,False
2015-01-30,0,24,0,0,29,29,0,987,37127,0,0,987,628,0,0,0,0,0,False,False,False
2015-01-31,0,25,0,0,29,29,0,987,37150,0,0,987,628,0,0,0,0,0,False,False,False
2015-02-01,0,25,0,0,29,29,0,987,37175,0,0,987,628,0,0,0,0,0,False,False,False
2015-02-02,0,25,0,0,29,29,0,987,37199,0,0,987,628,0,0,0,0,0,False,False,False
2015-02-03,0,25,0,65536,29,29,0,987,37222,0,0,987,628,0,0,0,0,0,False,False,False
2015-02-04,0,25,0,0,30,30,0,988,37246,0,0,988,611,0,0,0,0,0,False,False,False
2015-02-05,0,25,0,65536,30,30,0,989,37271,0,0,989,611,0,0,0,0,0,False,False,False
2015-02-06,0,25,0,0,30,30,0,989,37295,0,0,989,611,0,0,0,0,0,False,False,False
2015-02-07,0,26,0,0,30,30,0,990,37318,0,0,990,611,0,0,0,0,0,False,False,False
2015-02-08,0,27,0,196609,30,30,0,991,37342,0,0,991,611,0,0,0,0,0,False,False,False
2015-02-09,0,27,0,0,30,30,0,992,37367,0,0,992,611,0,0,0,0,0,False,False,False
2015-02-10,0,26,0,0,30,30,0,993,37390,0,0,993,611,0,0,0,0,0,False,False,False
2015-02-11,0,26,0,0,30,30,0,994,37414,0,0,994,611,0,0,0,0,0,False,False,False
2015-02-12,0,26,0,0,30,30,0,995,37439,0,0,995,611,0,0,0,0,0,False,False,False
2015-02-13,0,26,0,0,30,30,0,995,37463,0,0,995,611,0,0,0,0,0,False,False,False
2015-02-14,0,26,0,65536,30,30,0,996,37486,0,0,996,611,0,0,0,0,0,False,False,False
2015-02-15,0,26,0,0,30,30,0,997,37510,0,0,997,611,0,0,0,0,0,False,False,False
2015-02-16,0,26,0,65536,30,30,0,998,37535,0,0,998,611,0,0,0,0,0,False,False,False
2015-02-17,0,26,0,0,30,30,0,999,37558,0,0,999,611,0,0,0,0,0,False,False,False
2015-02-18,0,25,0,131072,30,30,0,1000,37582,0,0,1000,611,0,0,0,0,0,False,False,False
2015-02-19,0,25,0,0,30,30,0,1001,37607,0,0,1001,611,0,0,0,0,0,False,False,False
2015-02-20,0,25,0,0,30,30,0,1001,37630,0,0,1001,611,0,0,0,0,0,False,False,False
2015-02-21,0,25,0,65536,30,30,0,1002,37654,0,0,1002,611,0,0,0,0,0,False,False,False
2015-02-22,0,25,0,0,30,30,0,1003,37679,0,0,1003,611,0,0,0,0,0,False,False,False
2015-02-23,0,25,0,65536,30,30,0,1004,37702,0,0,1004,611,0,0,0,0,0,False,False,False
2015-02-24,0,26,0,65538,30,30,0,1004,37726,0,0,1004,611,0,0,0,0,0,False,False,False
2015-02-25,0,26,0,1,30,30,0,1005,37751,0,0,1005,611,0,0,0,0,0,False,False,False
2015-02-26,0,25,0,1,30,30,0,1006,37775,0,0,1006,611,0,0,0,0,0,False,False,False
2015-02-27,0,25,0,65536,30,30,0,1007,37798,0,0,1007,611,0,0,0,0,0,False,False,False
2015-02-28,0,26,0,0,30,30,0,1008,37822,0,0,1008,611,0,0,0,0,0,False,False,False
2015-03-01,0,25,0,0,30,30,0,1009,37847,0,0,1009,611,0,0,0,0,0,False,False,False
2015-03-02,0,25,0,0,30,30,0,1009,37870,0,0,1009,611,0,0,0,0,0,False,False,False
2015-03-03,0,25,0,65537,30,30,0,1010,37894,0,0,1010,611,0,0,0,0,0,False,False,False
2015-03-04,0,25,0,0,30,30,0,1011,37919,0,0,1011,611,0,0,0,0,0,False,False,False
2015-03-05,0,25,0,0,30,30,0,1012,37943,0,0,1012,611,0,0,0,0,0,False,False,False
2015-03-06,0,25,0,0,30,30,0,1013,37966,0,0,1013,611,0,0,0,0,0,False,False,False
2015-03-07,0,25,0,131072,30,30,0,1013,37990,0,0,1013,611,0,0,0,0,0,False,False,False
2015-03-08,0,25,0,0,30,30,0,1014,38015,0,0,1014,611,0,0,0,0,0,False,False,False
2015-03-09,0,25,0,65538,30,30,0,1015,38038,0,0,1015,611,0,0,0,0,0,False,False,False
2015-03-10,0,25,0,131073,30,30,0,1016,38061,0,0,1016,611,0,0,0,0,0,False,False,False
2015-03-11,0,25,0,0,30,30,0,1017,38085,0,0,1017,611,0,0,0,0,0,False,False,False
2015-03-12,0,25,0,0,30,30,0,1018,38110,0,0,1018,611,0,0,0,0,0,False,False,False
2015-03-13,0,26,0,131073,30,30,0,1018,38133,0,0,1018,611,0,0,0,0,0,False,False,False
2015-03-14,0,26,0,65536,30,30,0,1019,38157,0,0,1019,611,0,0,0,0,0,False,False,False
2015-03-15,0,26,0,65536,30,30,0,1020,38182,0,0,1020,611,0,0,0,0,0,False,False,False
2015-03-16,0,25,0,65537,30,30,0,1021,38206,0,0,1021,611,0,0,0,0,0,False,False,False
2015-03-17,0,25,0,1,30,30,0,1022,38229,0,0,1022,611,0,0,0,0,0,False,False,False
2015-03-18,0,25,0,65537,30,30,0,1022,38253,0,0,1022,611,0,0,0,0,0,False,False,False
2015-03-19,0,27,0,65536,30,30,0,1023,38278,0,0,1023,611,0,0,0,0,0,False,False,False
2015-03-20,0,26,0,0,30,30,0,1024,38301,0,0,1024,611,0,0,0,0,0,False,False,False
2015-03-21,0,26,0,0,30,30,0,1024,38325,0,0,1024,611,0,0,0,0,0,False,False,False
2015-03-22,0,26,0,0,30,30,0,1025,38350,0,0,1025,611,0,0,0,0,0,False,False,False
2015-03-23,0,26,0,131073,30,30,0,1026,38373,0,0,1026,611,0,0,0,0,0,False,False,False
2015-03-24,0,26,0,0,30,30,0,1027,38397,0,0,1027,611,0,0,0,0,0,False,False,False
2015-03-25,0,26,0,1,30,30,0,1027,38422,0,0,1027,611,0,0,0,0,0,False,False,False
2015-03-26,0,26,0,0,30,30,0,1028,38445,0,0,1028,611,0,0,0,0,0,False,False,False
2015-03-27,0,26,0,0,30,30,0,1029,38469,0,0,1029,611,0,0,0,0,0,False,False,False
2015-03-28,0,26,0,131072,30,30,0,1029,38494,0,0,1029,611,0,0,0,0,0,False,False,False
2015-03-29,0,26,0,131073,30,30,0,1030,38518,0,0,1030,611,0,0,0,0,0,False,False,False
2015-03-30,0,26,0,65536,30,30,0,1031,38541,0,0,1031,611,0,0,0,0,0,False,False,False
2015-03-31,0,27,0,0,30,30,0,1032,38566,0,0,1032,611,0,0,0,0,0,False,False,False
2015-04-01,0,26,0,0,30,30,0,1033,38590,0,0,1033,611,0,0,0,0,0,False,False,False
2015-04-02,0,26,0,0,30,30,0,1033,38613,0,0,1033,611,0,0,0,0,0,False,False,False
2015-04-03,0,27,0,0,30,30,0,1033,38637,0,0,1033,611,0,0,0,0,0,False,False,False
2015-04-04,0,27,0,0,30,30,0,1034,38662,0,0,1034,611,0,0,0,0,0,False,False,False
2015-04-05,0,26,0,0,30,30,0,1035,38685,0,0,1035,611,0,0,0,0,0,False,False,False
2015-04-06,0,26,0,65536,30,30,0,1035,38709,0,0,1035,611,0,0,0,0,0,False,False,False
2015-04-07,0,27,0,0,30,30,0,1036,38734,0,0,1036,611,0,0,0,0,0,False,False,False
2015-04-08,0,26,0,0,30,30,0,1037,38758,0,0,1037,611,0,0,0,0,0,False,False,False
2015-04-09,0,27,0,0,30,30,0,1038,38781,0,0,1038,611,0,0,0,0,0,False,False,False
2015-04-10,0,27,0,1,30,30,0,1039,38805,0,0,1039,611,0,0,0,0,0,False,False,False
2015-04-11,0,27,0,0,30,30,0,1039,38830,0,0,1039,611,0,0,0,0,0,False,False,False
2015-04-12,0,26,0,0,30,30,0,1040,38853,0,0,1040,611,0,0,0,0,0,False,False,False
2015-04-13,0,27,0,0,30,30,0,1040,38877,0,0,1040,611,0,0,0,0,0,False,False,False
2015-04-14,0,26,0,0,30,30,0,1041,38902,0,0,1041,611,0,0,0,0,0,False,False,False
2015-04-15,0,27,0,0,30,30,0,1042,38925,0,0,1042,611,0,0,0,0,0,False,False,False
2015-04-16,0,27,0,0,30,30,0,1043,38949,0,0,1043,611,0,0,0,0,0,False,False,False
2015-04-17,0,28,0,65536,30,30,0,1043,38974,0,0,1043,611,0,0,0,0,0,False,False,False
2015-04-18,0,25,0,1,30,30,0,1044,38997,0,0,1044,611,0,0,0,0,0,False,False,False
2015-04-19,0,28,0,0,30,30,0,1045,39021,0,0,1045,611,0,0,0,0,0,False,False,False
2015-04-20,0,29,0,1,30,30,0,1046,39046,0,0,1046,611,0,0,0,0,0,False,False,False
2015-04-21,0,28,0,0,30,30,0,1047,39070,0,0,1047,611,0,0,0,0,0,False,False,False
2015-04-22,0,29,0,0,30,30,0,1048,39093,0,0,1048,611,0,0,0,0,0,False,False,False
2015-04-23,0,29,0,1,30,30,0,1049,39117,0,0,1049,611,0,0,0,0,0,False,False,False
2015-04-24,0,29,0,0,30,30,0,1050,39142,0,0,1050,611,0,0,0,0,0,False,False,False
2015-04-25,0,29,0,0,30,30,0,1051,39165,0,0,1051,611,0,0,0,0,0,False,False,False
2015-04-26,0,28,0,0,30,30,0,1051,39189,0,0,1051,611,0,0,0,0,0,False,False,False
2015-04-27,0,28,0,0,30,30,0,1052,39214,0,0,1052,611,0,0,0,0,0,False,False,False
2015-04-28,0,29,0,65536,30,30,0,1053,39237,0,0,1053,611,0,0,0,0,0,False,False,False
2015-04-29,0,29,0,0,30,30,0,1054,39261,0,0,1054,611,0,0,0,0,0,False,False,False
2015-04-30,0,29,0,0,30,30,0,1055,39285,0,0,1055,611,0,0,0,0,0,False,False,False
2015-05-01,0,29,0,0,30,30,0,1056,39310,0,0,1056,611,0,0,0,0,0,False,False,False
2015-05-02,0,26,0,1,30,30,0,1057,39333,0,0,1057,611,0,0,0,0,0,False,False,False
2015-05-03,0,27,0,0,30,30,0,1057,39357,0,0,1057,611,0,0,0,0,0,False,False,False
2015-05-04,0,25,0,0,30,30,0,1058,39382,0,0,1058,611,0,0,0,0,0,False,False,False
2015-05-05,0,27,0,0,30,30,0,1059,39405,0,0,1059,611,0,0,0,0,0,False,False,False
2015-05-06,0,26,0,0,30,30,0,1060,39429,0,0,1060,611,0,0,0,0,0,False,False,False
2015-05-07,0,27,0,0,30,30,0,1061,39454,0,0,1061,611,0,0,0,0,0,False,False,False
2015-05-08,0,27,0,65536,30,30,0,1061,39477,0,0,1061,611,0,0,0,0,0,False,False,False
2015-05-09,0,27,0,0,30,30,0,1062,39501,0,0,1062,611,0,0,0,0,0,False,False,False
2015-05-10,0,25,0,0,30,30,0,1063,39526,0,0,1063,611,0,0,0,0,0,False,False,False
2015-05-11,0,28,0,0,30,30,0,1064,39550,0,0,1064,611,0,0,0,0,0,False,False,False
2015-05-12,0,29,0,0,30,30,0,1064,39573,0,0,1064,611,0,0,0,0,0,False,False,False
2015-05-13,0,28,0,0,30,30,0,1065,39597,0,0,1065,611,0,0,0,0,0,False,False,False
2015-05-14,0,28,0,65536,30,30,0,1065,39622,0,0,1065,611,0,0,0,0,0,False,False,False
2015-05-15,0,29,0,0,30,30,0,1066,39645,0,0,1066,611,0,0,0,0,0,False,False,False
2015-05-16,0,28,0,0,30,30,0,1067,39669,0,0,1067,611,0,0,0,0,0,False,False,False
2015-05-17,0,27,0,0,30,30,0,1068,39694,0,0,1068,611,0,0,0,0,0,False,False,False
2015-05-18,0,28,0,65536,30,30,0,1069,39717,0,0,1069,611,0,0,0,0,0,False,False,False
2015-05-19,0,27,0,0,30,30,0,1070,39741,0,0,1070,611,0,0,0,0,0,False,False,False
2015-05-20,0,28,0,0,30,30,0,1071,39766,0,0,1071,611,0,0,0,0,0,False,False,False
2015-05-21,0,27,0,0,30,30,0,1071,39790,0,0,1071,611,0,0,0,0,0,False,False,False
2015-05-22,0,27,0,65536,30,30,0,1071,39813,0,0,1071,611,0,0,0,0,0,False,False,False
2015-05-23,0,28,0,0,30,30,0,1072,39838,0,0,1072,611,0,0,0,0,0,False,False,False
2015-05-24,0,28,0,0,30,30,0,1072,39862,0,0,1072,611,0,0,0,0,0,False,False,False
2015-05-25,0,28,0,0,30,30,0,1073,39885,0,0,1073,611,0,0,0,0,0,False,False,False
2015-05-26,0,28,0,0,30,30,0,1074,39909,0,0,1074,611,0,0,0,0,0,False,False,False
2015-05-27,0,27,0,0,30,30,0,1074,39934,0,0,1074,611,0,0,0,0,0,False,False,False
2015-05-28,0,27,0,0,30,30,0,1075,39957,0,0,1075,611,0,0,0,0,0,False,False,False
2015-05-29,0,27,0,0,30,30,0,1076,39981,0,0,1076,611,0,0,0,0,0,False,False,False
2015-05-30,0,28,0,0,30,30,0,1077,40006,0,0,1077,611,0,0,0,0,0,False,False,False
2015-05-31,0,28,0,0,30,30,0,1078,40030,0,0,1078,611,0,0,0,0,0,False,False,False
2015-06-01,0,27,0,0,30,30,0,1079,40053,0,0,1079,611,0,0,0,0,0,False,False,False
2015-06-02,0,28,0,0,30,30,0,1080,40077,0,0,1080,611,0,0,0,0,0,False,False,False
2015-06-03,0,28,0,0,30,30,0,1081,40102,0,0,1081,611,0,0,0,0,0,False,False,False
2015-06-04,0,27,0,0,30,30,0,1081,40125,0,0,1081,611,0,0,0,0,0,False,False,False
2015-06-05,0,28,0,0,30,30,0,1082,40149,0,0,1082,611,0,0,0,0,0,False,False,False
2015-06-06,0,27,0,0,30,30,0,1083,40174,0,0,1083,611,0,0,0,0,0,False,False,False
2015-06-07,0,27,0,0,30,30,0,1084,40197,0,0,1084,611,0,0,0,0,0,False,False,False
2015-06-08,0,27,0,131072,30,30,0,1085,40221,0,0,1085,611,0,0,0,0,0,False,False,False
2015-06-09,0,27,0,0,30,30,0,1085,40246,0,0,1085,611,0,0,0,0,0,False,False,False
2015-06-10,0,27,0,0,30,30,0,1086,40269,0,0,1086,611,0,0,0,0,0,False,False,False
2015-06-11,0,26,0,65536,30,30,0,1087,40293,0,0,1087,611,0,0,0,0,0,False,False,False
2015-06-12,0,28,0,0,30,30,0,1088,40318,0,0,1088,611,0,0,0,0,0,False,False,False
2015-06-13,0,27,0,0,30,30,0,1089,40342,0,0,1089,611,0,0,0,0,0,False,False,False
2015-06-14,0,28,0,0,30,30,0,1090,40365,0,0,1090,611,0,0,0,0,0,False,False,False
2015-06-15,0,27,0,1,30,30,0,1090,40389,0,0,1090,611,0,0,0,0,0,False,False,False
2015-06-16,0,27,0,0,30,30,0,1092,40414,0,0,1092,611,0,0,0,0,0,False,False,False
2015-06-17,0,27,0,0,30,30,0,1092,40437,0,0,1092,611,0,0,0,0,0,False,False,False
2015-06-18,0,27,0,0,30,30,0,1093,40461,0,0,1093,611,0,0,0,0,0,False,False,False
2015-06-19,0,28,0,65536,30,30,0,1094,40486,0,0,1094,611,0,0,0,0,0,False,False,False
2015-06-20,0,28,0,1,30,30,0,1094,40509,0,0,1094,611,0,0,0,0,0,False,False,False
2015-06-21,0,28,0,0,30,30,0,1095,40533,0,0,1095,611,0,0,0,0,0,False,False,False
2015-06-22,0,27,0,1,30,30,0,1096,40558,0,0,1096,611,0,0,0,0,0,False,False,False
2015-06-23,0,28,0,0,30,30,0,1097,40582,0,0,1097,611,0,0,0,0,0,False,False,False
2015-06-24,0,28,0,0,30,30,0,1098,40605,0,0,1098,611,0,0,0,0,0,False,False,False
2015-06-25,0,26,0,0,30,30,0,1099,40630,0,0,1099,611,0,0,0,0,0,False,False,False
2015-06-26,0,27,0,65536,30,30,0,1099,40654,0,0,1099,611,0,0,0,0,0,False,False,False
2015-06-27,0,28,0,65536,30,30,0,1100,40677,0,0,1100,611,0,0,0,0,0,False,False,False
2015-06-28,0,27,0,0,30,30,0,1101,40701,0,0,1101,611,0,0,0,0,0,False,False,False
2015-06-29,0,27,0,0,30,30,0,1102,40726,0,0,1102,611,0,0,0,0,0,False,False,False
2015-06-30,0,27,0,0,30,30,0,1103,40749,0,0,1103,611,0,0,0,0,0,False,False,False
2015-07-01,0,26,0,1,30,30,0,1103,40773,0,0,1103,611,0,0,0,0,0,False,False,False
2015-07-02,0,27,0,0,30,30,0,1104,40798,0,0,1104,611,0,0,0,0,0,False,False,False
2015-07-03,0,27,0,0,30,30,0,1105,40821,0,0,1105,611,0,0,0,0,0,False,False,False
2015-07-04,0,26,0,0,30,30,0,1106,40845,0,0,1106,611,0,0,0,0,0,False,False,False
2015-07-05,0,27,0,65536,30,30,0,1107,40870,0,0,1107,611,0,0,0,0,0,False,False,False
2015-07-06,0,27,0,0,30,30,0,1107,40894,0,0,1107,611,0,0,0,0,0,False,False,False
2015-07-07,0,27,0,0,30,30,0,1108,40917,0,0,1108,611,0,0,0,0,0,False,False,False
2015-07-08,0,28,0,1,30,30,0,1109,40942,0,0,1109,611,0,0,0,0,0,False,False,False
2015-07-09,0,29,0,131072,30,30,0,1110,40966,0,0,1110,611,0,0,0,0,0,False,False,False
2015-07-10,0,29,0,0,30,30,0,1111,40989,0,0,1111,611,0,0,0,0,0,False,False,False
2015-07-11,0,29,0,1,30,30,0,1112,41013,0,0,1112,611,0,0,0,0,0,False,False,False
2015-07-12,0,29,0,0,30,30,0,1112,41038,0,0,1112,611,0,0,0,0,0,False,False,False
2015-07-13,0,29,0,131072,30,30,0,1113,41061,0,0,1113,611,0,0,0,0,0,False,False,False
2015-07-14,0,29,0,0,30,30,0,1113,41085,0,0,1113,611,0,0,0,0,0,False,False,False
2015-07-15,0,29,0,0,30,30,0,1114,41109,0,0,1114,611,0,0,0,0,0,False,False,False
2015-07-16,0,27,0,0,30,30,0,1115,41134,0,0,1115,611,0,0,0,0,0,False,False,False
2015-07-17,0,27,0,0,30,30,0,1116,41157,0,0,1116,611,0,0,0,0,0,False,False,False
2015-07-18,0,26,0,0,30,30,0,1117,41181,0,0,1117,611,0,0,0,0,0,False,False,False
2015-07-19,0,27,0,0,30,30,0,1118,41206,0,0,1118,611,0,0,0,0,0,False,False,False
2015-07-20,0,27,0,0,30,30,0,1119,41229,0,0,1119,611,0,0,0,0,0,False,False,False
2015-07-21,0,27,0,0,30,30,0,1120,41253,0,0,1120,611,0,0,0,0,0,False,False,False
2015-07-22,0,27,0,0,30,30,0,1120,41277,0,0,1120,611,0,0,0,0,0,False,False,False
2015-07-23,0,26,0,0,30,30,0,1121,41301,0,0,1121,611,0,0,0,0,0,False,False,False
2015-07-24,0,26,0,0,30,30,0,1122,41326,0,0,1122,611,0,0,0,0,0,False,False,False
2015-07-25,0,26,0,0,30,30,0,1123,41349,0,0,1123,611,0,0,0,0,0,False,False,False
2015-07-26,0,26,0,0,30,30,0,1123,41373,0,0,1123,611,0,0,0,0,0,False,False,False
2015-07-27,0,26,0,0,30,30,0,1124,41398,0,0,1124,611,0,0,0,0,0,False,False,False
2015-07-28,0,26,0,0,30,30,0,1125,41421,0,0,1125,611,0,0,0,0,0,False,False,False
2015-07-29,0,26,0,0,30,30,0,1126,41445,0,0,1126,611,0,0,0,0,0,False,False,False
2015-07-30,0,27,0,0,30,30,0,1126,41469,0,0,1126,611,0,0,0,0,0,False,False,False
2015-07-31,0,27,0,131072,30,30,0,1127,41494,0,0,1127,611,0,0,0,0,0,False,False,False
2015-08-01,0,26,0,0,30,30,0,1128,41517,0,0,1128,611,0,0,0,0,0,False,False,False
2015-08-02,0,27,0,131072,30,30,0,1129,41541,0,0,1129,611,0,0,0,0,0,False,False,False
2015-08-03,0,27,0,1,30,30,0,1130,41566,0,0,1130,611,0,0,0,0,0,False,False,False
2015-08-04,0,27,0,0,30,30,0,1130,41589,0,0,1130,611,0,0,0,0,0,False,False,False
2015-08-05,0,27,0,0,30,30,0,1131,41613,0,0,1131,611,0,0,0,0,0,False,False,False
2015-08-06,0,27,0,0,30,30,0,1131,41637,0,0,1131,611,0,0,0,0,0,False,False,False
2015-08-07,0,28,0,0,30,30,0,1132,41662,0,0,1132,611,0,0,0,0,0,False,False,False
2015-08-08,0,28,0,1,30,30,0,1133,41685,0,0,1133,611,0,0,0,0,0,False,False,False
2015-08-09,0,28,0,0,30,30,0,1133,41709,0,0,1133,611,0,0,0,0,0,False,False,False
2015-08-10,0,28,0,0,30,30,0,1134,41734,0,0,1134,611,0,0,0,0,0,False,False,False
2015-08-11,0,28,0,0,30,30,0,1135,41757,0,0,1135,611,0,0,0,0,0,False,False,False
2015-08-12,0,28,0,131072,30,30,0,1136,41781,0,0,1136,611,0,0,0,0,0,False,False,False
2015-08-13,0,28,0,0,30,30,0,1137,41806,0,0,1137,611,0,0,0,0,0,False,False,False
2015-08-14,0,27,0,65536,30,30,0,1137,41830,0,0,1137,611,0,0,0,0,0,False,False,False
2015-08-15,0,27,0,0,30,30,0,1138,41853,0,0,1138,611,0,0,0,0,0,False,False,False
2015-08-16,0,27,0,0,30,30,0,1138,41877,0,0,1138,611,0,0,0,0,0,False,False,False
2015-08-17,0,27,0,0,30,30,0,1139,41902,0,0,1139,611,0,0,0,0,0,False,False,False
2015-08-18,0,27,0,0,30,30,0,1140,41926,0,0,1140,611,0,0,0,0,0,False,False,False
2015-08-19,0,27,0,0,30,30,0,1141,41949,0,0,1141,611,0,0,0,0,0,False,False,False
2015-08-20,0,27,0,0,30,30,0,1142,41974,0,0,1142,611,0,0,0,0,0,False,False,False
2015-08-21,0,27,0,0,30,30,0,1142,41998,0,0,1142,611,0,0,0,0,0,False,False,False
2015-08-22,0,27,0,65536,30,30,0,1143,42021,0,0,1143,611,0,0,0,0,0,False,False,False
2015-08-23,0,27,0,0,30,30,0,1144,42045,0,0,1144,611,0,0,0,0,0,False,False,False
2015-08-24,0,27,0,0,30,30,0,1144,42070,0,0,1144,611,0,0,0,0,0,False,False,False
2015-08-25,0,28,0,0,32,32,0,1147,42093,0,0,1147,611,0,0,0,0,0,False,False,False
2015-08-26,0,28,0,1,32,32,0,1148,42117,0,0,1148,611,0,0,0,0,0,False,False,False
2015-08-27,0,27,0,0,32,32,0,1149,42140,0,0,1149,611,0,0,0,0,0,False,False,False
2015-08-28,0,27,0,196609,32,32,0,1149,42165,0,0,1149,611,0,0,0,0,0,False,False,False
2015-08-29,0,27,0,65536,32,32,0,1150,42189,0,0,1150,611,0,0,0,0,0,False,False,False
2015-08-30,0,27,0,262144,32,32,0,1151,42213,0,0,1151,611,0,0,0,0,0,False,False,False
2015-08-31,0,28,0,65538,32,32,0,1152,42237,0,0,1152,611,0,0,0,0,0,False,False,False
2015-09-01,0,28,0,0,32,32,0,1153,42261,0,0,1153,611,0,0,0,0,0,False,False,False
2015-09-02,0,28,0,0,32,32,0,1154,42285,0,0,1154,611,0,0,0,0,0,False,False,False
2015-09-03,0,28,0,0,32,32,0,1154,42309,0,0,1154,611,0,0,0,0,0,False,False,False
2015-09-04,0,28,0,0,32,32,0,1154,42333,0,0,1154,611,0,0,0,0,0,False,False,False
2015-09-05,0,28,0,0,32,32,0,1155,42357,0,0,1155,611,0,0,0,0,0,False,False,False
2015-09-06,0,28,0,1,32,32,0,1156,42381,0,0,1156,611,0,0,0,0,0,False,False,False
2015-09-07,0,27,0,0,33,33,0,1158,42405,0,0,1158,611,0,0,0,0,0,False,False,False
2015-09-08,0,27,0,0,33,33,0,1158,42429,0,0,1158,611,0,0,0,0,0,False,False,False
2015-09-09,0,27,0,0,33,33,0,1158,42453,0,0,1158,611,0,0,0,0,0,False,False,False
2015-09-10,0,27,0,0,33,33,0,1158,42476,0,0,1158,611,0,0,0,0,0,False,False,False
2015-09-11,0,28,0,0,33,33,0,1158,42501,0,0,1158,611,0,0,0,0,0,False,False,False
2015-09-12,0,28,0,0,34,34,0,1159,42525,0,0,1159,611,0,0,0,0,0,False,False,False
2015-09-13,0,28,0,0,36,36,0,1161,42548,0,0,1161,625,0,0,0,0,0,False,False,False
2015-09-14,0,27,0,0,36,36,0,1161,42572,0,0,1161,625,0,0,0,0,0,False,False,False
2015-09-15,0,28,0,0,37,37,0,1162,42596,0,0,1162,625,0,0,0,0,0,False,False,False
2015-09-16,0,27,0,0,37,37,0,1162,42620,0,0,1162,625,0,0,0,0,0,False,False,False
2015-09-17,0,28,0,0,37,37,0,1162,42644,0,0,1162,625,0,0,0,0,0,False,False,False
2015-09-18,0,28,0,0,37,37,0,1162,42668,0,0,1162,625,0,0,0,0,0,False,False,False
2015-09-19,0,27,0,0,37,37,0,1163,42692,0,0,1163,625,0,0,0,0,0,False,False,False
2015-09-20,0,27,0,0,37,37,0,1163,42716,0,0,1163,625,0,0,0,0,0,False,False,False
2015-09-21,0,27,0,0,37,37,0,1163,42740,0,0,1163,625,0,0,0,0,0,False,False,False
2015-09-22,0,27,0,0,37,37,0,1164,42764,0,0,1164,625,0,0,0,0,0,False,False,False
2015-09-23,0,27,0,0,37,37,0,1164,42788,0,0,1164,625,0,0,0,0,0,False,False,False
2015-09-24,0,27,0,65536,37,37,0,1164,42812,0,0,1164,625,0,0,0,0,0,False,False,False
2015-09-25,0,27,0,0,37,37,0,1164,42836,0,0,1164,625,0,0,0,0,0,False,False,False
2015-09-26,0,28,0,0,37,37,0,1164,42860,0,0,1164,625,0,0,0,0,0,False,False,False
2015-09-27,0,28,0,0,37,37,0,1165,42884,0,0,1165,625,0,0,0,0,0,False,False,False
2015-09-28,0,27,0,131072,37,37,0,1166,42908,0,0,1166,625,0,0,0,0,0,False,False,False
2015-09-29,0,28,0,0,37,37,0,1166,42932,0,0,1166,625,0,0,0,0,0,False,False,False
2015-09-30,0,27,0,0,37,37,0,1167,42956,0,0,1167,625,0,0,0,0,0,False,False,False
2015-10-01,0,27,0,0,37,37,0,1168,42980,0,0,1168,625,0,0,0,0,0,False,False,False
2015-10-02,0,28,0,0,37,37,0,1169,43004,0,0,1169,625,0,0,0,0,0,False,False,False
2015-10-03,0,28,0,0,37,37,0,1170,43028,0,0,1170,625,0,0,0,0,0,False,False,False
2015-10-04,0,27,0,0,37,37,0,1170,43052,0,0,1170,625,0,0,0,0,0,False,False,False
2015-10-05,0,27,0,0,37,37,0,1171,43076,0,0,1171,625,0,0,0,0,0,False,False,False
2015-10-06,0,28,0,2,37,37,0,1172,43100,0,0,1172,625,0,0,0,0,0,False,False,False
2015-10-07,0,27,0,0,37,37,0,1173,43124,0,0,1173,625,0,0,0,0,0,False,False,False
2015-10-08,0,26,0,0,37,37,0,1174,43148,0,0,1174,625,0,0,0,0,0,False,False,False
2015-10-09,0,26,0,0,37,37,0,1175,43172,0,0,1175,625,0,0,0,0,0,False,False,False
2015-10-10,0,26,0,0,37,37,0,1175,43196,0,0,1175,625,0,0,0,0,0,False,False,False
2015-10-11,0,25,0,0,37,37,0,1176,43221,0,0,1176,625,0,0,0,0,0,False,False,False
2015-10-12,0,26,0,0,37,37,0,1177,43244,0,0,1177,625,0,0,0,0,0,False,False,False
2015-10-13,0,26,0,0,37,37,0,1178,43268,0,0,1178,625,0,0,0,0,0,False,False,False
2015-10-14,0,26,0,65536,37,37,0,1179,43292,0,0,1179,625,0,0,0,0,0,False,False,False
2015-10-15,0,26,0,0,37,37,0,1179,43316,0,0,1179,625,0,0,0,0,0,False,False,False
2015-10-16,0,26,0,65536,37,37,0,1180,43340,0,0,1180,625,0,0,0,0,0,False,False,False
2015-10-17,0,26,0,65536,37,37,0,1181,43364,0,0,1181,625,0,0,0,0,0,False,False,False
2015-10-18,0,26,0,1,37,37,0,1182,43389,0,0,1182,625,0,0,0,0,0,False,False,False
2015-10-19,0,26,0,1,37,37,0,1183,43412,0,0,1183,625,0,0,0,0,0,False,False,False
2015-10-20,0,26,0,0,37,37,0,1183,43436,0,0,1183,625,0,0,0,0,0,False,False,False
2015-10-21,0,26,0,0,37,37,0,1184,43460,0,0,1184,625,0,0,0,0,0,False,False,False
2015-10-22,0,26,0,0,37,37,0,1185,43484,0,0,1185,625,0,0,0,0,0,False,False,False
2015-10-23,0,25,0,0,37,37,0,1185,43508,0,0,1185,625,0,0,0,0,0,False,False,False
2015-10-24,0,25,0,0,37,37,0,1186,43532,0,0,1186,625,0,0,0,0,0,False,False,False
2015-10-25,0,25,0,0,37,37,0,1187,43556,0,0,1187,625,0,0,0,0,0,False,False,False
2015-10-26,0,26,0,131072,37,37,0,1187,43580,0,0,1187,625,0,0,0,0,0,False,False,False
2015-10-27,0,26,0,0,37,37,0,1188,43604,0,0,1188,625,0,0,0,0,0,False,False,False
2015-10-29,0,25,0,0,37,37,0,1190,43652,0,0,1190,625,0,0,0,0,0,False,False,False
2015-10-30,0,27,0,0,37,37,0,1190,43676,0,0,1190,625,0,0,0,0,0,False,False,False
2015-10-31,0,26,0,0,37,37,0,1191,43700,0,0,1191,625,0,0,0,0,0,False,False,False
2015-11-02,0,26,0,0,37,37,0,1193,43749,0,0,1193,625,0,0,0,0,0,False,False,False
2015-11-03,0,25,0,0,37,37,0,1194,43773,0,0,1194,625,0,0,0,0,0,False,False,False
2015-11-04,0,27,0,0,37,37,0,1194,43797,0,0,1194,625,0,0,0,0,0,False,False,False
2015-11-05,0,27,0,0,37,37,0,1195,43821,0,0,1195,625,0,0,0,0,0,False,False,False
2015-11-06,0,27,0,0,37,37,0,1195,43845,0,0,1195,625,0,0,0,0,0,False,False,False
2015-11-07,0,29,0,0,37,37,0,1196,43869,0,0,1196,625,0,0,0,0,0,False,False,False
2015-11-08,0,26,0,0,37,37,0,1197,43893,0,0,1197,625,0,0,0,0,0,False,False,False
2015-11-09,0,26,0,0,37,37,0,1198,43917,0,0,1198,625,0,0,0,0,0,False,False,False
2015-11-10,0,26,0,0,37,37,0,1199,43941,0,0,1199,625,0,0,0,0,0,False,False,False
2015-11-11,0,26,0,0,37,37,0,1200,43965,0,0,1200,625,0,0,0,0,0,False,False,False
2015-11-12,0,26,0,0,37,37,0,1201,43989,0,0,1201,625,0,0,0,0,0,False,False,False
2015-11-13,0,26,0,0,37,37,0,1202,44013,0,0,1202,625,0,0,0,0,0,False,False,False
2015-11-14,0,26,0,2,37,37,0,1203,44037,0,0,1203,625,0,0,0,0,0,False,False,False
2015-11-15,0,26,0,0,37,37,0,1203,44061,0,0,1203,625,0,0,0,0,0,False,False,False
2015-11-16,0,26,0,1,37,37,0,1203,44085,0,0,1203,625,0,0,0,0,0,False,False,False
2015-11-17,0,28,0,0,37,37,0,1204,44109,0,0,1204,625,0,0,0,0,0,False,False,False
2015-11-18,0,29,0,0,37,37,0,1205,44133,0,0,1205,625,0,0,0,0,0,False,False,False
2015-11-19,0,29,0,0,37,37,0,1206,44157,0,0,1206,625,0,0,0,0,0,False,False,False
2015-11-20,0,30,0,0,37,37,0,1207,44181,0,0,1207,625,0,0,0,0,0,False,False,False
2015-11-21,0,30,0,0,37,37,0,1208,44205,0,0,1208,625,0,0,0,0,0,False,False,False
2015-11-22,0,28,0,0,37,37,0,1208,44229,0,0,1208,625,0,0,0,0,0,False,False,False
2015-11-23,0,29,0,0,37,37,0,1209,44254,0,0,1209,625,0,0,0,0,0,False,False,False
2015-11-24,0,31,0,0,37,37,0,1210,44277,0,0,1210,625,0,0,0,0,0,False,False,False
2015-11-25,0,28,0,0,37,37,0,1211,44301,0,0,1211,625,0,0,0,0,0,False,False,False
2015-11-26,0,28,0,0,37,37,0,1212,44325,0,0,1212,625,0,0,0,0,0,False,False,False
2015-11-27,0,28,0,0,37,37,0,1213,44349,0,0,1213,625,0,0,0,0,0,False,False,False
2015-11-28,0,29,0,0,37,37,0,1213,44373,0,0,1213,625,0,0,0,0,0,False,False,False
2015-11-29,0,28,0,0,37,37,0,1214,44397,0,0,1214,625,0,0,0,0,0,False,False,False
2015-11-30,0,28,0,0,37,37,0,1214,44421,0,0,1214,625,0,0,0,0,0,False,False,False
2015-12-01,0,27,0,0,37,37,0,1215,44445,0,0,1215,625,0,0,0,0,0,False,False,False
2015-12-02,0,27,0,0,37,37,0,1216,44469,0,0,1216,625,0,0,0,0,0,False,False,False
2015-12-03,0,27,0,0,37,37,0,1217,44493,0,0,1217,625,0,0,0,0,0,False,False,False
2015-12-04,0,27,0,65536,37,37,0,1218,44517,0,0,1218,625,0,0,0,0,0,False,False,False
2015-12-05,0,27,0,0,37,37,0,1219,44541,0,0,1219,625,0,0,0,0,0,False,False,False
2015-12-06,0,28,0,0,37,37,0,1219,44565,0,0,1219,625,0,0,0,0,0,False,False,False
2015-12-07,0,28,0,0,37,37,0,1220,44589,0,0,1220,625,0,0,0,0,0,False,False,False
2015-12-08,0,27,0,0,37,37,0,1221,44613,0,0,1221,625,0,0,0,0,0,False,False,False
2015-12-09,0,29,0,0,37,37,0,1222,44637,0,0,1222,625,0,0,0,0,0,False,False,False
2015-12-10,0,29,0,65536,37,37,0,1222,44661,0,0,1222,625,0,0,0,0,0,False,False,False
2015-12-11,0,28,0,0,37,37,0,1223,44685,0,0,1223,625,0,0,0,0,0,False,False,False
2015-12-12,0,27,0,0,37,37,0,1224,44709,0,0,1224,625,0,0,0,0,0,False,False,False
2015-12-13,0,27,0,0,37,37,0,1225,44733,0,0,1225,625,0,0,0,0,0,False,False,False
2015-12-14,0,27,0,0,37,37,0,1226,44757,0,0,1226,625,0,0,0,0,0,False,False,False
2015-12-15,0,27,0,0,37,37,0,1226,44781,0,0,1226,625,0,0,0,0,0,False,False,False
2015-12-16,0,27,0,0,37,37,0,1227,44805,0,0,1227,625,0,0,0,0,0,False,False,False
2015-12-17,0,27,0,0,37,37,0,1228,44829,0,0,1228,625,0,0,0,0,0,False,False,False
2015-12-18,0,27,0,0,37,37,0,1229,44853,0,0,1229,625,0,0,0,0,0,False,False,False
2015-12-19,0,27,0,0,37,37,0,1230,44877,0,0,1230,625,0,0,0,0,0,False,False,False
2015-12-20,0,27,0,0,37,37,0,1231,44901,0,0,1231,625,0,0,0,0,0,False,False,False
2015-12-21,0,27,0,0,37,37,0,1232,44925,0,0,1232,625,0,0,0,0,0,False,False,False
2015-12-22,0,27,0,0,37,37,0,1233,44949,0,0,1233,625,0,0,0,0,0,False,False,False
2015-12-23,0,28,0,0,37,37,0,1233,44973,0,0,1233,625,0,0,0,0,0,False,False,False
2015-12-24,0,27,0,0,37,37,0,1234,44997,0,0,1234,625,0,0,0,0,0,False,False,False
2015-12-25,0,27,0,65536,37,37,0,1235,45021,0,0,1235,625,0,0,0,0,0,False,False,False
2015-12-26,0,27,0,0,37,37,0,1236,45045,0,0,1236,625,0,0,0,0,0,False,False,False
2015-12-27,0,27,0,0,37,37,0,1237,45069,0,0,1237,625,0,0,0,0,0,False,False,False
2015-12-28,0,27,0,0,37,37,0,1237,45093,0,0,1237,625,0,0,0,0,0,False,False,False
2015-12-29,0,27,0,0,37,37,0,1238,45117,0,0,1238,625,0,0,0,0,0,False,False,False
2015-12-30,0,27,0,0,37,37,0,1239,45141,0,0,1239,625,0,0,0,0,0,False,False,False
2015-12-31,0,27,0,0,37,37,0,1239,45165,0,0,1239,625,0,0,0,0,0,False,False,False
2016-01-01,0,27,0,0,37,37,0,1240,45189,0,0,1240,625,0,0,0,0,0,False,False,False
2016-01-02,0,27,0,0,37,37,0,1241,45213,0,0,1241,625,0,0,0,0,0,False,False,False
2016-01-03,0,27,0,0,37,37,0,1242,45237,0,0,1242,625,0,0,0,0,0,False,False,False
2016-01-04,0,27,0,0,37,37,0,1243,45261,0,0,1243,625,0,0,0,0,0,False,False,False
2016-01-05,0,28,0,2,37,37,0,1243,45285,0,0,1243,625,0,0,0,0,0,False,False,False
2016-01-06,0,28,0,1,37,37,0,1244,45309,0,0,1244,625,0,0,0,0,0,False,False,False
2016-01-07,0,27,0,0,37,37,0,1244,45333,0,0,1244,625,0,0,0,0,0,False,False,False
2016-01-08,0,27,0,1,37,37,0,1245,45358,0,0,1245,625,0,0,0,0,0,False,False,False
2016-01-09,0,27,0,0,37,37,0,1246,45381,0,0,1246,625,0,0,0,0,0,False,False,False
2016-01-10,0,28,0,0,37,37,0,1247,45405,0,0,1247,625,0,0,0,0,0,False,False,False
2016-01-11,0,27,0,0,37,37,0,1248,45429,0,0,1248,625,0,0,0,0,0,False,False,False
2016-01-12,0,27,0,65537,37,37,0,1249,45453,0,0,1249,625,0,0,0,0,0,False,False,False
2016-01-13,0,28,0,0,37,37,0,1250,45477,0,0,1250,625,0,0,0,0,0,False,False,False
2016-01-14,0,27,0,0,37,37,0,1251,45501,0,0,1251,625,0,0,0,0,0,False,False,False
2016-01-15,0,27,0,0,37,37,0,1251,45525,0,0,1251,625,0,0,0,0,0,False,False,False
2016-01-16,0,28,0,0,37,37,0,1252,45549,0,0,1252,625,0,0,0,0,0,False,False,False
2016-01-17,0,28,0,0,37,37,0,1253,45573,0,0,1253,625,0,0,0,0,0,False,False,False
2016-01-18,0,29,0,1,37,37,0,1254,45597,0,0,1254,625,0,0,0,0,0,False,False,False
2016-01-19,0,28,0,0,37,37,0,1255,45621,0,0,1255,625,0,0,0,0,0,False,False,False
2016-01-20,0,29,0,0,37,37,0,1256,45645,0,0,1256,625,0,0,0,0,0,False,False,False
2016-01-21,0,28,0,0,37,37,0,1256,45669,0,0,1256,625,0,0,0,0,0,False,False,False
2016-01-22,0,29,0,0,37,37,0,1257,45693,0,0,1257,625,0,0,0,0,0,False,False,False
2016-01-23,0,28,0,0,37,37,0,1257,45717,0,0,1257,625,0,0,0,0,0,False,False,False
2016-01-24,0,28,0,0,37,37,0,1258,45741,0,0,1258,625,0,0,0,0,0,False,False,False
2016-01-25,0,28,0,0,37,37,0,1259,45765,0,0,1259,625,0,0,0,0,0,False,False,False
2016-01-26,0,27,0,0,37,37,0,1260,45789,0,0,1260,625,0,0,0,0,0,False,False,False
2016-01-27,0,28,0,1,37,37,0,1261,45813,0,0,1261,625,0,0,0,0,0,False,False,False
2016-01-28,0,27,0,0,37,37,0,1262,45837,0,0,1262,625,0,0,0,0,0,False,False,False
2016-01-29,0,28,0,0,37,37,0,1262,45861,0,0,1262,625,0,0,0,0,0,False,False,False
2016-01-30,0,28,0,0,37,37,0,1263,45885,0,0,1263,625,0,0,0,0,0,False,False,False
2016-01-31,0,28,0,0,37,37,0,1264,45909,0,0,1264,625,0,0,0,0,0,False,False,False
2016-02-01,0,28,0,0,37,37,0,1265,45933,0,0,1265,625,0,0,0,0,0,False,False,False
2016-02-02,0,27,0,0,37,37,0,1265,45957,0,0,1265,625,0,0,0,0,0,False,False,False
2016-02-03,0,28,0,0,37,37,0,1266,45981,0,0,1266,625,0,0,0,0,0,False,False,False
2016-02-04,0,28,0,0,37,37,0,1266,46005,0,0,1266,625,0,0,0,0,0,False,False,False
2016-02-05,0,28,0,0,37,37,0,1266,46029,0,0,1266,625,0,0,0,0,0,False,False,False
2016-02-06,0,29,0,0,37,37,0,1266,46053,0,0,1266,625,0,0,0,0,0,False,False,False
2016-02-07,0,29,0,0,37,37,0,1266,46077,0,0,1266,625,0,0,0,0,0,False,False,False
2016-02-08,0,29,0,0,37,37,0,1266,46101,0,0,1266,625,0,0,0,0,0,False,False,False
2016-02-09,0,29,0,0,37,37,0,1266,46125,0,0,1266,625,0,0,0,0,0,False,False,False
2016-02-10,0,26,0,0,37,37,0,1266,46149,0,0,1266,625,0,0,0,0,0,False,False,False
2016-02-11,0,29,0,0,37,37,0,1266,46173,0,0,1266,625,0,0,0,0,0,False,False,False
2016-02-12,0,28,0,0,37,37,0,1266,46197,0,0,1266,625,0,0,0,0,0,False,False,False
2016-02-13,0,28,0,0,37,37,0,1266,46221,0,0,1266,625,0,0,0,0,0,False,False,False
2016-02-14,0,28,0,0,37,37,0,1266,46245,0,0,1266,625,0,0,0,0,0,False,False,False
2016-02-15,0,27,0,0,37,37,0,1266,46269,0,0,1266,625,0,0,0,0,0,False,False,False
2016-02-16,0,28,0,0,37,37,0,1266,46293,0,0,1266,625,0,0,0,0,0,False,False,False
2016-02-17,0,27,0,0,37,37,0,1266,46317,0,0,1266,625,0,0,0,0,0,False,False,False
2016-02-18,0,28,0,0,37,37,0,1266,46341,0,0,1266,625,0,0,0,0,0,False,False,False
2016-02-19,0,28,0,0,37,37,0,1266,46365,0,0,1266,625,0,0,0,0,0,False,False,False
2016-02-20,0,29,0,0,37,37,0,1266,46389,0,0,1266,625,0,0,0,0,0,False,False,False
2016-02-21,0,28,0,0,37,37,0,1266,46413,0,0,1266,625,0,0,0,0,0,False,False,False
2016-02-22,0,29,0,0,37,37,0,1266,46437,0,0,1266,625,0,0,0,0,0,False,False,False
2016-02-23,0,29,0,0,37,37,0,1266,46461,0,0,1266,625,0,0,0,0,0,False,False,False
2016-02-24,0,29,0,0,37,37,0,1266,46485,0,0,1266,625,0,0,0,0,0,False,False,False
2016-02-25,0,28,0,0,37,37,0,1266,46509,0,0,1266,625,0,0,0,0,0,False,False,False
2016-02-26,0,28,0,0,37,37,0,1266,46533,0,0,1266,625,0,0,0,0,0,False,False,False
2016-02-27,0,26,0,0,37,37,0,1266,46557,0,0,1266,625,0,0,0,0,0,False,False,False
2016-02-28,0,29,0,0,37,37,0,1266,46581,0,0,1266,625,0,0,0,0,0,False,False,False
2016-02-29,0,28,0,0,37,37,0,1266,46605,0,0,1266,625,0,0,0,0,0,False,False,False
2016-03-01,0,28,0,0,37,37,0,1266,46629,0,0,1266,625,0,0,0,0,0,False,False,False
2016-03-02,0,27,0,0,37,37,0,1266,46653,0,0,1266,625,0,0,0,0,0,False,False,False
2016-03-03,0,27,0,65536,37,37,0,1266,46677,0,0,1266,625,0,0,0,0,0,False,False,False
2016-03-04,0,27,0,0,37,37,0,1266,46701,0,0,1266,625,0,0,0,0,0,False,False,False
2016-03-05,0,27,0,0,37,37,0,1266,46725,0,0,1266,625,0,0,0,0,0,False,False,False
2016-03-06,0,27,0,0,37,37,0,1266,46749,0,0,1266,625,0,0,0,0,0,False,False,False
2016-03-07,0,29,0,0,37,37,0,1266,46773,0,0,1266,625,0,0,0,0,0,False,False,False
2016-03-08,0,28,0,0,37,37,0,1266,46797,0,0,1266,625,0,0,0,0,0,False,False,False
2016-03-09,0,29,0,0,37,37,0,1266,46821,0,0,1266,625,0,0,0,0,0,False,False,False
2016-03-10,0,28,0,0,37,37,0,1266,46845,0,0,1266,625,0,0,0,0,0,False,False,False
2016-03-11,0,29,0,0,37,37,0,1266,46869,0,0,1266,625,0,0,0,0,0,False,False,False
2016-03-12,0,29,0,0,37,37,0,1266,46893,0,0,1266,625,0,0,0,0,0,False,False,False
2016-03-13,0,29,0,0,37,37,0,1266,46917,0,0,1266,625,0,0,0,0,0,False,False,False
2016-03-14,0,29,0,0,37,37,0,1266,46941,0,0,1266,625,0,0,0,0,0,False,False,False
2016-03-15,0,28,0,0,37,37,0,1266,46964,0,0,1266,625,0,0,0,0,0,False,False,False
2016-03-16,0,29,0,0,37,37,0,1266,46988,0,0,1266,625,0,0,0,0,0,False,False,False
2016-03-17,0,28,0,0,37,37,0,1266,47012,0,0,1266,625,0,0,0,0,0,False,False,False
2016-03-18,0,28,0,0,37,37,0,1266,47036,0,0,1266,625,0,0,0,0,0,False,False,False
2016-03-19,0,28,0,0,37,37,0,1266,47060,0,0,1266,625,0,0,0,0,0,False,False,False
2016-03-20,0,27,0,0,37,37,0,1266,47084,0,0,1266,625,0,0,0,0,0,False,False,False
2016-03-21,0,26,0,0,37,37,0,1266,47108,0,0,1266,625,0,0,0,0,0,False,False,False
2016-03-22,0,28,0,0,37,37,0,1266,47132,0,0,1266,625,0,0,0,0,0,False,False,False
2016-03-23,0,27,0,0,37,37,0,1266,47156,0,0,1266,625,0,0,0,0,0,False,False,False
2016-03-24,0,28,0,0,37,37,0,1267,47180,0,0,1267,625,0,0,0,0,0,False,False,False
2016-03-25,0,28,0,0,37,37,0,1268,47204,0,0,1268,625,0,0,0,0,0,False,False,False
2016-03-26,0,28,0,0,37,37,0,1269,47228,0,0,1269,625,0,0,0,0,0,False,False,False
2016-03-27,0,28,0,131072,37,37,0,1270,47252,0,0,1270,625,0,0,0,0,0,False,False,False
2016-03-28,0,28,0,0,37,37,0,1270,47276,0,0,1270,625,0,0,0,0,0,False,False,False
2016-03-29,0,27,0,0,37,37,0,1271,47300,0,0,1271,625,0,0,0,0,0,False,False,False
2016-03-30,0,32,0,0,38,38,0,1273,47324,0,0,1273,625,0,0,0,0,0,False,False,False
2016-03-31,0,33,0,0,38,38,0,1274,47348,0,0,1274,625,0,0,0,0,0,False,False,False
2016-04-01,0,34,0,0,38,38,0,1274,47372,0,0,1274,625,0,0,0,0,0,False,False,False
2016-04-02,0,33,0,0,38,38,0,1275,47396,0,0,1275,625,0,0,0,0,0,False,False,False
2016-04-03,0,34,0,65537,38,38,0,1275,47420,0,0,1275,625,0,0,0,0,0,False,False,False
2016-04-04,0,34,0,0,38,38,0,1276,47444,0,0,1276,625,0,0,0,0,0,False,False,False
2016-04-05,0,33,0,0,38,38,0,1277,47468,0,0,1277,625,0,0,0,0,0,False,False,False
2016-04-06,0,33,0,0,38,38,0,1278,47492,0,0,1278,625,0,0,0,0,0,False,False,False
2016-04-07,0,32,0,1,38,38,0,1279,47516,0,0,1279,625,0,0,0,0,0,False,False,False
2016-04-08,0,36,0,2,38,38,0,1279,47540,0,0,1279,625,0,0,0,0,0,False,False,False
2016-04-09,0,37,0,0,38,38,0,1280,47564,0,0,1280,625,0,0,0,0,0,False,False,False
2016-04-10,0,37,0,0,38,38,0,1280,47588,0,0,1280,625,0,0,0,0,0,False,False,False
2016-04-11,0,36,0,0,38,38,0,1281,47612,0,0,1281,625,0,0,0,0,0,False,False,False
2016-04-12,0,37,0,1,38,38,0,1282,47636,0,0,1282,625,0,0,0,0,0,False,False,False
2016-04-13,0,34,0,0,38,38,0,1283,47660,0,0,1283,625,0,0,0,0,0,False,False,False
2016-04-14,0,35,0,0,38,38,0,1283,47684,0,0,1283,625,0,0,0,0,0,False,False,False
2016-04-15,0,33,0,0,38,38,0,1284,47707,0,0,1284,625,0,0,0,0,0,False,False,False
2016-04-16,0,33,0,0,38,38,0,1285,47732,0,0,1285,625,0,0,0,0,0,False,False,False
2016-04-17,0,34,0,1,38,38,0,1286,47756,0,0,1286,625,0,0,0,0,0,False,False,False
2016-04-18,0,34,0,0,38,38,0,1287,47780,0,0,1287,625,0,0,0,0,0,False,False,False
2016-04-19,0,33,0,0,39,39,0,1288,47803,0,0,1288,625,0,0,0,0,0,False,False,False
2016-04-20,0,33,0,1,39,39,0,1289,47828,0,0,1289,625,0,0,0,0,0,False,False,False
2016-04-21,0,33,0,0,39,39,0,1290,47852,0,0,1290,625,0,0,0,0,0,False,False,False
2016-04-22,0,35,0,0,39,39,0,1291,47875,0,0,1291,625,0,0,0,0,0,False,False,False
2016-04-23,0,34,0,65536,39,39,0,1292,47900,0,0,1292,625,0,0,0,0,0,False,False,False
2016-04-24,0,35,0,0,39,39,0,1292,47924,0,0,1292,625,0,0,0,0,0,False,False,False
2016-04-25,0,34,0,65536,39,39,0,1293,47947,0,0,1293,625,0,0,0,0,0,False,False,False
2016-04-26,0,34,0,0,39,39,0,1294,47971,0,0,1294,625,0,0,0,0,0,False,False,False
2016-04-27,0,34,0,0,39,39,0,1294,47996,0,0,1294,625,0,0,0,0,0,False,False,False
2016-04-28,0,33,0,0,39,39,0,1295,48020,0,0,1295,625,0,0,0,0,0,False,False,False
2016-04-29,0,33,0,0,39,39,0,1296,48043,0,0,1296,625,0,0,0,0,0,False,False,False
2016-04-30,0,33,0,0,39,39,0,1296,48068,0,0,1296,625,0,0,0,0,0,False,False,False
2016-05-01,0,33,0,0,39,39,0,1296,48092,0,0,1296,625,0,0,0,0,0,False,False,False
2016-05-02,0,33,0,0,39,39,0,1297,48115,0,0,1297,625,0,0,0,0,0,False,False,False
2016-05-03,0,32,0,0,39,39,0,1298,48140,0,0,1298,625,0,0,0,0,0,False,False,False
2016-05-04,0,33,0,0,39,39,0,1298,48164,0,0,1298,625,0,0,0,0,0,False,False,False
2016-05-05,0,33,0,0,39,39,0,1299,48187,0,0,1299,625,0,0,0,0,0,False,False,False
2016-05-06,0,34,0,0,39,39,0,1300,48212,0,0,1300,625,0,0,0,0,0,False,False,False
2016-05-07,0,34,0,0,39,39,0,1300,48236,0,0,1300,625,0,0,0,0,0,False,False,False
2016-05-08,0,33,0,1,39,39,0,1301,48260,0,0,1301,625,0,0,0,0,0,False,False,False
2016-05-09,0,34,0,65536,39,39,0,1301,48283,0,0,1301,625,0,0,0,0,0,False,False,False
2016-05-10,0,34,0,0,39,39,0,1302,48308,0,0,1302,625,0,0,0,0,0,False,False,False
2016-05-11,0,33,0,0,39,39,0,1302,48332,0,0,1302,625,0,0,0,0,0,False,False,False
2016-05-12,0,33,0,0,39,39,0,1303,48355,0,0,1303,625,0,0,0,0,0,False,False,False
2016-05-13,0,33,0,0,39,39,0,1304,48380,0,0,1304,625,0,0,0,0,0,False,False,False
2016-05-14,0,34,0,0,39,39,0,1305,48404,0,0,1305,625,0,0,0,0,0,False,False,False
2016-05-15,0,34,0,0,39,39,0,1305,48427,0,0,1305,625,0,0,0,0,0,False,False,False
2016-05-16,0,33,0,0,39,39,0,1306,48452,0,0,1306,625,0,0,0,0,0,False,False,False
2016-05-17,0,33,0,0,39,39,0,1307,48476,0,0,1307,625,0,0,0,0,0,False,False,False
2016-05-18,0,32,0,1,39,39,0,1307,48500,0,0,1307,625,0,0,0,0,0,False,False,False
2016-05-19,0,32,0,0,39,39,0,1308,48523,0,0,1308,625,0,0,0,0,0,False,False,False
2016-05-20,0,33,0,0,39,39,0,1309,48548,0,0,1309,625,0,0,0,0,0,False,False,False
2016-05-21,0,33,0,0,39,39,0,1309,48572,0,0,1309,625,0,0,0,0,0,False,False,False
2016-05-22,0,34,0,0,39,39,0,1310,48595,0,0,1310,625,0,0,0,0,0,False,False,False
2016-05-23,0,34,0,0,39,39,0,1310,48620,0,0,1310,625,0,0,0,0,0,False,False,False
2016-05-24,0,34,0,0,39,39,0,1311,48644,0,0,1311,625,0,0,0,0,0,False,False,False
2016-05-25,0,34,0,1,39,39,0,1312,48667,0,0,1312,625,0,0,0,0,0,False,False,False
2016-05-26,0,33,0,0,39,39,0,1313,48691,0,0,1313,625,0,0,0,0,0,False,False,False
2016-05-27,0,32,0,0,39,39,0,1313,48716,0,0,1313,625,0,0,0,0,0,False,False,False
2016-05-28,0,32,0,1,39,39,0,1314,48740,0,0,1314,625,0,0,0,0,0,False,False,False
2016-05-29,0,32,0,0,39,39,0,1315,48763,0,0,1315,625,0,0,0,0,0,False,False,False
2016-05-30,0,32,0,0,39,39,0,1316,48788,0,0,1316,625,0,0,0,0,0,False,False,False
2016-05-31,0,32,0,0,39,39,0,1316,48812,0,0,1316,625,0,0,0,0,0,False,False,False
2016-06-01,0,33,0,0,39,39,0,1317,48835,0,0,1317,625,0,0,0,0,0,False,False,False
2016-06-02,0,33,0,1,39,39,0,1318,48860,0,0,1318,625,0,0,0,0,0,False,False,False
2016-06-03,0,33,0,0,39,39,0,1319,48884,0,0,1319,625,0,0,0,0,0,False,False,False
2016-06-04,0,33,0,0,39,39,0,1320,48907,0,0,1320,625,0,0,0,0,0,False,False,False
2016-06-05,0,33,0,0,39,39,0,1320,48931,0,0,1320,625,0,0,0,0,0,False,False,False
2016-06-06,0,33,0,0,39,39,0,1321,48956,0,0,1321,625,0,0,0,0,0,False,False,False
2016-06-07,0,33,0,1,39,39,0,1322,48980,0,0,1322,625,0,0,0,0,0,False,False,False
2016-06-08,0,33,0,0,39,39,0,1322,49003,0,0,1322,625,0,0,0,0,0,False,False,False
2016-06-09,0,32,0,0,39,39,0,1323,49028,0,0,1323,625,0,0,0,0,0,False,False,False
2016-06-10,0,32,0,0,39,39,0,1324,49052,0,0,1324,625,0,0,0,0,0,False,False,False
2016-06-11,0,32,0,0,39,39,0,1325,49075,0,0,1325,625,0,0,0,0,0,False,False,False
2016-06-12,0,32,0,0,39,39,0,1325,49100,0,0,1325,625,0,0,0,0,0,False,False,False
2016-06-13,0,32,0,0,39,39,0,1326,49124,0,0,1326,625,0,0,0,0,0,False,False,False
2016-06-14,0,32,0,0,39,39,0,1326,49147,0,0,1326,625,0,0,0,0,0,False,False,False
2016-06-15,0,33,0,0,39,39,0,1327,49172,0,0,1327,625,0,0,0,0,0,False,False,False
2016-06-16,0,33,0,0,39,39,0,1328,49196,0,0,1328,625,0,0,0,0,0,False,False,False
2016-06-17,0,32,0,0,39,39,0,1328,49220,0,0,1328,625,0,0,0,0,0,False,False,False
2016-06-18,0,33,0,0,39,39,0,1329,49243,0,0,1329,625,0,0,0,0,0,False,False,False
2016-06-19,0,33,0,0,39,39,0,1329,49268,0,0,1329,625,0,0,0,0,0,False,False,False
2016-06-20,0,33,0,0,39,39,0,1329,49292,0,0,1329,625,0,0,0,0,0,False,False,False
2016-06-21,0,33,0,0,39,39,0,1330,49315,0,0,1330,625,0,0,0,0,0,False,False,False
2016-06-22,0,33,0,0,39,39,0,1331,49340,0,0,1331,625,0,0,0,0,0,False,False,False
2016-06-23,0,33,0,0,39,39,0,1331,49364,0,0,1331,625,0,0,0,0,0,False,False,False
2016-06-24,0,33,0,0,39,39,0,1332,49387,0,0,1332,625,0,0,0,0,0,False,False,False
2016-06-25,0,33,0,0,39,39,0,1333,49411,0,0,1333,625,0,0,0,0,0,False,False,False
2016-06-26,0,33,0,0,39,39,0,1333,49436,0,0,1333,625,0,0,0,0,0,False,False,False
2016-06-27,0,33,0,0,39,39,0,1334,49459,0,0,1334,625,0,0,0,0,0,False,False,False
2016-06-28,0,33,0,0,39,39,0,1335,49483,0,0,1335,625,0,0,0,0,0,False,False,False
2016-06-29,0,33,0,1,39,39,0,1336,49508,0,0,1336,625,0,0,0,0,0,False,False,False
2016-06-30,0,33,0,0,39,39,0,1336,49532,0,0,1336,625,0,0,0,0,0,False,False,False
