date,failure,Smart 194: Temperature_Celsius (Raw Value),Smart 8: Seek_Time_Performance (Raw Value),Smart 1: Raw_Read_Error_Rate (Raw Value),Smart 12: Power_Cycle_Count (Raw Value),Smart 4: Start_Stop_Count (Raw Value),Smart 10: Spin_Retry_Count (Raw Value),Smart 192: Power-Off_Retract_Count (Raw Value),Smart 9: Power_On_Hours (Raw Value),Smart 2: Throughput_Performance (Raw Value),Smart 7: Seek_Error_Rate (Raw Value),Smart 193: Load_Cycle_Count (Raw Value),Smart 3: Spin_Up_Time (Raw Value),Smart 5: Reallocated_Sector_Ct (Raw Value),Smart 197: Current_Pending_Sector (Raw Value),Smart 198: Offline_Uncorrectable (Raw Value),Smart 199: UDMA_CRC_Error_Count (Raw Value),Smart 196: Reallocated_Event_Count (Raw Value),op_fail_30,op_fail_15,op_fail_1
2013-04-10,0,23,,0,,,,,24380,,,,,0,0,,,,False,False,False
2013-04-11,0,23,,0,,,,,24404,,,,,0,0,,,,False,False,False
2013-04-12,0,23,,262146,,,,,24428,,,,,0,0,,,,False,False,False
2013-04-13,0,23,,0,,,,,24452,,,,,0,0,,,,False,False,False
2013-04-14,0,23,,2,,,,,24476,,,,,0,0,,,,False,False,False
2013-04-15,0,23,,65538,,,,,24500,,,,,0,0,,,,False,False,False
2013-04-16,0,23,,65536,,,,,24524,,,,,0,0,,,,False,False,False
2013-04-17,0,23,,196608,,,,,24548,,,,,0,0,,,,False,False,False
2013-04-18,0,22,,1,,,,,24572,,,,,0,0,,,,False,False,False
2013-04-19,0,22,,65537,,,,,24596,,,,,0,0,,,,False,False,False
2013-04-20,0,23,,4,,,,,24620,,,,,0,0,,,,False,False,False
2013-04-21,0,22,,1,,,,,24644,,,,,0,0,,,,False,False,False
2013-04-22,0,22,,1,,,,,24668,,,,,0,0,,,,False,False,False
2013-04-23,0,23,,65537,,,,,24692,,,,,0,0,,,,False,False,False
2013-04-24,0,22,,65538,,,,,24716,,,,,0,0,,,,False,False,False
2013-04-25,0,22,,0,,,,,24740,,,,,0,0,,,,False,False,False
2013-04-26,0,22,,2,,,,,24764,,,,,0,0,,,,False,False,False
2013-04-27,0,22,,0,,,,,24788,,,,,0,0,,,,False,False,False
2013-04-28,0,22,,0,,,,,24812,,,,,0,0,,,,False,False,False
2013-04-29,0,22,,131072,,,,,24836,,,,,0,0,,,,False,False,False
2013-04-30,0,22,,65538,,,,,24860,,,,,0,0,,,,False,False,False
2013-05-01,0,22,,2,,,,,24884,,,,,0,0,,,,False,False,False
2013-05-02,0,23,,3,,,,,24908,,,,,0,0,,,,False,False,False
2013-05-03,0,23,,65539,,,,,24932,,,,,0,0,,,,False,False,False
2013-05-04,0,23,,0,,,,,24956,,,,,0,0,,,,False,False,False
2013-05-05,0,23,,2,,,,,24980,,,,,0,0,,,,False,False,False
2013-05-06,0,23,,65537,,,,,25004,,,,,0,0,,,,False,False,False
2013-05-07,0,23,,65537,,,,,25028,,,,,0,0,,,,False,False,False
2013-05-08,0,23,,65540,,,,,25052,,,,,0,0,,,,False,False,False
2013-05-09,0,23,,65536,,,,,25076,,,,,0,0,,,,False,False,False
2013-05-10,0,23,,65536,,,,,25100,,,,,0,0,,,,False,False,False
2013-05-11,0,23,,131072,,,,,25124,,,,,0,0,,,,False,False,False
2013-05-12,0,23,,65536,,,,,25148,,,,,0,0,,,,False,False,False
2013-05-13,0,23,,65538,,,,,25172,,,,,0,0,,,,False,False,False
2013-05-14,0,23,,65539,,,,,25196,,,,,0,0,,,,False,False,False
2013-05-15,0,23,,65537,,,,,25220,,,,,0,0,,,,False,False,False
2013-05-16,0,23,,65537,,,,,25244,,,,,0,0,,,,False,False,False
2013-05-17,0,23,,196611,,,,,25268,,,,,0,0,,,,False,False,False
2013-05-18,0,23,,262149,,,,,25292,,,,,0,0,,,,False,False,False
2013-05-19,0,23,,458758,,,,,25316,,,,,0,0,,,,False,False,False
2013-05-20,0,23,,196614,,,,,25340,,,,,0,0,,,,False,False,False
2013-05-21,0,23,,327685,,,,,25364,,,,,0,0,,,,False,False,False
2013-05-22,0,22,,262148,,,,,25388,,,,,0,0,,,,False,False,False
2013-05-23,0,23,,327684,,,,,25412,,,,,0,0,,,,False,False,False
2013-05-24,0,23,,262150,,,,,25436,,,,,0,0,,,,False,False,False
2013-05-25,0,23,,458757,,,,,25460,,,,,0,0,,,,False,False,False
2013-05-26,0,23,,262150,,,,,25484,,,,,0,0,,,,False,False,False
2013-05-27,0,23,,458760,,,,,25508,,,,,0,0,,,,False,False,False
2013-05-28,0,23,,262150,,,,,25532,,,,,0,0,,,,False,False,False
2013-05-29,0,23,,327684,,,,,25556,,,,,0,0,,,,False,False,False
2013-05-30,0,22,,327684,,,,,25580,,,,,0,0,,,,False,False,False
2013-05-31,0,22,,131076,,,,,25604,,,,,0,0,,,,False,False,False
2013-06-01,0,22,,393218,,,,,25628,,,,,0,0,,,,False,False,False
2013-06-02,0,22,,262148,,,,,25652,,,,,0,0,,,,False,False,False
2013-06-03,0,23,,196612,,,,,25676,,,,,0,0,,,,False,False,False
2013-06-04,0,23,,262148,,,,,25700,,,,,0,0,,,,False,False,False
2013-06-05,0,23,,262149,,,,,25724,,,,,0,0,,,,False,False,False
2013-06-06,0,23,,131080,,,,,25748,,,,,0,0,,,,False,False,False
2013-06-07,0,23,,196617,,,,,25772,,,,,0,0,,,,False,False,False
2013-06-08,0,23,,327686,,,,,25796,,,,,0,0,,,,False,False,False
2013-06-09,0,23,,262146,,,,,25820,,,,,0,0,,,,False,False,False
2013-06-10,0,23,,262149,,,,,25844,,,,,0,0,,,,False,False,False
2013-06-11,0,23,,327685,,,,,25868,,,,,0,0,,,,False,False,False
2013-06-12,0,22,,196612,,,,,25892,,,,,0,0,,,,False,False,False
2013-06-13,0,23,,327684,,,,,25916,,,,,0,0,,,,False,False,False
2013-06-14,0,22,,458760,,,,,25940,,,,,0,0,,,,False,False,False
2013-06-15,0,23,,262149,,,,,25964,,,,,0,0,,,,False,False,False
2013-06-16,0,22,,589831,,,,,25988,,,,,0,0,,,,False,False,False
2013-06-17,0,22,,327682,,,,,26012,,,,,0,0,,,,False,False,False
2013-06-18,0,22,,196612,,,,,26036,,,,,0,0,,,,False,False,False
2013-06-19,0,22,,262150,,,,,26060,,,,,0,0,,,,False,False,False
2013-06-20,0,23,,65541,,,,,26084,,,,,0,0,,,,False,False,False
2013-06-21,0,22,,196610,,,,,26108,,,,,0,0,,,,False,False,False
2013-06-22,0,23,,327684,,,,,26132,,,,,0,0,,,,False,False,False
2013-06-23,0,22,,458758,,,,,26156,,,,,0,0,,,,False,False,False
2013-06-24,0,23,,262150,,,,,26180,,,,,0,0,,,,False,False,False
2013-06-25,0,22,,196615,,,,,26204,,,,,0,0,,,,False,False,False
2013-06-26,0,23,,196612,,,,,26228,,,,,0,0,,,,False,False,False
2013-06-27,0,23,,262148,,,,,26252,,,,,0,0,,,,False,False,False
2013-06-28,0,23,,262147,,,,,26276,,,,,0,0,,,,False,False,False
2013-06-29,0,23,,6,,,,,26300,,,,,0,0,,,,False,False,False
2013-06-30,0,23,,262147,,,,,26324,,,,,0,0,,,,False,False,False
2013-07-01,0,23,,393220,,,,,26348,,,,,0,0,,,,False,False,False
2013-07-02,0,23,,327682,,,,,26372,,,,,0,0,,,,False,False,False
2013-07-03,0,23,,262150,,,,,26396,,,,,0,0,,,,False,False,False
2013-07-04,0,23,,327684,,,,,26420,,,,,0,0,,,,False,False,False
2013-07-05,0,23,,262154,,,,,26444,,,,,0,0,,,,False,False,False
2013-07-06,0,23,,262148,,,,,26468,,,,,0,0,,,,False,False,False
2013-07-07,0,23,,262150,,,,,26492,,,,,0,0,,,,False,False,False
2013-07-08,0,23,,262147,,,,,26516,,,,,0,0,,,,False,False,False
2013-07-09,0,23,,262148,,,,,26540,,,,,0,0,,,,False,False,False
2013-07-10,0,23,,262149,,,,,26564,,,,,0,0,,,,False,False,False
2013-07-11,0,22,,327685,,,,,26588,,,,,0,0,,,,False,False,False
2013-07-12,0,22,,327683,,,,,26612,,,,,0,0,,,,False,False,False
2013-07-13,0,22,,196613,,,,,26636,,,,,0,0,,,,False,False,False
2013-07-14,0,22,,327686,,,,,26660,,,,,0,0,,,,False,False,False
2013-07-15,0,23,,262148,,,,,26684,,,,,0,0,,,,False,False,False
2013-07-16,0,23,,196613,,,,,26708,,,,,0,0,,,,False,False,False
2013-07-17,0,23,,196612,,,,,26732,,,,,0,0,,,,False,False,False
2013-07-18,0,22,,327684,,,,,26756,,,,,0,0,,,,False,False,False
2013-07-19,0,23,,196614,,,,,26780,,,,,0,0,,,,False,False,False
2013-07-20,0,23,,196614,,,,,26804,,,,,0,0,,,,False,False,False
2013-07-21,0,23,,262149,,,,,26828,,,,,0,0,,,,False,False,False
2013-07-22,0,23,,327684,,,,,26852,,,,,0,0,,,,False,False,False
2013-07-23,0,23,,262148,,,,,26876,,,,,0,0,,,,False,False,False
2013-07-24,0,22,,0,,,,,26900,,,,,0,0,,,,False,False,False
2013-07-25,0,22,,0,,,,,26924,,,,,0,0,,,,False,False,False
2013-07-26,0,21,,0,,,,,26948,,,,,0,0,,,,False,False,False
2013-07-27,0,22,,262150,,,,,26972,,,,,0,0,,,,False,False,False
2013-07-28,0,22,,393219,,,,,26996,,,,,0,0,,,,False,False,False
2013-07-29,0,22,,262150,,,,,27020,,,,,0,0,,,,False,False,False
2013-07-30,0,22,,589827,,,,,27044,,,,,0,0,,,,False,False,False
2013-07-31,0,21,,458755,,,,,27068,,,,,0,0,,,,False,False,False
2013-08-01,0,22,,393219,,,,,27092,,,,,0,0,,,,False,False,False
2013-08-02,0,22,,589828,,,,,27116,,,,,0,0,,,,False,False,False
2013-08-03,0,22,,1769476,,,,,27140,,,,,0,0,,,,False,False,False
2013-08-04,0,22,,262148,,,,,27164,,,,,0,0,,,,False,False,False
2013-08-05,0,22,,327683,,,,,27188,,,,,0,0,,,,False,False,False
2013-08-06,0,22,,262149,,,,,27212,,,,,0,0,,,,False,False,False
2013-08-07,0,22,,458754,,,,,27236,,,,,0,0,,,,False,False,False
2013-08-08,0,22,,196615,,,,,27260,,,,,0,0,,,,False,False,False
2013-08-09,0,22,,327683,,,,,27284,,,,,0,0,,,,False,False,False
2013-08-10,0,22,,196611,,,,,27308,,,,,0,0,,,,False,False,False
2013-08-11,0,22,,196613,,,,,27332,,,,,0,0,,,,False,False,False
2013-08-12,0,22,,262149,,,,,27356,,,,,0,0,,,,False,False,False
2013-08-13,0,22,,262148,,,,,27380,,,,,0,0,,,,False,False,False
2013-08-14,0,21,,0,,,,,27404,,,,,0,0,,,,False,False,False
2013-08-15,0,22,,0,,,,,27428,,,,,0,0,,,,False,False,False
2013-08-16,0,22,,196609,,,,,27452,,,,,0,0,,,,False,False,False
2013-08-17,0,22,,65537,,,,,27476,,,,,0,0,,,,False,False,False
2013-08-18,0,22,,65537,,,,,27500,,,,,0,0,,,,False,False,False
2013-08-19,0,22,,65536,,,,,27524,,,,,0,0,,,,False,False,False
2013-10-15,0,25,,327685,,,,,28886,,,,,0,0,,,,False,False,False
2013-10-16,0,25,,327685,,,,,28910,,,,,0,0,,,,False,False,False
2013-10-17,0,25,,589832,,,,,28934,,,,,0,0,,,,False,False,False
2013-10-18,0,25,,458759,,,,,28958,,,,,0,0,,,,False,False,False
2013-10-19,0,25,,458758,,,,,28982,,,,,0,0,,,,False,False,False
2013-10-20,0,25,,589829,,,,,29006,,,,,0,0,,,,False,False,False
2013-10-21,0,26,,262146,,,,,29030,,,,,0,0,,,,False,False,False
2013-10-22,0,25,,327686,,,,,29054,,,,,0,0,,,,False,False,False
2013-10-23,0,25,,458760,,,,,29078,,,,,0,0,,,,False,False,False
2013-10-24,0,25,,393221,,,,,29102,,,,,0,0,,,,False,False,False
2013-10-25,0,26,,262148,,,,,29126,,,,,0,0,,,,False,False,False
2013-10-26,0,25,,196615,,,,,29150,,,,,0,0,,,,False,False,False
2013-10-27,0,25,,458755,,,,,29174,,,,,0,0,,,,False,False,False
2013-10-28,0,25,,196613,,,,,29198,,,,,0,0,,,,False,False,False
2013-10-29,0,26,,458760,,,,,29222,,,,,0,0,,,,False,False,False
2013-10-30,0,26,,589831,,,,,29246,,,,,0,0,,,,False,False,False
2013-10-31,0,25,,393224,,,,,29270,,,,,0,0,,,,False,False,False
2013-11-01,0,25,,458758,,,,,29294,,,,,0,0,,,,False,False,False
2013-11-02,0,28,,458763,,,,,29318,,,,,0,0,,,,False,False,False
2013-11-03,0,26,,524294,,,,,29342,,,,,0,0,,,,False,False,False
2013-11-04,0,30,,524295,,,,,29367,,,,,0,0,,,,False,False,False
2013-11-05,0,30,,655368,,,,,29391,,,,,0,0,,,,False,False,False
2013-11-06,0,29,,196612,,,,,29415,,,,,0,0,,,,False,False,False
2013-11-07,0,25,,65538,,,,,29439,,,,,0,0,,,,False,False,False
2013-11-08,0,27,,196610,,,,,29463,,,,,0,0,,,,False,False,False
2013-11-09,0,27,,131073,,,,,29487,,,,,0,0,,,,False,False,False
2013-11-10,0,28,,1,,,,,29511,,,,,0,0,,,,False,False,False
2013-11-11,0,27,,65542,,,,,29535,,,,,0,0,,,,False,False,False
2013-11-12,0,27,,65540,,,,,29559,,,,,0,0,,,,False,False,False
2013-11-13,0,27,,327683,,,,,29583,,,,,0,0,,,,False,False,False
2013-11-14,0,27,,327683,,,,,29607,,,,,0,0,,,,False,False,False
2013-11-15,0,27,,1,,,,,29631,,,,,0,0,,,,False,False,False
2013-11-16,0,27,,262146,,,,,29655,,,,,0,0,,,,False,False,False
2013-11-17,0,27,,262146,,,,,29679,,,,,0,0,,,,False,False,False
2013-11-18,0,27,,131074,,,,,29703,,,,,0,0,,,,False,False,False
2013-11-19,0,27,,65536,,,,,29727,,,,,0,0,,,,False,False,False
2013-11-20,0,27,,196610,,,,,29751,,,,,0,0,,,,False,False,False
2013-11-21,0,27,,65541,,,,,29775,,,,,0,0,,,,False,False,False
2013-11-22,0,27,,131072,,,,,29799,,,,,0,0,,,,False,False,False
2013-11-23,0,26,,131073,,,,,29823,,,,,0,0,,,,False,False,False
2013-11-24,0,27,,655364,,,,,29847,,,,,0,0,,,,False,False,False
2013-11-25,0,26,,131075,,,,,29871,,,,,0,0,,,,False,False,False
2013-11-26,0,29,,3,,,,,29895,,,,,0,0,,,,False,False,False
2013-11-27,0,26,,524292,,,,,29919,,,,,0,0,,,,False,False,False
2013-11-28,0,27,,655360,,,,,29943,,,,,0,0,,,,False,False,False
2013-11-29,0,27,,196610,,,,,29967,,,,,0,0,,,,False,False,False
2013-11-30,0,27,,6,,,,,29991,,,,,0,0,,,,False,False,False
2013-12-01,0,27,,3,,,,,30015,,,,,0,0,,,,False,False,False
2013-12-02,0,27,,0,,,,,30039,,,,,0,0,,,,False,False,False
2013-12-03,0,27,,131072,,,,,30063,,,,,0,0,,,,False,False,False
2013-12-04,0,27,,0,,,,,30087,,,,,0,0,,,,False,False,False
2013-12-05,0,27,,131073,,,,,30111,,,,,0,0,,,,False,False,False
2013-12-06,0,27,,196609,,,,,30135,,,,,0,0,,,,False,False,False
2013-12-07,0,27,,0,,,,,30159,,,,,0,0,,,,False,False,False
2013-12-08,0,27,,65537,,,,,30183,,,,,0,0,,,,False,False,False
2013-12-09,0,27,,196608,,,,,30207,,,,,0,0,,,,False,False,False
2013-12-10,0,27,,65537,,,,,30231,,,,,0,0,,,,False,False,False
2013-12-11,0,25,,0,,,,,30255,,,,,0,0,,,,False,False,False
2013-12-12,0,25,,131072,,,,,30279,,,,,0,0,,,,False,False,False
2013-12-13,0,25,,0,,,,,30303,,,,,0,0,,,,False,False,False
2013-12-14,0,25,,0,,,,,30327,,,,,0,0,,,,False,False,False
2013-12-15,0,25,,1,,,,,30351,,,,,0,0,,,,False,False,False
2013-12-16,0,25,,0,,,,,30375,,,,,0,0,,,,False,False,False
2013-12-17,0,26,,1,,,,,30399,,,,,0,0,,,,False,False,False
2013-12-18,0,25,,0,,,,,30423,,,,,0,0,,,,False,False,False
2013-12-19,0,25,,131073,,,,,30447,,,,,0,0,,,,False,False,False
2013-12-20,0,25,,0,,,,,30471,,,,,0,0,,,,False,False,False
2013-12-21,0,25,,131072,,,,,30495,,,,,0,0,,,,False,False,False
2013-12-22,0,25,,2,,,,,30519,,,,,0,0,,,,False,False,False
2013-12-23,0,25,,65540,,,,,30543,,,,,0,0,,,,False,False,False
2013-12-24,0,25,,131073,,,,,30567,,,,,0,0,,,,False,False,False
2013-12-25,0,25,,131072,,,,,30591,,,,,0,0,,,,False,False,False
2013-12-26,0,25,,0,,,,,30615,,,,,0,0,,,,False,False,False
2013-12-27,0,25,,1,,,,,30639,,,,,0,0,,,,False,False,False
2013-12-28,0,25,,0,,,,,30663,,,,,0,0,,,,False,False,False
2013-12-29,0,25,,131074,,,,,30687,,,,,0,0,,,,False,False,False
2013-12-30,0,24,,1,,,,,30711,,,,,0,0,,,,False,False,False
2013-12-31,0,25,,65537,,,,,30735,,,,,0,0,,,,False,False,False
2014-01-01,0,24,,2752513,,,,,30759,,,,,0,0,,,,False,False,False
2014-01-02,0,25,,0,,,,,30783,,,,,0,0,,,,False,False,False
2014-01-03,0,25,,0,,,,,30807,,,,,0,0,,,,False,False,False
2014-01-04,0,24,,65537,,,,,30831,,,,,0,0,,,,False,False,False
2014-01-05,0,24,,2,,,,,30855,,,,,0,0,,,,False,False,False
2014-01-06,0,24,,0,,,,,30879,,,,,0,0,,,,False,False,False
2014-01-07,0,24,,0,,,,,30903,,,,,0,0,,,,False,False,False
2014-01-08,0,24,,0,,,,,30927,,,,,0,0,,,,False,False,False
2014-01-09,0,24,,393217,,,,,30951,,,,,0,0,,,,False,False,False
2014-01-10,0,24,,1,,,,,30975,,,,,0,0,,,,False,False,False
2014-01-11,0,24,,65537,,,,,30999,,,,,0,0,,,,False,False,False
2014-01-12,0,24,,262144,,,,,31023,,,,,0,0,,,,False,False,False
2014-01-13,0,24,,65538,,,,,31047,,,,,0,0,,,,False,False,False
2014-01-14,0,24,,65536,,,,,31071,,,,,0,0,,,,False,False,False
2014-01-15,0,24,,131072,,,,,31095,,,,,0,0,,,,False,False,False
2014-01-16,0,24,,1,,,,,31119,,,,,0,0,,,,False,False,False
2014-01-17,0,25,,65536,,,,,31143,,,,,0,0,,,,False,False,False
2014-01-18,0,24,,65536,,,,,31167,,,,,0,0,,,,False,False,False
2014-01-19,0,24,,1,,,,,31191,,,,,0,0,,,,False,False,False
2014-01-20,0,25,,2,,,,,31215,,,,,0,0,,,,False,False,False
2014-01-21,0,24,,65537,,,,,31239,,,,,0,0,,,,False,False,False
2014-01-22,0,24,,0,,,,,31263,,,,,0,0,,,,False,False,False
2014-01-23,0,24,,0,,,,,31287,,,,,0,0,,,,False,False,False
2014-01-24,0,24,,1,,,,,31311,,,,,0,0,,,,False,False,False
2014-01-25,0,23,,131073,,,,,31335,,,,,0,0,,,,False,False,False
2014-01-26,0,24,,65536,,,,,31359,,,,,0,0,,,,False,False,False
2014-01-27,0,24,,131073,,,,,31383,,,,,0,0,,,,False,False,False
2014-01-28,0,25,,2,,,,,31407,,,,,0,0,,,,False,False,False
2014-01-29,0,25,,1,,,,,31431,,,,,0,0,,,,False,False,False
2014-01-30,0,24,,0,,,,,31455,,,,,0,0,,,,False,False,False
2014-01-31,0,25,,65536,,,,,31479,,,,,0,0,,,,False,False,False
2014-02-01,0,24,,1,,,,,31503,,,,,0,0,,,,False,False,False
2014-02-02,0,24,,0,,,,,31527,,,,,0,0,,,,False,False,False
2014-02-03,0,25,,65537,,,,,31551,,,,,0,0,,,,False,False,False
2014-02-04,0,25,,393224,,,,,31575,,,,,0,0,,,,False,False,False
2014-02-05,0,24,,65538,,,,,31599,,,,,0,0,,,,False,False,False
2014-02-06,0,25,,0,,,,,31622,,,,,0,0,,,,False,False,False
2014-02-07,0,24,,0,,,,,31646,,,,,0,0,,,,False,False,False
2014-02-08,0,25,,65536,,,,,31670,,,,,0,0,,,,False,False,False
2014-02-09,0,25,,0,,,,,31694,,,,,0,0,,,,False,False,False
2014-02-10,0,25,,196608,,,,,31718,,,,,0,0,,,,False,False,False
2014-02-11,0,25,,131072,,,,,31742,,,,,0,0,,,,False,False,False
2014-02-12,0,25,,0,,,,,31766,,,,,0,0,,,,False,False,False
2014-02-13,0,25,,65536,,,,,31790,,,,,0,0,,,,False,False,False
2014-02-14,0,25,0,0,26,30,0,1012,31814,0,0,1012,637,0,0,0,0,0,False,False,False
2014-02-15,0,25,0,0,26,30,0,1013,31837,0,0,1013,637,0,0,0,0,0,False,False,False
2014-02-16,0,25,0,0,26,30,0,1013,31862,0,0,1013,637,0,0,0,0,0,False,False,False
2014-02-17,0,24,0,65537,26,30,0,1014,31886,0,0,1014,637,0,0,0,0,0,False,False,False
2014-02-18,0,25,0,262147,26,30,0,1014,31910,0,0,1014,637,0,0,0,0,0,False,False,False
2014-02-19,0,24,0,65538,26,30,0,1015,31933,0,0,1015,637,0,0,0,0,0,False,False,False
2014-02-20,0,24,0,65540,26,30,0,1016,31958,0,0,1016,637,0,0,0,0,0,False,False,False
2014-02-21,0,24,0,65539,26,30,0,1017,31982,0,0,1017,637,0,0,0,0,0,False,False,False
2014-02-22,0,24,0,65538,26,30,0,1018,32005,0,0,1018,637,0,0,0,0,0,False,False,False
2014-02-23,0,24,0,65538,26,30,0,1019,32030,0,0,1019,637,0,0,0,0,0,False,False,False
2014-02-24,0,24,0,0,26,30,0,1020,32054,0,0,1020,637,0,0,0,0,0,False,False,False
2014-02-25,0,24,0,1,26,30,0,1021,32077,0,0,1021,637,0,0,0,0,0,False,False,False
2014-02-26,0,24,0,196609,26,30,0,1021,32102,0,0,1021,637,0,0,0,0,0,False,False,False
2014-02-27,0,24,0,65536,26,30,0,1022,32126,0,0,1022,637,0,0,0,0,0,False,False,False
2014-02-28,0,24,0,0,26,30,0,1023,32150,0,0,1023,637,0,0,0,0,0,False,False,False
2014-03-01,0,25,0,0,26,30,0,1023,32173,0,0,1023,637,0,0,0,0,0,False,False,False
2014-03-02,0,24,0,0,26,30,0,1024,32198,0,0,1024,637,0,0,0,0,0,False,False,False
2014-03-03,0,25,0,0,26,30,0,1025,32222,0,0,1025,637,0,0,0,0,0,False,False,False
2014-03-04,0,24,0,1,26,30,0,1026,32245,0,0,1026,637,0,0,0,0,0,False,False,False
2014-03-05,0,24,0,0,26,30,0,1026,32270,0,0,1026,637,0,0,0,0,0,False,False,False
2014-03-06,0,24,0,0,26,30,0,1027,32294,0,0,1027,637,0,0,0,0,0,False,False,False
2014-03-07,0,24,0,2031616,26,30,0,1028,32317,0,0,1028,637,0,0,0,0,0,False,False,False
2014-03-08,0,24,0,1,26,30,0,1029,32341,0,0,1029,637,0,0,0,0,0,False,False,False
2014-03-09,0,24,0,65536,26,30,0,1029,32366,0,0,1029,637,0,0,0,0,0,False,False,False
2014-03-10,0,24,0,1,26,30,0,1030,32389,0,0,1030,637,0,0,0,0,0,False,False,False
2014-03-11,0,24,0,131073,26,30,0,1031,32412,0,0,1031,637,0,0,0,0,0,False,False,False
2014-03-12,0,24,0,65538,26,30,0,1032,32436,0,0,1032,637,0,0,0,0,0,False,False,False
2014-03-13,0,24,0,1,26,30,0,1033,32461,0,0,1033,637,0,0,0,0,0,False,False,False
2014-03-14,0,24,0,1,26,30,0,1033,32485,0,0,1033,637,0,0,0,0,0,False,False,False
2014-03-15,0,24,0,2,26,30,0,1033,32508,0,0,1033,637,0,0,0,0,0,False,False,False
2014-03-16,0,24,0,65537,26,30,0,1034,32533,0,0,1034,637,0,0,0,0,0,False,False,False
2014-03-17,0,24,0,131074,26,30,0,1035,32557,0,0,1035,637,0,0,0,0,0,False,False,False
2014-03-18,0,24,0,65536,26,30,0,1036,32580,0,0,1036,637,0,0,0,0,0,False,False,False
2014-03-19,0,24,0,196608,26,30,0,1037,32605,0,0,1037,637,0,0,0,0,0,False,False,False
2014-03-20,0,24,0,262146,26,30,0,1038,32629,0,0,1038,637,0,0,0,0,0,False,False,False
2014-03-21,0,24,0,196608,26,30,0,1038,32652,0,0,1038,637,0,0,0,0,0,False,False,False
2014-03-22,0,24,0,589825,26,30,0,1039,32677,0,0,1039,637,0,0,0,0,0,False,False,False
2014-03-23,0,23,0,65536,26,30,0,1040,32701,0,0,1040,637,0,0,0,0,0,False,False,False
2014-03-24,0,24,0,65536,26,30,0,1041,32725,0,0,1041,637,0,0,0,0,0,False,False,False
2014-03-25,0,23,0,65536,26,30,0,1042,32748,0,0,1042,637,0,0,0,0,0,False,False,False
2014-03-26,0,26,0,65537,27,31,0,1043,32772,0,0,1043,637,0,0,0,0,0,False,False,False
2014-03-27,0,24,0,65537,27,31,0,1044,32797,0,0,1044,637,0,0,0,0,0,False,False,False
2014-03-28,0,23,0,65538,27,31,0,1045,32820,0,0,1045,637,0,0,0,0,0,False,False,False
2014-03-29,0,23,0,131073,27,31,0,1046,32844,0,0,1046,637,0,0,0,0,0,False,False,False
2014-03-30,0,23,0,131074,27,31,0,1047,32869,0,0,1047,637,0,0,0,0,0,False,False,False
2014-03-31,0,23,0,65539,27,31,0,1048,32893,0,0,1048,637,0,0,0,0,0,False,False,False
2014-04-01,0,23,0,65536,27,31,0,1049,32916,0,0,1049,637,0,0,0,0,0,False,False,False
2014-04-02,0,23,0,1,27,31,0,1050,32940,0,0,1050,637,0,0,0,0,0,False,False,False
2014-04-03,0,23,0,65538,27,31,0,1051,32965,0,0,1051,637,0,0,0,0,0,False,False,False
2014-04-04,0,23,0,131073,27,31,0,1052,32988,0,0,1052,637,0,0,0,0,0,False,False,False
2014-04-05,0,23,0,196610,27,31,0,1052,33012,0,0,1052,637,0,0,0,0,0,False,False,False
2014-04-06,0,23,0,65536,27,31,0,1053,33037,0,0,1053,637,0,0,0,0,0,False,False,False
2014-04-07,0,23,0,65537,27,31,0,1054,33060,0,0,1054,637,0,0,0,0,0,False,False,False
2014-04-08,0,22,0,0,27,31,0,1055,33084,0,0,1055,637,0,0,0,0,0,False,False,False
2014-04-09,0,23,0,0,27,31,0,1056,33108,0,0,1056,637,0,0,0,0,0,False,False,False
2014-04-10,0,23,0,65538,27,31,0,1057,33132,0,0,1057,637,0,0,0,0,0,False,False,False
2014-04-11,0,22,0,1,27,31,0,1058,33156,0,0,1058,637,0,0,0,0,0,False,False,False
2014-04-12,0,22,0,1,27,31,0,1058,33180,0,0,1058,637,0,0,0,0,0,False,False,False
2014-04-13,0,23,0,65538,27,31,0,1059,33205,0,0,1059,637,0,0,0,0,0,False,False,False
2014-04-14,0,23,0,196610,27,31,0,1060,33228,0,0,1060,637,0,0,0,0,0,False,False,False
2014-04-15,0,22,0,262153,27,31,0,1061,33252,0,0,1061,637,0,0,0,0,0,False,False,False
2014-04-16,0,23,0,131076,27,31,0,1062,33277,0,0,1062,637,0,0,0,0,0,False,False,False
2014-04-17,0,23,0,131075,27,31,0,1063,33300,0,0,1063,637,0,0,0,0,0,False,False,False
2014-04-18,0,22,0,65538,27,31,0,1063,33324,0,0,1063,637,0,0,0,0,0,False,False,False
2014-04-19,0,22,0,1310729,27,31,0,1064,33349,0,0,1064,637,0,0,0,0,0,False,False,False
2014-04-20,0,25,0,524296,27,31,0,1065,33372,0,0,1065,637,0,0,0,0,0,False,False,False
2014-04-21,0,28,0,720900,27,31,0,1066,33396,0,0,1066,637,0,0,0,0,0,False,False,False
2014-04-22,0,23,0,196616,27,31,0,1067,33420,0,0,1067,637,0,0,0,0,0,False,False,False
2014-04-23,0,23,0,393225,27,31,0,1068,33445,0,0,1068,637,0,0,0,0,0,False,False,False
2014-04-24,0,25,0,524294,27,31,0,1069,33468,0,0,1069,637,0,0,0,0,0,False,False,False
2014-04-25,0,25,0,327683,27,31,0,1070,33492,0,0,1070,637,0,0,0,0,0,False,False,False
2014-04-26,0,25,0,524292,27,31,0,1070,33517,0,0,1070,637,0,0,0,0,0,False,False,False
2014-04-27,0,24,0,393224,27,31,0,1071,33540,0,0,1071,637,0,0,0,0,0,False,False,False
2014-04-28,0,23,0,720903,27,31,0,1072,33564,0,0,1072,637,0,0,0,0,0,False,False,False
2014-04-29,0,23,0,458757,27,31,0,1073,33589,0,0,1073,637,0,0,0,0,0,False,False,False
2014-04-30,0,24,0,786442,27,31,0,1074,33612,0,0,1074,637,0,0,0,0,0,False,False,False
2014-05-01,0,24,0,196609,27,31,0,1075,33636,0,0,1075,637,0,0,0,0,0,False,False,False
2014-05-02,0,24,0,131075,27,31,0,1076,33660,0,0,1076,637,0,0,0,0,0,False,False,False
2014-05-03,0,24,0,131076,27,31,0,1076,33684,0,0,1076,637,0,0,0,0,0,False,False,False
2014-05-04,0,23,0,458757,27,31,0,1077,33708,0,0,1077,637,0,0,0,0,0,False,False,False
2014-05-05,0,24,0,589826,27,31,0,1078,33732,0,0,1078,637,0,0,0,0,0,False,False,False
2014-05-06,0,23,0,262149,27,31,0,1079,33757,0,0,1079,637,0,0,0,0,0,False,False,False
2014-05-07,0,23,0,65537,27,31,0,1080,33780,0,0,1080,637,0,0,0,0,0,False,False,False
2014-05-08,0,23,0,262147,27,31,0,1080,33804,0,0,1080,637,0,0,0,0,0,False,False,False
2014-05-09,0,23,0,393223,27,31,0,1081,33829,0,0,1081,637,0,0,0,0,0,False,False,False
2014-05-10,0,24,0,458755,27,31,0,1082,33852,0,0,1082,637,0,0,0,0,0,False,False,False
2014-05-11,0,24,0,327682,27,31,0,1082,33876,0,0,1082,637,0,0,0,0,0,False,False,False
2014-05-12,0,24,0,196617,27,31,0,1083,33901,0,0,1083,637,0,0,0,0,0,False,False,False
2014-05-13,0,24,0,458758,27,31,0,1084,33924,0,0,1084,637,0,0,0,0,0,False,False,False
2014-05-14,0,23,0,720905,27,31,0,1085,33948,0,0,1085,637,0,0,0,0,0,False,False,False
2014-05-15,0,23,0,458755,27,31,0,1086,33972,0,0,1086,637,0,0,0,0,0,False,False,False
2014-05-16,0,24,0,458757,27,31,0,1087,33997,0,0,1087,637,0,0,0,0,0,False,False,False
2014-05-17,0,23,0,393221,27,31,0,1088,34020,0,0,1088,637,0,0,0,0,0,False,False,False
2014-05-18,0,23,0,327686,27,31,0,1088,34044,0,0,1088,637,0,0,0,0,0,False,False,False
2014-05-19,0,23,0,262148,27,31,0,1089,34069,0,0,1089,637,0,0,0,0,0,False,False,False
2014-05-20,0,26,0,196610,27,31,0,1090,34092,0,0,1090,637,0,0,0,0,0,False,False,False
2014-05-21,0,26,0,327685,27,31,0,1091,34116,0,0,1091,637,0,0,0,0,0,False,False,False
2014-05-22,0,26,0,262148,27,31,0,1092,34141,0,0,1092,637,0,0,0,0,0,False,False,False
2014-05-23,0,26,0,327684,27,31,0,1093,34164,0,0,1093,637,0,0,0,0,0,False,False,False
2014-05-24,0,27,0,196614,27,31,0,1093,34188,0,0,1093,637,0,0,0,0,0,False,False,False
2014-05-25,0,27,0,196614,27,31,0,1094,34213,0,0,1094,637,0,0,0,0,0,False,False,False
2014-05-26,0,27,0,262148,27,31,0,1095,34236,0,0,1095,637,0,0,0,0,0,False,False,False
2014-05-27,0,27,0,655365,27,31,0,1096,34260,0,0,1096,637,0,0,0,0,0,False,False,False
2014-05-28,0,31,0,196611,27,31,0,1097,34284,0,0,1097,637,0,0,0,0,0,False,False,False
2014-05-29,0,27,0,65540,27,31,0,1098,34309,0,0,1098,637,0,0,0,0,0,False,False,False
2014-05-30,0,27,0,262150,27,31,0,1098,34332,0,0,1098,637,0,0,0,0,0,False,False,False
2014-05-31,0,31,0,393220,27,31,0,1099,34356,0,0,1099,637,0,0,0,0,0,False,False,False
2014-06-01,0,27,0,458758,27,31,0,1100,34381,0,0,1100,637,0,0,0,0,0,False,False,False
2014-06-02,0,28,0,327682,27,31,0,1100,34404,0,0,1100,637,0,0,0,0,0,False,False,False
2014-06-03,0,27,0,262150,27,31,0,1101,34428,0,0,1101,637,0,0,0,0,0,False,False,False
2014-06-04,0,27,0,262147,27,31,0,1102,34453,0,0,1102,637,0,0,0,0,0,False,False,False
2014-06-05,0,28,0,1441797,27,31,0,1103,34476,0,0,1103,637,0,0,0,0,0,False,False,False
2014-06-06,0,28,0,327683,27,31,0,1104,34500,0,0,1104,637,0,0,0,0,0,False,False,False
2014-06-07,0,27,0,196612,27,31,0,1105,34525,0,0,1105,637,0,0,0,0,0,False,False,False
2014-06-08,0,27,0,327685,27,31,0,1106,34548,0,0,1106,637,0,0,0,0,0,False,False,False
2014-06-09,0,28,0,196610,27,31,0,1107,34572,0,0,1107,637,0,0,0,0,0,False,False,False
2014-06-10,0,26,0,196612,27,31,0,1108,34597,0,0,1108,637,0,0,0,0,0,False,False,False
2014-06-11,0,29,0,262147,27,31,0,1109,34621,0,0,1109,637,0,0,0,0,0,False,False,False
2014-06-12,0,28,0,196612,27,31,0,1110,34644,0,0,1110,637,0,0,0,0,0,False,False,False
2014-06-13,0,27,0,327682,27,31,0,1110,34668,0,0,1110,637,0,0,0,0,0,False,False,False
2014-06-14,0,27,0,327681,27,31,0,1111,34693,0,0,1111,637,0,0,0,0,0,False,False,False
2014-06-15,0,27,0,196611,27,31,0,1112,34716,0,0,1112,637,0,0,0,0,0,False,False,False
2014-06-16,0,26,0,65540,27,31,0,1113,34740,0,0,1113,637,0,0,0,0,0,False,False,False
2014-06-17,0,27,0,196611,27,31,0,1114,34765,0,0,1114,637,0,0,0,0,0,False,False,False
2014-06-18,0,27,0,524292,27,31,0,1115,34788,0,0,1115,637,0,0,0,0,0,False,False,False
2014-06-19,0,27,0,65540,27,31,0,1115,34812,0,0,1115,637,0,0,0,0,0,False,False,False
2014-06-20,0,25,0,131074,27,31,0,1116,34836,0,0,1116,637,0,0,0,0,0,False,False,False
2014-06-21,0,25,0,196611,27,31,0,1117,34861,0,0,1117,637,0,0,0,0,0,False,False,False
2014-06-22,0,25,0,196616,27,31,0,1118,34884,0,0,1118,637,0,0,0,0,0,False,False,False
2014-06-23,0,25,0,262150,27,31,0,1119,34908,0,0,1119,637,0,0,0,0,0,False,False,False
2014-06-24,0,27,0,196613,27,31,0,1120,34933,0,0,1120,637,0,0,0,0,0,False,False,False
2014-06-25,0,27,0,65537,27,31,0,1121,34956,0,0,1121,637,0,0,0,0,0,False,False,False
2014-06-26,0,27,0,524292,27,31,0,1122,34980,0,0,1122,637,0,0,0,0,0,False,False,False
2014-06-27,0,27,0,65541,27,31,0,1123,35005,0,0,1123,637,0,0,0,0,0,False,False,False
2014-06-28,0,26,0,131072,27,31,0,1124,35028,0,0,1124,637,0,0,0,0,0,False,False,False
2014-06-29,0,27,0,0,27,31,0,1125,35052,0,0,1125,637,0,0,0,0,0,False,False,False
2014-06-30,0,26,0,1,27,31,0,1126,35077,0,0,1126,637,0,0,0,0,0,False,False,False
2014-07-01,0,27,0,196608,27,31,0,1126,35100,0,0,1126,637,0,0,0,0,0,False,False,False
2014-07-02,0,27,0,65536,27,31,0,1127,35124,0,0,1127,637,0,0,0,0,0,False,False,False
2014-07-03,0,27,0,0,27,31,0,1128,35148,0,0,1128,637,0,0,0,0,0,False,False,False
2014-07-04,0,27,0,0,27,31,0,1129,35173,0,0,1129,637,0,0,0,0,0,False,False,False
2014-07-05,0,26,0,0,27,31,0,1130,35196,0,0,1130,637,0,0,0,0,0,False,False,False
2014-07-06,0,26,0,65540,27,31,0,1131,35220,0,0,1131,637,0,0,0,0,0,False,False,False
2014-07-07,0,26,0,131072,27,31,0,1132,35245,0,0,1132,637,0,0,0,0,0,False,False,False
2014-07-08,0,27,0,0,27,31,0,1133,35268,0,0,1133,637,0,0,0,0,0,False,False,False
2014-07-09,0,28,0,65536,27,31,0,1134,35292,0,0,1134,637,0,0,0,0,0,False,False,False
2014-07-10,0,27,0,1,27,31,0,1134,35317,0,0,1134,637,0,0,0,0,0,False,False,False
2014-07-11,0,26,0,65536,27,31,0,1135,35340,0,0,1135,637,0,0,0,0,0,False,False,False
2014-07-12,0,27,0,1,27,31,0,1136,35364,0,0,1136,637,0,0,0,0,0,False,False,False
2014-07-13,0,27,0,0,27,31,0,1137,35388,0,0,1137,637,0,0,0,0,0,False,False,False
2014-07-14,0,29,0,0,27,31,0,1138,35413,0,0,1138,637,0,0,0,0,0,False,False,False
2014-07-15,0,29,0,0,27,31,0,1138,35436,0,0,1138,637,0,0,0,0,0,False,False,False
2014-07-16,0,30,0,131072,27,31,0,1139,35460,0,0,1139,637,0,0,0,0,0,False,False,False
2014-07-17,0,29,0,196611,27,31,0,1140,35485,0,0,1140,637,0,0,0,0,0,False,False,False
2014-07-18,0,28,0,65536,27,31,0,1141,35508,0,0,1141,637,0,0,0,0,0,False,False,False
2014-07-19,0,29,0,65537,27,31,0,1142,35532,0,0,1142,637,0,0,0,0,0,False,False,False
2014-07-20,0,30,0,65537,27,31,0,1143,35557,0,0,1143,637,0,0,0,0,0,False,False,False
2014-07-21,0,29,0,131073,27,31,0,1144,35580,0,0,1144,637,0,0,0,0,0,False,False,False
2014-07-22,0,35,0,0,27,31,0,1145,35604,0,0,1145,637,0,0,0,0,0,False,False,False
2014-07-23,0,33,0,0,27,31,0,1145,35629,0,0,1145,637,0,0,0,0,0,False,False,False
2014-07-24,0,32,0,0,27,31,0,1146,35652,0,0,1146,637,0,0,0,0,0,False,False,False
2014-07-25,0,32,0,131073,27,31,0,1147,35676,0,0,1147,637,0,0,0,0,0,False,False,False
2014-07-26,0,32,0,0,27,31,0,1148,35701,0,0,1148,637,0,0,0,0,0,False,False,False
2014-07-27,0,32,0,65536,27,31,0,1149,35725,0,0,1149,637,0,0,0,0,0,False,False,False
2014-07-28,0,32,0,0,27,31,0,1150,35748,0,0,1150,637,0,0,0,0,0,False,False,False
2014-07-29,0,32,0,0,27,31,0,1151,35772,0,0,1151,637,0,0,0,0,0,False,False,False
2014-07-30,0,30,0,0,27,31,0,1152,35797,0,0,1152,637,0,0,0,0,0,False,False,False
2014-07-31,0,30,0,2,27,31,0,1153,35820,0,0,1153,637,0,0,0,0,0,False,False,False
2014-08-01,0,30,0,0,27,31,0,1153,35844,0,0,1153,637,0,0,0,0,0,False,False,False
2014-08-02,0,29,0,65537,27,31,0,1154,35869,0,0,1154,637,0,0,0,0,0,False,False,False
2014-08-03,0,29,0,2,27,31,0,1154,35892,0,0,1154,637,0,0,0,0,0,False,False,False
2014-08-04,0,31,0,0,27,31,0,1155,35916,0,0,1155,637,0,0,0,0,0,False,False,False
2014-08-05,0,30,0,131073,27,31,0,1156,35940,0,0,1156,637,0,0,0,0,0,False,False,False
2014-08-06,0,31,0,0,27,31,0,1157,35965,0,0,1157,637,0,0,0,0,0,False,False,False
2014-08-07,0,30,0,262144,27,31,0,1158,35988,0,0,1158,637,0,0,0,0,0,False,False,False
2014-08-08,0,30,0,0,27,31,0,1159,36012,0,0,1159,637,0,0,0,0,0,False,False,False
2014-08-09,0,30,0,393217,27,31,0,1160,36037,0,0,1160,637,0,0,0,0,0,False,False,False
2014-08-10,0,35,0,1,27,31,0,1160,36060,0,0,1160,637,0,0,0,0,0,False,False,False
2014-08-11,0,35,0,0,27,31,0,1161,36084,0,0,1161,637,0,0,0,0,0,False,False,False
2014-08-12,0,35,0,0,27,31,0,1162,36109,0,0,1162,637,0,0,0,0,0,False,False,False
2014-08-13,0,31,0,0,27,31,0,1163,36132,0,0,1163,637,0,0,0,0,0,False,False,False
2014-08-14,0,31,0,0,27,31,0,1164,36156,0,0,1164,637,0,0,0,0,0,False,False,False
2014-08-15,0,32,0,524289,27,31,0,1165,36180,0,0,1165,637,0,0,0,0,0,False,False,False
2014-08-16,0,33,0,0,27,31,0,1165,36204,0,0,1165,637,0,0,0,0,0,False,False,False
2014-08-17,0,33,0,65536,27,31,0,1166,36228,0,0,1166,637,0,0,0,0,0,False,False,False
2014-08-18,0,32,0,131072,27,31,0,1167,36252,0,0,1167,637,0,0,0,0,0,False,False,False
2014-08-19,0,32,0,0,27,31,0,1168,36277,0,0,1168,637,0,0,0,0,0,False,False,False
2014-08-20,0,33,0,0,27,31,0,1169,36300,0,0,1169,637,0,0,0,0,0,False,False,False
2014-08-21,0,32,0,2,27,31,0,1170,36324,0,0,1170,637,0,0,0,0,0,False,False,False
2014-08-22,0,33,0,0,27,31,0,1171,36349,0,0,1171,637,0,0,0,0,0,False,False,False
2014-08-23,0,33,0,0,27,31,0,1171,36372,0,0,1171,637,0,0,0,0,0,False,False,False
2014-08-24,0,33,0,131073,27,31,0,1172,36396,0,0,1172,637,0,0,0,0,0,False,False,False
2014-08-25,0,33,0,2,27,31,0,1172,36421,0,0,1172,637,0,0,0,0,0,False,False,False
2014-08-26,0,28,0,0,27,31,0,1173,36444,0,0,1173,637,0,0,0,0,0,False,False,False
2014-08-27,0,28,0,131073,27,31,0,1174,36468,0,0,1174,637,0,0,0,0,0,False,False,False
2014-08-28,0,29,0,0,27,31,0,1175,36492,0,0,1175,637,0,0,0,0,0,False,False,False
2014-08-29,0,31,0,65536,27,31,0,1176,36517,0,0,1176,637,0,0,0,0,0,False,False,False
2014-08-30,0,32,0,1,27,31,0,1177,36540,0,0,1177,637,0,0,0,0,0,False,False,False
2014-08-31,0,31,0,65538,27,31,0,1178,36564,0,0,1178,637,0,0,0,0,0,False,False,False
2014-09-01,0,31,0,65536,27,31,0,1178,36589,0,0,1178,637,0,0,0,0,0,False,False,False
2014-09-02,0,30,0,65536,27,31,0,1179,36612,0,0,1179,637,0,0,0,0,0,False,False,False
2014-09-03,0,30,0,65536,27,31,0,1180,36636,0,0,1180,637,0,0,0,0,0,False,False,False
2014-09-04,0,31,0,65537,27,31,0,1181,36661,0,0,1181,637,0,0,0,0,0,False,False,False
2014-09-05,0,30,0,65538,27,31,0,1182,36685,0,0,1182,637,0,0,0,0,0,False,False,False
2014-09-06,0,30,0,3,27,31,0,1182,36708,0,0,1182,637,0,0,0,0,0,False,False,False
2014-09-07,0,30,0,3,27,31,0,1183,36732,0,0,1183,637,0,0,0,0,0,False,False,False
2014-09-08,0,30,0,0,27,31,0,1184,36757,0,0,1184,637,0,0,0,0,0,False,False,False
2014-09-09,0,29,0,0,27,31,0,1185,36780,0,0,1185,637,0,0,0,0,0,False,False,False
2014-09-10,0,30,0,2,27,31,0,1186,36804,0,0,1186,637,0,0,0,0,0,False,False,False
2014-09-11,0,34,0,0,27,31,0,1187,36829,0,0,1187,637,0,0,0,0,0,False,False,False
2014-09-12,0,34,0,458752,27,31,0,1188,36852,0,0,1188,637,0,0,0,0,0,False,False,False
2014-09-13,0,36,0,0,27,31,0,1188,36876,0,0,1188,637,0,0,0,0,0,False,False,False
2014-09-14,0,36,0,0,27,31,0,1189,36901,0,0,1189,637,0,0,0,0,0,False,False,False
2014-09-15,0,36,0,65536,27,31,0,1190,36924,0,0,1190,637,0,0,0,0,0,False,False,False
2014-09-16,0,35,0,0,27,31,0,1191,36948,0,0,1191,637,0,0,0,0,0,False,False,False
2014-09-17,0,36,0,0,27,31,0,1191,36972,0,0,1191,637,0,0,0,0,0,False,False,False
2014-09-18,0,36,0,65537,27,31,0,1192,36997,0,0,1192,637,0,0,0,0,0,False,False,False
2014-09-19,0,35,0,0,27,31,0,1193,37020,0,0,1193,637,0,0,0,0,0,False,False,False
2014-09-20,0,36,0,65536,27,31,0,1194,37044,0,0,1194,637,0,0,0,0,0,False,False,False
2014-09-21,0,36,0,0,27,31,0,1195,37069,0,0,1195,637,0,0,0,0,0,False,False,False
2014-09-22,0,35,0,131073,27,31,0,1196,37092,0,0,1196,637,0,0,0,0,0,False,False,False
2014-09-23,0,35,0,3,27,31,0,1197,37116,0,0,1197,637,0,0,0,0,0,False,False,False
2014-09-24,0,33,0,65537,27,31,0,1198,37141,0,0,1198,637,0,0,0,0,0,False,False,False
2014-09-25,0,28,0,131073,27,31,0,1198,37164,0,0,1198,637,0,0,0,0,0,False,False,False
2014-09-26,0,28,0,131075,27,31,0,1199,37188,0,0,1199,637,0,0,0,0,0,False,False,False
2014-09-27,0,28,0,131076,27,31,0,1200,37212,0,0,1200,637,0,0,0,0,0,False,False,False
2014-09-28,0,27,0,262147,27,31,0,1201,37237,0,0,1201,637,0,0,0,0,0,False,False,False
2014-09-29,0,28,0,196610,27,31,0,1202,37260,0,0,1202,637,0,0,0,0,0,False,False,False
2014-09-30,0,27,0,393217,27,31,0,1202,37284,0,0,1202,637,0,0,0,0,0,False,False,False
2014-10-01,0,29,0,65540,27,31,0,1203,37309,0,0,1203,637,0,0,0,0,0,False,False,False
2014-10-02,0,31,0,65536,27,31,0,1204,37332,0,0,1204,637,0,0,0,0,0,False,False,False
2014-10-03,0,31,0,65537,27,31,0,1205,37356,0,0,1205,637,0,0,0,0,0,False,False,False
2014-10-04,0,31,0,2,27,31,0,1206,37381,0,0,1206,637,0,0,0,0,0,False,False,False
2014-10-05,0,31,0,3,27,31,0,1207,37404,0,0,1207,637,0,0,0,0,0,False,False,False
2014-10-06,0,31,0,196609,27,31,0,1208,37428,0,0,1208,637,0,0,0,0,0,False,False,False
2014-10-07,0,31,0,131075,27,31,0,1208,37453,0,0,1208,637,0,0,0,0,0,False,False,False
2014-10-08,0,32,0,65538,27,31,0,1209,37476,0,0,1209,637,0,0,0,0,0,False,False,False
2014-10-09,0,31,0,1,27,31,0,1210,37500,0,0,1210,637,0,0,0,0,0,False,False,False
2014-10-10,0,31,0,131073,27,31,0,1211,37524,0,0,1211,637,0,0,0,0,0,False,False,False
2014-10-11,0,30,0,65537,27,31,0,1212,37549,0,0,1212,637,0,0,0,0,0,False,False,False
2014-10-12,0,31,0,65538,27,31,0,1212,37572,0,0,1212,637,0,0,0,0,0,False,False,False
2014-10-13,0,30,0,1,27,31,0,1213,37596,0,0,1213,637,0,0,0,0,0,False,False,False
2014-10-14,0,30,0,0,27,31,0,1214,37621,0,0,1214,637,0,0,0,0,0,False,False,False
2014-10-15,0,31,0,65537,27,31,0,1215,37644,0,0,1215,637,0,0,0,0,0,False,False,False
2014-10-16,0,30,0,65537,27,31,0,1216,37668,0,0,1216,637,0,0,0,0,0,False,False,False
2014-10-17,0,29,0,65536,27,31,0,1217,37693,0,0,1217,637,0,0,0,0,0,False,False,False
2014-10-18,0,30,0,1,27,31,0,1218,37716,0,0,1218,637,0,0,0,0,0,False,False,False
2014-10-19,0,30,0,65537,27,31,0,1218,37740,0,0,1218,637,0,0,0,0,0,False,False,False
2014-10-20,0,29,0,65538,27,31,0,1219,37764,0,0,1219,637,0,0,0,0,0,False,False,False
2014-10-21,0,30,0,65536,27,31,0,1220,37789,0,0,1220,637,0,0,0,0,0,False,False,False
2014-10-22,0,30,0,131072,27,31,0,1221,37812,0,0,1221,637,0,0,0,0,0,False,False,False
2014-10-23,0,30,0,3,27,31,0,1222,37836,0,0,1222,637,0,0,0,0,0,False,False,False
2014-10-24,0,30,0,131072,27,31,0,1223,37861,0,0,1223,637,0,0,0,0,0,False,False,False
2014-10-25,0,30,0,65537,27,31,0,1224,37884,0,0,1224,637,0,0,0,0,0,False,False,False
2014-10-26,0,30,0,65537,27,31,0,1225,37908,0,0,1225,637,0,0,0,0,0,False,False,False
2014-10-27,0,30,0,1,27,31,0,1225,37932,0,0,1225,637,0,0,0,0,0,False,False,False
2014-10-28,0,30,0,65537,27,31,0,1226,37956,0,0,1226,637,0,0,0,0,0,False,False,False
2014-10-29,0,30,0,2,27,31,0,1227,37980,0,0,1227,637,0,0,0,0,0,False,False,False
2014-10-30,0,30,0,196608,27,31,0,1228,38004,0,0,1228,637,0,0,0,0,0,False,False,False
2014-10-31,0,30,0,131073,27,31,0,1229,38029,0,0,1229,637,0,0,0,0,0,False,False,False
2014-11-01,0,30,0,131073,27,31,0,1230,38052,0,0,1230,637,0,0,0,0,0,False,False,False
2014-11-03,0,30,0,65538,27,31,0,1232,38101,0,0,1232,637,0,0,0,0,0,False,False,False
2014-11-04,0,30,0,65537,27,31,0,1233,38125,0,0,1233,637,0,0,0,0,0,False,False,False
2014-11-05,0,33,0,0,27,31,0,1233,38150,0,0,1233,637,0,0,0,0,0,False,False,False
2014-11-06,0,30,0,65538,27,31,0,1234,38173,0,0,1234,637,0,0,0,0,0,False,False,False
2014-11-07,0,30,0,131072,27,31,0,1235,38197,0,0,1235,637,0,0,0,0,0,False,False,False
2014-11-08,0,30,0,131074,27,31,0,1236,38222,0,0,1236,637,0,0,0,0,0,False,False,False
2014-11-09,0,30,0,262145,27,31,0,1237,38246,0,0,1237,637,0,0,0,0,0,False,False,False
2014-11-10,0,30,0,2,27,31,0,1238,38269,0,0,1238,637,0,0,0,0,0,False,False,False
2014-11-11,0,30,0,0,27,31,0,1239,38293,0,0,1239,637,0,0,0,0,0,False,False,False
2014-11-12,0,30,0,131072,27,31,0,1240,38318,0,0,1240,637,0,0,0,0,0,False,False,False
2014-11-13,0,30,0,131074,27,31,0,1241,38341,0,0,1241,637,0,0,0,0,0,False,False,False
2014-11-14,0,30,0,65539,27,31,0,1242,38365,0,0,1242,637,0,0,0,0,0,False,False,False
2014-11-15,0,30,0,65537,27,31,0,1243,38390,0,0,1243,637,0,0,0,0,0,False,False,False
2014-11-16,0,30,0,65538,27,31,0,1244,38413,0,0,1244,637,0,0,0,0,0,False,False,False
2014-11-17,0,30,0,393222,27,31,0,1245,38437,0,0,1245,637,0,0,0,0,0,False,False,False
2014-11-18,0,30,0,131076,27,31,0,1246,38461,0,0,1246,637,0,0,0,0,0,False,False,False
2014-11-19,0,30,0,4,27,31,0,1247,38485,0,0,1247,637,0,0,0,0,0,False,False,False
2014-11-20,0,30,0,131074,27,31,0,1247,38509,0,0,1247,637,0,0,0,0,0,False,False,False
2014-11-21,0,30,0,262146,27,31,0,1248,38533,0,0,1248,637,0,0,0,0,0,False,False,False
2014-11-22,0,30,0,131072,27,31,0,1249,38558,0,0,1249,637,0,0,0,0,0,False,False,False
2014-11-23,0,30,0,196609,27,31,0,1250,38581,0,0,1250,637,0,0,0,0,0,False,False,False
2014-11-24,0,30,0,65536,27,31,0,1250,38605,0,0,1250,637,0,0,0,0,0,False,False,False
2014-11-25,0,29,0,65537,27,31,0,1251,38630,0,0,1251,637,0,0,0,0,0,False,False,False
2014-11-26,0,30,0,4,27,31,0,1252,38653,0,0,1252,637,0,0,0,0,0,False,False,False
2014-11-27,0,30,0,262145,27,31,0,1253,38677,0,0,1253,637,0,0,0,0,0,False,False,False
2014-11-28,0,30,0,327681,27,31,0,1253,38702,0,0,1253,637,0,0,0,0,0,False,False,False
2014-11-29,0,30,0,196609,27,31,0,1254,38725,0,0,1254,637,0,0,0,0,0,False,False,False
2014-11-30,0,30,0,131074,27,31,0,1255,38749,0,0,1255,637,0,0,0,0,0,False,False,False
2014-12-01,0,30,0,458753,27,31,0,1255,38773,0,0,1255,637,0,0,0,0,0,False,False,False
2014-12-02,0,30,0,262147,27,31,0,1256,38798,0,0,1256,637,0,0,0,0,0,False,False,False
2014-12-03,0,30,0,65539,27,31,0,1257,38821,0,0,1257,637,0,0,0,0,0,False,False,False
2014-12-04,0,30,0,3,27,31,0,1258,38845,0,0,1258,637,0,0,0,0,0,False,False,False
2014-12-05,0,30,0,196611,27,31,0,1259,38870,0,0,1259,637,0,0,0,0,0,False,False,False
2014-12-06,0,30,0,262148,27,31,0,1259,38893,0,0,1259,637,0,0,0,0,0,False,False,False
2014-12-07,0,30,0,393219,27,31,0,1260,38917,0,0,1260,637,0,0,0,0,0,False,False,False
2014-12-08,0,31,0,196612,27,31,0,1261,38942,0,0,1261,637,0,0,0,0,0,False,False,False
2014-12-09,0,31,0,1,27,31,0,1262,38965,0,0,1262,637,0,0,0,0,0,False,False,False
2014-12-10,0,31,0,65536,27,31,0,1263,38989,0,0,1263,637,0,0,0,0,0,False,False,False
2014-12-11,0,31,0,262146,27,31,0,1264,39014,0,0,1264,637,0,0,0,0,0,False,False,False
2014-12-12,0,31,0,262144,27,31,0,1265,39037,0,0,1265,637,0,0,0,0,0,False,False,False
2014-12-13,0,31,0,262148,27,31,0,1266,39061,0,0,1266,637,0,0,0,0,0,False,False,False
2014-12-14,0,30,0,1179652,27,31,0,1267,39085,0,0,1267,637,0,0,0,0,0,False,False,False
2014-12-15,0,31,0,720962,27,31,0,1268,39110,0,0,1268,637,0,0,0,0,0,False,False,False
2014-12-16,0,30,0,393225,27,31,0,1268,39133,0,0,1268,637,0,0,0,0,0,False,False,False
2014-12-17,0,31,0,655382,27,31,0,1269,39157,0,0,1269,637,0,0,0,0,0,False,False,False
2014-12-18,0,31,0,1900591,27,31,0,1270,39182,0,0,1270,637,0,0,0,0,0,False,False,False
2014-12-19,0,31,0,720909,27,31,0,1271,39205,0,0,1271,637,0,0,0,0,0,False,False,False
2014-12-20,0,31,0,1114222,27,31,0,1272,39229,0,0,1272,637,3,0,0,0,3,False,False,False
2014-12-21,0,31,0,1966197,27,31,0,1273,39253,0,0,1273,637,4,0,0,0,4,False,False,False
2014-12-22,0,31,0,35717479,27,31,0,1273,39277,0,0,1273,637,9,0,0,0,9,False,False,False
2014-12-23,0,30,0,4260021,27,31,0,1274,39301,0,0,1274,637,9,0,0,0,9,False,False,False
2014-12-24,0,31,0,15466756,27,31,0,1275,39326,0,0,1275,637,11,2,0,0,11,False,False,False
2014-12-25,0,31,0,27787820,27,31,0,1276,39350,0,0,1276,637,16,7,0,0,16,False,False,False
2014-12-26,0,31,0,4653102,27,31,0,1277,39373,0,0,1277,637,16,7,0,0,16,False,False,False
2014-12-27,0,31,0,2293781,27,31,0,1278,39397,0,0,1278,637,16,7,0,0,16,False,False,False
2014-12-28,0,31,0,2031634,27,31,0,1279,39422,0,0,1279,637,16,7,0,0,16,False,False,False
2014-12-29,0,31,0,1376283,27,31,0,1280,39445,0,0,1280,637,16,7,0,0,16,False,False,False
2014-12-30,0,30,0,1769502,27,31,0,1280,39469,0,0,1280,637,16,7,0,0,16,False,False,False
2014-12-31,0,31,0,2555967,27,31,0,1281,39494,0,0,1281,637,16,7,0,0,16,False,False,False
2015-01-01,0,31,0,7733394,27,31,0,1282,39517,0,0,1282,637,16,7,0,0,16,False,False,False
2015-01-02,0,31,0,2097185,27,31,0,1283,39541,0,0,1283,637,16,7,0,0,16,False,False,False
2015-01-03,0,31,0,655378,27,31,0,1284,39566,0,0,1284,637,16,7,0,0,16,False,False,False
2015-01-04,0,31,0,131088,27,31,0,1285,39589,0,0,1285,637,16,7,0,0,16,False,False,False
2015-01-05,0,31,0,2228242,27,31,0,1285,39613,0,0,1285,637,16,7,0,0,16,False,False,False
2015-01-06,0,31,0,524312,27,31,0,1286,39637,0,0,1286,637,16,7,0,0,16,False,False,False
2015-01-07,0,30,0,851978,27,31,0,1287,39662,0,0,1287,637,16,7,0,0,16,False,False,False
2015-01-08,0,29,0,655374,27,31,0,1288,39685,0,0,1288,637,16,7,0,0,16,False,False,False
2015-01-09,0,29,0,1703983,27,31,0,1289,39709,0,0,1289,637,16,7,0,0,16,False,False,False
2015-01-10,0,30,0,393228,27,31,0,1290,39734,0,0,1290,637,16,7,0,0,16,False,False,False
2015-01-11,0,29,0,1048588,27,31,0,1291,39757,0,0,1291,637,16,7,0,0,16,False,False,False
2015-01-12,0,29,0,786440,27,31,0,1291,39781,0,0,1291,637,16,7,0,0,16,False,False,False
2015-01-13,0,28,0,983049,27,31,0,1292,39805,0,0,1292,637,16,7,0,0,16,False,False,False
2015-01-14,0,29,0,589834,27,31,0,1293,39829,0,0,1293,637,16,7,0,0,16,False,False,False
2015-01-15,0,29,0,786443,27,31,0,1294,39853,0,0,1294,637,16,7,0,0,16,False,False,False
2015-01-16,0,29,0,1245206,27,31,0,1295,39877,0,0,1295,637,16,7,0,0,16,False,False,False
2015-01-17,0,29,0,2424882,27,31,0,1295,39902,0,0,1295,637,16,7,0,0,16,False,False,False
2015-01-18,0,29,0,1310743,27,31,0,1296,39925,0,0,1296,637,16,7,0,0,16,False,False,False
2015-01-19,0,29,0,4128813,27,31,0,1297,39949,0,0,1297,637,16,7,0,0,16,False,False,False
2015-01-20,0,29,0,2359305,27,31,0,1298,39974,0,0,1298,637,16,7,0,0,16,False,False,False
2015-01-21,0,29,0,1245205,27,31,0,1299,39997,0,0,1299,637,16,7,0,0,16,False,False,False
2015-01-22,0,28,0,1638442,27,31,0,1299,40021,0,0,1299,637,16,7,0,0,16,False,False,False
2015-01-23,0,28,0,917518,27,31,0,1300,40046,0,0,1300,637,16,7,0,0,16,False,False,False
2015-01-24,0,28,0,1179671,27,31,0,1301,40069,0,0,1301,637,16,7,0,0,16,False,False,False
2015-01-25,0,28,0,1310735,27,31,0,1302,40093,0,0,1302,637,16,7,0,0,16,False,False,False
2015-01-26,0,29,0,2359309,27,31,0,1303,40117,0,0,1303,637,16,7,0,0,16,False,False,False
2015-01-27,0,28,0,1376270,27,31,0,1304,40141,0,0,1304,637,16,7,0,0,16,False,False,False
2015-01-28,0,29,0,1769491,27,31,0,1305,40165,0,0,1305,637,16,7,0,0,16,False,False,False
2015-01-29,0,29,0,655380,27,31,0,1306,40189,0,0,1306,637,16,7,0,0,16,False,False,False
2015-01-30,0,29,0,1179660,27,31,0,1307,40214,0,0,1307,637,16,7,0,0,16,False,False,False
2015-01-31,0,30,0,458752,27,31,0,1308,40237,0,0,1308,637,16,7,0,0,16,False,False,False
2015-02-01,0,30,0,1048588,27,31,0,1309,40261,0,0,1309,637,16,7,0,0,16,False,False,False
2015-02-02,0,29,0,851988,27,31,0,1309,40286,0,0,1309,637,16,7,0,0,16,False,False,False
2015-02-03,0,29,0,851985,27,31,0,1310,40309,0,0,1310,637,16,7,0,0,16,False,False,False
2015-02-04,0,30,0,983050,27,31,0,1311,40333,0,0,1311,637,16,7,0,0,16,False,False,False
2015-02-05,0,29,0,851985,27,31,0,1312,40358,0,0,1312,637,16,7,0,0,16,False,False,False
2015-02-06,0,29,0,720910,27,31,0,1313,40381,0,0,1313,637,16,7,0,0,16,False,False,False
2015-02-07,0,30,0,589829,27,31,0,1314,40405,0,0,1314,637,16,7,0,0,16,False,False,False
2015-02-08,0,31,0,196615,27,31,0,1315,40429,0,0,1315,637,16,7,0,0,16,False,False,False
2015-02-09,0,31,0,458761,27,31,0,1316,40454,0,0,1316,637,16,7,0,0,16,False,False,False
2015-02-10,0,29,0,393224,27,31,0,1317,40477,0,0,1317,637,16,7,0,0,16,False,False,False
2015-02-11,0,30,0,2097171,27,31,0,1317,40501,0,0,1317,637,16,7,0,0,16,False,False,False
2015-02-12,0,30,0,2359301,27,31,0,1318,40526,0,0,1318,637,16,7,0,0,16,False,False,False
2015-02-13,0,30,0,524297,27,31,0,1319,40549,0,0,1319,637,16,7,0,0,16,False,False,False
2015-02-14,0,30,0,262157,27,31,0,1320,40573,0,0,1320,637,16,7,0,0,16,False,False,False
2015-02-15,0,30,0,393221,27,31,0,1321,40598,0,0,1321,637,16,7,0,0,16,False,False,False
2015-02-16,0,30,0,983045,27,31,0,1322,40621,0,0,1322,637,16,7,0,0,16,False,False,False
2015-02-17,0,30,0,524293,27,31,0,1323,40645,0,0,1323,637,16,7,0,0,16,False,False,False
2015-02-18,0,32,0,196611,27,31,0,1324,40669,0,0,1324,637,16,7,0,0,16,False,False,False
2015-02-19,0,32,0,851972,27,31,0,1325,40694,0,0,1325,637,16,7,0,0,16,False,False,False
2015-02-20,0,32,0,655371,27,31,0,1325,40717,0,0,1325,637,16,7,0,0,16,False,False,False
2015-02-21,0,32,0,327682,27,31,0,1326,40741,0,0,1326,637,16,7,0,0,16,False,False,False
2015-02-22,0,32,0,327684,27,31,0,1327,40766,0,0,1327,637,16,7,0,0,16,False,False,False
2015-02-23,0,32,0,1114125,27,31,0,1328,40789,0,0,1328,637,16,7,0,0,16,False,False,False
2015-02-24,0,31,0,393220,27,31,0,1329,40813,0,0,1329,637,16,7,0,0,16,False,False,False
2015-02-25,0,32,0,2555934,27,31,0,1330,40838,0,0,1330,637,16,7,0,0,16,False,False,False
2015-02-26,0,31,0,720910,27,31,0,1330,40862,0,0,1330,637,16,7,0,0,16,False,False,False
2015-02-27,0,32,0,196612,27,31,0,1331,40885,0,0,1331,637,16,7,0,0,16,False,False,False
2015-02-28,0,32,0,196615,27,31,0,1332,40909,0,0,1332,637,16,7,0,0,16,False,False,False
2015-03-01,0,31,0,2424857,27,31,0,1333,40934,0,0,1333,637,16,7,0,0,16,False,False,False
2015-03-02,0,31,0,2359310,27,31,0,1334,40957,0,0,1334,637,16,7,0,0,16,False,False,False
2015-03-03,0,31,0,2097235,27,31,0,1335,40981,0,0,1335,637,16,7,0,0,16,False,False,False
2015-03-04,0,32,0,1638416,27,31,0,1336,41005,0,0,1336,637,16,7,0,0,16,False,False,False
2015-03-05,0,32,0,2031807,27,31,0,1337,41029,0,0,1337,637,16,7,0,0,16,False,False,False
2015-03-06,0,32,0,1048659,27,31,0,1338,41053,0,0,1338,637,16,7,0,0,16,False,False,False
2015-03-07,0,32,0,1179664,27,31,0,1338,41077,0,0,1338,637,16,7,0,0,16,False,False,False
2015-03-08,0,31,0,786441,27,31,0,1339,41102,0,0,1339,637,16,7,0,0,16,False,False,False
2015-03-09,0,32,0,1114126,27,31,0,1340,41125,0,0,1340,637,16,7,0,0,16,False,False,False
2015-03-10,0,32,0,16384329,27,31,0,1341,41148,0,0,1341,637,16,7,0,0,16,False,False,False
2015-03-11,0,32,0,4325444,27,31,0,1342,41172,0,0,1342,637,17,7,0,0,17,False,False,False
2015-03-12,0,31,0,15663527,27,31,0,1343,41197,0,0,1343,637,19,7,0,0,19,False,False,False
2015-03-13,0,32,0,3145775,27,31,0,1343,41220,0,0,1343,637,19,7,0,0,19,False,False,False
2015-03-14,0,32,0,7012387,27,31,0,1344,41244,0,0,1344,637,19,7,0,0,19,False,False,False
2015-03-15,0,32,0,851979,27,31,0,1344,41268,0,0,1344,637,19,7,0,0,19,False,False,False
2015-03-16,0,31,0,14549009,27,31,0,1345,41292,0,0,1345,637,19,7,0,0,19,False,False,False
2015-03-17,0,32,0,8978579,27,31,0,1346,41316,0,0,1346,637,19,7,0,0,19,False,False,False
2015-03-18,0,32,0,74186792,27,31,0,1347,41340,0,0,1347,637,19,7,0,0,19,False,False,False
2015-03-19,0,33,0,26542428,27,31,0,1348,41365,0,0,1348,637,20,7,0,0,20,False,False,False
2015-03-20,0,32,0,4194349,27,31,0,1349,41388,0,0,1349,637,20,7,0,0,20,False,False,False
2015-03-21,0,31,0,17236216,27,31,0,1350,41412,0,0,1350,637,20,8,0,0,20,False,False,False
2015-03-22,0,31,0,1769491,27,31,0,1351,41437,0,0,1351,637,20,8,0,0,20,False,False,False
2015-03-23,0,31,0,21496474,27,31,0,1352,41460,0,0,1352,637,24,8,0,0,24,False,False,False
2015-03-24,0,31,0,2162720,27,31,0,1352,41484,0,0,1352,637,33,9,0,0,33,False,False,False
2015-03-25,0,31,0,3145767,27,31,0,1353,41509,0,0,1353,637,33,9,0,0,33,False,False,False
2015-03-26,0,31,0,4653067,27,31,0,1354,41532,0,0,1354,637,33,7,0,0,33,False,False,False
2015-03-27,0,31,0,393227,27,31,0,1355,41556,0,0,1355,637,33,7,0,0,33,False,False,False
2015-03-28,0,31,0,851978,27,31,0,1356,41581,0,0,1356,637,33,7,0,0,33,False,False,False
2015-03-29,0,31,0,393232,27,31,0,1356,41604,0,0,1356,637,33,7,0,0,33,False,False,False
2015-03-30,0,31,0,589834,27,31,0,1357,41628,0,0,1357,637,33,7,0,0,33,False,False,False
2015-03-31,0,31,0,458769,27,31,0,1358,41652,0,0,1358,637,33,7,0,0,33,False,False,False
2015-04-01,0,31,0,1310729,27,31,0,1358,41677,0,0,1358,637,33,7,0,0,33,False,False,False
2015-04-02,0,31,0,1769481,27,31,0,1359,41700,0,0,1359,637,33,7,0,0,33,False,False,False
2015-04-03,0,31,0,7798821,27,31,0,1360,41724,0,0,1360,637,33,7,0,0,33,False,False,False
2015-04-04,0,31,0,8585279,27,31,0,1361,41749,0,0,1361,637,33,7,0,0,33,False,False,False
2015-04-05,0,31,0,9371724,27,31,0,1362,41772,0,0,1362,637,35,7,0,0,35,False,False,False
2015-04-06,0,31,0,2883596,27,31,0,1363,41796,0,0,1363,637,35,7,0,0,35,False,False,False
2015-04-07,0,30,0,5046619,27,31,0,1364,41820,0,0,1364,637,35,7,0,0,35,False,False,False
2015-04-08,0,31,0,1114129,27,31,0,1364,41844,0,0,1364,637,35,7,0,0,35,False,False,False
2015-04-09,0,31,0,786439,27,31,0,1365,41868,0,0,1365,637,35,7,0,0,35,False,False,False
2015-04-10,0,31,0,3473447,27,31,0,1366,41892,0,0,1366,637,36,7,0,0,36,False,False,False
2015-04-11,0,30,0,9633834,27,31,0,1367,41917,0,0,1367,637,36,7,0,0,36,False,False,False
2015-04-12,0,30,0,14352423,27,31,0,1367,41940,0,0,1367,637,37,7,0,0,37,False,False,False
2015-04-13,0,31,0,1572884,27,31,0,1367,41964,0,0,1367,637,37,7,0,0,37,False,False,False
2015-04-14,0,31,0,655382,27,31,0,1368,41989,0,0,1368,637,37,7,0,0,37,False,False,False
2015-04-15,0,31,0,3342385,27,31,0,1369,42012,0,0,1369,637,37,7,0,0,37,False,False,False
2015-04-16,0,31,0,4718617,27,31,0,1370,42036,0,0,1370,637,37,7,0,0,37,False,False,False
2015-04-17,0,31,0,589837,27,31,0,1371,42061,0,0,1371,637,37,7,0,0,37,False,False,False
2015-04-18,0,31,0,1179665,27,31,0,1372,42084,0,0,1372,637,37,7,0,0,37,False,False,False
2015-04-19,0,33,0,1048588,27,31,0,1373,42108,0,0,1373,637,37,7,0,0,37,False,False,False
2015-04-20,0,34,0,196617,27,31,0,1374,42133,0,0,1374,637,37,7,0,0,37,False,False,False
2015-04-21,0,34,0,196612,27,31,0,1375,42156,0,0,1375,637,37,7,0,0,37,False,False,False
2015-04-22,0,34,0,2228235,27,31,0,1376,42180,0,0,1376,637,37,7,0,0,37,False,False,False
2015-04-23,0,34,0,1769487,27,31,0,1377,42204,0,0,1377,637,37,7,0,0,37,False,False,False
2015-04-24,0,34,0,2228236,27,31,0,1378,42229,0,0,1378,637,37,7,0,0,37,False,False,False
2015-04-25,0,33,0,1048605,27,31,0,1379,42252,0,0,1379,637,37,7,0,0,37,False,False,False
2015-04-26,0,33,0,3276822,27,31,0,1379,42276,0,0,1379,637,37,7,0,0,37,False,False,False
2015-04-27,0,33,0,2031641,27,31,0,1380,42301,0,0,1380,637,37,7,0,0,37,False,False,False
2015-04-28,0,35,0,851985,27,31,0,1381,42324,0,0,1381,637,37,7,0,0,37,False,False,False
2015-04-29,0,36,0,1441809,27,31,0,1381,42348,0,0,1381,637,37,7,0,0,37,False,False,False
2015-04-30,0,36,0,1900587,27,31,0,1382,42372,0,0,1382,637,37,7,0,0,37,False,False,False
2015-05-01,0,35,0,262159,27,31,0,1383,42397,0,0,1383,637,37,7,0,0,37,False,False,False
2015-05-02,0,33,0,1245210,27,31,0,1384,42420,0,0,1384,637,37,7,0,0,37,False,False,False
2015-05-03,0,33,0,589834,27,31,0,1385,42444,0,0,1385,637,37,7,0,0,37,False,False,False
2015-05-04,0,33,0,524324,27,31,0,1386,42469,0,0,1386,637,37,7,0,0,37,False,False,False
2015-05-05,0,34,0,131079,27,31,0,1387,42492,0,0,1387,637,37,7,0,0,37,True,False,False
2015-05-06,0,34,0,524301,27,31,0,1387,42516,0,0,1387,637,37,7,0,0,37,True,False,False
2015-05-07,0,34,0,196611,27,31,0,1388,42541,0,0,1388,637,37,7,0,0,37,True,False,False
2015-05-08,0,36,0,458760,27,31,0,1389,42564,0,0,1389,637,37,7,0,0,37,True,False,False
2015-05-09,0,35,0,393224,27,31,0,1390,42588,0,0,1390,637,37,7,0,0,37,True,False,False
2015-05-10,0,35,0,458756,27,31,0,1391,42612,0,0,1391,637,37,7,0,0,37,True,False,False
2015-05-11,0,36,0,2228244,27,31,0,1391,42636,0,0,1391,637,37,7,0,0,37,True,False,False
2015-05-12,0,36,0,720903,27,31,0,1392,42660,0,0,1392,637,37,7,0,0,37,True,False,False
2015-05-13,0,36,0,393217,27,31,0,1393,42684,0,0,1393,637,37,7,0,0,37,True,False,False
2015-05-14,0,36,0,851986,27,31,0,1394,42709,0,0,1394,637,37,7,0,0,37,True,False,False
2015-05-15,0,36,0,589831,27,31,0,1395,42732,0,0,1395,637,37,7,0,0,37,True,False,False
2015-05-16,0,36,0,262152,27,31,0,1395,42756,0,0,1395,637,37,7,0,0,37,True,False,False
2015-05-17,0,36,0,524294,27,31,0,1396,42781,0,0,1396,637,37,7,0,0,37,True,False,False
2015-05-18,0,36,0,851975,27,31,0,1397,42804,0,0,1397,637,37,7,0,0,37,True,False,False
2015-05-19,0,35,0,458757,27,31,0,1398,42828,0,0,1398,637,37,7,0,0,37,True,False,False
2015-05-20,0,36,0,458762,27,31,0,1399,42853,0,0,1399,637,37,7,0,0,37,True,True,False
2015-05-21,0,37,0,131076,27,31,0,1400,42877,0,0,1400,637,37,7,0,0,37,True,True,False
2015-05-22,0,38,0,262146,27,31,0,1401,42900,0,0,1401,637,37,7,0,0,37,True,True,False
2015-05-23,0,36,0,262149,27,31,0,1401,42924,0,0,1401,637,37,7,0,0,37,True,True,False
2015-05-24,0,37,0,720911,27,31,0,1402,42949,0,0,1402,637,37,7,0,0,37,True,True,False
2015-05-25,0,37,0,393218,27,31,0,1403,42972,0,0,1403,637,37,7,0,0,37,True,True,False
2015-05-26,0,36,0,786456,27,31,0,1403,42996,0,0,1403,637,37,7,0,0,37,True,True,False
2015-05-27,0,36,0,786454,27,31,0,1404,43021,0,0,1404,637,37,7,0,0,37,True,True,False
2015-05-28,0,36,0,786444,27,31,0,1405,43044,0,0,1405,637,37,7,0,0,37,True,True,False
2015-05-29,0,36,0,2097165,27,31,0,1406,43068,0,0,1406,637,37,7,0,0,37,True,True,False
2015-05-30,0,37,0,65547,27,31,0,1406,43092,0,0,1406,637,37,7,0,0,37,True,True,False
2015-05-31,0,37,0,458761,27,31,0,1407,43116,0,0,1407,637,37,7,0,0,37,True,True,False
2015-06-01,0,36,0,8978552,27,31,0,1408,43140,0,0,1408,637,38,7,0,0,38,True,True,False
2015-06-02,0,37,0,3080226,27,31,0,1409,43164,0,0,1409,637,38,7,0,0,38,True,True,False
2015-06-03,0,37,0,10551570,27,31,0,1410,43189,0,0,1410,637,38,7,0,0,38,True,True,True
2015-06-04,1,37,0,26149328,27,31,0,1411,43212,0,0,1411,637,47,7,0,0,47,True,True,True
